#!/bin/bash
set -euo pipefail
SCRIPT_DIR=$(cd "$(dirname "${BASH_SOURCE[0]}")" && pwd)
test-tcas () {
    diff -q <(${ANGELIX_RUN:-eval} ./tcas $1) <($SCRIPT_DIR/../golden/tcas $1) > /dev/null
}

case "$1" in
    1)
      test-tcas  "723 0 519 9 959 5767 3 248 73 0 0 1"
      ;;
    2)
      test-tcas  "740 0 502 579 359 5559 0 225 748 0 0 1"
      ;;
    3)
      test-tcas  "530 0 172 129 483 7141 0 721 445 0 1 1"
      ;;
    4)
      test-tcas  "951 1 533 890 724 2382 1 224 251 1 0 1"
      ;;
    5)
      test-tcas  "181 0 796 987 992 8182 0 891 384 1 1 1"
      ;;
    6)
      test-tcas  "188 1 566 329 113 8454 2 245 549 1 1 1"
      ;;
    7)
      test-tcas  "771 1 63 655 317 4516 3 694 8 0 0 1"
      ;;
    8)
      test-tcas  "75 0 657 336 120 3365 0 638 175 1 0 1"
      ;;
    9)
      test-tcas  "985 0 2 110 696 3244 3 573 587 0 1 1"
      ;;
    10)
      test-tcas  "99 1 399 629 404 1776 3 328 986 0 0 0"
      ;;
    11)
      test-tcas  "201 0 715 495 621 3755 2 390 5 0 0 0"
      ;;
    12)
      test-tcas  "126 0 193 342 313 3410 1 189 508 1 0 1"
      ;;
    13)
      test-tcas  "798 1 892 485 936 9663 3 220 60 1 0 1"
      ;;
    14)
      test-tcas  "918 1 202 760 212 2501 2 986 292 1 0 0"
      ;;
    15)
      test-tcas  "320 1 933 305 196 4153 2 942 998 0 1 1"
      ;;
    16)
      test-tcas  "416 1 914 321 683 246 0 907 790 1 0 0"
      ;;
    17)
      test-tcas  "381 0 752 195 550 3554 0 793 918 0 0 0"
      ;;
    18)
      test-tcas  "801 1 523 804 973 6322 1 991 504 0 0 0"
      ;;
    19)
      test-tcas  "447 1 598 372 662 6442 2 301 930 1 0 0"
      ;;
    20)
      test-tcas  "588 1 578 880 322 8025 0 988 441 0 1 1"
      ;;
    21)
      test-tcas  "875 1 460 762 417 8071 1 273 207 0 1 0"
      ;;
    22)
      test-tcas  "278 0 598 423 64 8073 2 450 104 0 1 0"
      ;;
    23)
      test-tcas  "862 1 874 65 453 2444 2 746 312 0 1 1"
      ;;
    24)
      test-tcas  "320 0 598 270 634 4645 2 88 570 0 0 0"
      ;;
    25)
      test-tcas  "175 1 221 938 742 6829 3 78 446 0 1 0"
      ;;
    26)
      test-tcas  "390 0 731 336 875 9693 1 698 378 1 1 1"
      ;;
    27)
      test-tcas  "799 0 828 334 774 6013 1 591 494 0 1 0"
      ;;
    28)
      test-tcas  "268 1 496 259 269 4103 2 187 266 1 0 0"
      ;;
    29)
      test-tcas  "909 1 451 305 67 6118 2 432 12 1 1 1"
      ;;
    30)
      test-tcas  "800 0 202 984 989 730 3 505 4 0 0 1"
      ;;
    31)
      test-tcas  "777 0 965 788 41 266 2 583 542 1 1 1"
      ;;
    32)
      test-tcas  "724 0 650 964 911 8899 2 516 848 0 0 0"
      ;;
    33)
      test-tcas  "515 0 328 196 506 907 2 166 881 1 0 1"
      ;;
    34)
      test-tcas  "372 0 219 889 955 6386 3 103 357 0 1 1"
      ;;
    35)
      test-tcas  "794 0 162 831 280 6110 3 487 212 0 1 1"
      ;;
    36)
      test-tcas  "495 0 820 114 416 7472 0 55 606 0 1 1"
      ;;
    37)
      test-tcas  "909 1 496 430 698 9631 0 463 208 0 1 1"
      ;;
    38)
      test-tcas  "735 0 399 201 154 8095 2 523 41 1 1 1"
      ;;
    39)
      test-tcas  "852 0 525 373 16 7046 3 368 518 0 1 1"
      ;;
    40)
      test-tcas  "510 0 961 254 789 1675 1 91 498 0 1 1"
      ;;
    41)
      test-tcas  "253 0 437 362 990 2773 3 51 258 1 1 1"
      ;;
    42)
      test-tcas  "303 0 286 941 275 1649 1 755 141 1 1 0"
      ;;
    43)
      test-tcas  "344 1 648 598 119 5273 0 61 400 1 0 1"
      ;;
    44)
      test-tcas  "645 0 820 401 516 9292 1 349 331 0 0 1"
      ;;
    45)
      test-tcas  "326 1 1 755 333 236 2 327 191 1 1 1"
      ;;
    46)
      test-tcas  "277 0 404 429 876 7854 2 221 698 1 1 1"
      ;;
    47)
      test-tcas  "778 0 782 303 129 4074 2 332 993 0 0 0"
      ;;
    48)
      test-tcas  "275 1 821 626 746 6592 0 185 907 0 1 1"
      ;;
esac
