#!/bin/bash
set -euo pipefail
SCRIPT_DIR=$(cd "$(dirname "${BASH_SOURCE[0]}")" && pwd)
test-tcas () {
    diff -q <(${ANGELIX_RUN:-eval} ./tcas $1) <($SCRIPT_DIR/../golden/tcas $1) > /dev/null
}

case "$1" in
    1)
      test-tcas  "971 0 811 90 487 7290 1 411 227 1 0 1"
      ;;
    2)
      test-tcas  "913 0 347 628 761 4403 3 261 758 0 0 1"
      ;;
    3)
      test-tcas  "517 1 998 491 347 3621 3 903 265 0 0 0"
      ;;
    4)
      test-tcas  "111 0 386 232 792 293 2 446 969 0 1 0"
      ;;
    5)
      test-tcas  "149 1 191 28 263 1105 2 955 254 1 1 1"
      ;;
    6)
      test-tcas  "157 0 704 982 381 9910 1 125 681 0 0 1"
      ;;
    7)
      test-tcas  "365 1 658 830 847 1455 2 228 549 1 0 0"
      ;;
    8)
      test-tcas  "511 0 558 563 793 6280 0 548 907 0 1 1"
      ;;
    9)
      test-tcas  "74 1 601 665 29 6344 0 813 508 0 0 1"
      ;;
    10)
      test-tcas  "285 1 922 282 810 6796 3 932 105 1 1 1"
      ;;
    11)
      test-tcas  "523 0 250 782 421 4940 1 624 547 1 0 1"
      ;;
    12)
      test-tcas  "197 0 133 692 776 2691 3 233 438 0 1 0"
      ;;
    13)
      test-tcas  "899 0 649 80 353 3828 3 255 655 0 0 1"
      ;;
    14)
      test-tcas  "592 1 72 950 99 1972 1 723 743 0 0 1"
      ;;
    15)
      test-tcas  "678 1 135 193 502 9588 3 798 175 1 1 1"
      ;;
    16)
      test-tcas  "205 0 508 97 805 2338 1 459 638 1 1 0"
      ;;
    17)
      test-tcas  "33 1 763 334 307 6811 3 302 901 0 0 0"
      ;;
    18)
      test-tcas  "588 1 469 732 922 3109 0 986 438 0 0 0"
      ;;
    19)
      test-tcas  "841 0 165 986 591 6815 3 867 807 0 0 0"
      ;;
    20)
      test-tcas  "411 1 777 807 766 7681 0 868 839 1 1 1"
      ;;
    21)
      test-tcas  "123 1 587 778 90 4845 0 563 971 1 1 1"
      ;;
    22)
      test-tcas  "49 1 95 481 436 531 2 872 529 0 0 1"
      ;;
    23)
      test-tcas  "951 0 115 139 807 6028 1 665 490 1 1 0"
      ;;
    24)
      test-tcas  "143 1 126 284 84 5312 1 918 175 0 1 0"
      ;;
    25)
      test-tcas  "151 1 310 568 388 2845 2 893 457 0 1 0"
      ;;
    26)
      test-tcas  "74 1 830 19 745 3036 0 111 462 1 1 0"
      ;;
    27)
      test-tcas  "342 1 782 613 937 9416 1 639 293 0 1 0"
      ;;
    28)
      test-tcas  "532 0 772 145 816 1885 0 463 122 1 1 0"
      ;;
    29)
      test-tcas  "141 1 414 890 974 344 2 392 21 0 0 1"
      ;;
    30)
      test-tcas  "610 1 985 588 476 2676 2 137 133 0 1 0"
      ;;
    31)
      test-tcas  "568 1 262 745 457 4423 2 820 250 0 0 1"
      ;;
    32)
      test-tcas  "107 1 957 209 598 6486 3 298 524 1 1 1"
      ;;
    33)
      test-tcas  "984 0 355 388 45 5947 3 233 968 0 0 1"
      ;;
    34)
      test-tcas  "979 0 627 377 982 3478 2 924 470 0 1 0"
      ;;
    35)
      test-tcas  "98 1 904 593 58 8929 2 382 426 0 1 0"
      ;;
    36)
      test-tcas  "118 1 492 381 955 4448 1 154 608 0 0 1"
      ;;
    37)
      test-tcas  "872 1 664 305 795 1978 0 819 680 0 1 1"
      ;;
    38)
      test-tcas  "888 0 216 631 641 9106 1 20 757 1 1 0"
      ;;
    39)
      test-tcas  "367 1 438 739 152 4119 0 275 601 0 1 0"
      ;;
    40)
      test-tcas  "112 1 350 867 479 7624 0 655 486 1 0 0"
      ;;
    41)
      test-tcas  "848 0 978 821 731 4327 2 775 411 0 1 0"
      ;;
    42)
      test-tcas  "431 0 35 847 778 4475 1 300 192 0 1 1"
      ;;
    43)
      test-tcas  "699 0 777 47 863 48 1 452 53 0 0 0"
      ;;
    44)
      test-tcas  "232 1 815 218 372 6083 1 732 648 0 0 0"
      ;;
    45)
      test-tcas  "967 0 493 110 226 2483 0 275 950 0 1 0"
      ;;
    46)
      test-tcas  "570 1 923 547 700 6306 3 914 185 0 0 0"
      ;;
    47)
      test-tcas  "583 0 3 885 15 8903 2 166 968 0 1 0"
      ;;
    48)
      test-tcas  "764 1 673 711 841 6277 1 990 943 0 0 1"
      ;;
esac
