#!/bin/bash
set -euo pipefail
SCRIPT_DIR=$(cd "$(dirname "${BASH_SOURCE[0]}")" && pwd)
test-tcas () {
    diff -q <(${ANGELIX_RUN:-eval} ./tcas $1) <($SCRIPT_DIR/../golden/tcas $1) > /dev/null
}

case "$1" in
    1)
      test-tcas  "786 1 687 967 679 1541 2 355 809 0 0 0"
      ;;
    2)
      test-tcas  "608 1 390 649 620 7452 0 814 850 1 0 0"
      ;;
    3)
      test-tcas  "237 0 473 827 29 3305 0 855 228 0 1 1"
      ;;
    4)
      test-tcas  "940 0 484 74 673 4978 3 464 128 0 0 1"
      ;;
    5)
      test-tcas  "39 1 910 784 917 1548 0 482 392 1 1 1"
      ;;
    6)
      test-tcas  "968 0 272 232 622 8985 1 894 654 1 1 0"
      ;;
    7)
      test-tcas  "599 0 199 527 799 6593 1 972 455 0 0 1"
      ;;
    8)
      test-tcas  "594 1 694 566 392 8752 2 435 732 1 1 1"
      ;;
    9)
      test-tcas  "715 0 484 373 60 6033 0 151 1 1 1 0"
      ;;
    10)
      test-tcas  "312 0 759 829 585 1026 1 727 708 1 0 1"
      ;;
    11)
      test-tcas  "794 0 750 948 480 5067 1 625 586 1 1 1"
      ;;
    12)
      test-tcas  "625 0 415 467 551 2701 2 217 429 0 0 0"
      ;;
    13)
      test-tcas  "418 1 107 594 574 964 1 399 511 0 0 0"
      ;;
    14)
      test-tcas  "862 0 342 288 832 562 3 114 880 0 1 0"
      ;;
    15)
      test-tcas  "683 0 836 465 133 5665 3 276 17 1 0 1"
      ;;
    16)
      test-tcas  "463 0 655 28 934 8389 0 248 794 1 0 0"
      ;;
    17)
      test-tcas  "3 0 811 513 514 3070 3 112 338 0 1 0"
      ;;
    18)
      test-tcas  "31 1 763 637 589 4167 1 560 318 0 1 1"
      ;;
    19)
      test-tcas  "301 0 175 846 490 4 1 275 286 1 1 1"
      ;;
    20)
      test-tcas  "716 1 890 381 956 2705 0 177 9 0 1 1"
      ;;
    21)
      test-tcas  "785 0 383 162 718 2414 1 900 321 1 1 0"
      ;;
    22)
      test-tcas  "735 1 991 102 438 1404 0 304 759 0 0 0"
      ;;
    23)
      test-tcas  "733 0 996 231 137 796 2 770 265 1 1 1"
      ;;
    24)
      test-tcas  "95 1 69 220 46 9486 1 373 417 1 0 1"
      ;;
    25)
      test-tcas  "973 1 830 628 850 1399 2 927 108 1 0 0"
      ;;
    26)
      test-tcas  "815 1 131 323 505 3416 0 190 201 0 0 1"
      ;;
    27)
      test-tcas  "993 0 349 203 305 2207 3 334 596 0 0 1"
      ;;
    28)
      test-tcas  "215 1 291 432 518 3832 2 23 187 0 0 1"
      ;;
    29)
      test-tcas  "860 0 404 975 821 5235 0 200 515 1 0 1"
      ;;
    30)
      test-tcas  "76 0 749 279 888 1717 3 863 439 0 0 1"
      ;;
    31)
      test-tcas  "388 1 712 440 785 9165 0 789 869 0 0 1"
      ;;
    32)
      test-tcas  "740 1 661 192 425 4119 3 308 596 1 0 0"
      ;;
    33)
      test-tcas  "236 1 671 495 62 8835 1 812 386 0 1 0"
      ;;
    34)
      test-tcas  "436 1 130 423 819 2174 0 799 961 0 0 1"
      ;;
    35)
      test-tcas  "866 1 403 442 442 611 1 744 26 1 0 0"
      ;;
    36)
      test-tcas  "415 1 824 12 913 6704 0 161 418 1 1 0"
      ;;
    37)
      test-tcas  "549 1 132 796 167 5169 0 644 434 0 1 1"
      ;;
    38)
      test-tcas  "691 0 960 524 71 9186 2 670 714 0 1 0"
      ;;
    39)
      test-tcas  "853 1 282 849 858 1697 0 336 515 0 0 1"
      ;;
    40)
      test-tcas  "441 1 665 248 552 8327 2 112 936 1 0 1"
      ;;
    41)
      test-tcas  "296 1 896 219 398 59 0 23 571 0 1 1"
      ;;
    42)
      test-tcas  "390 0 931 709 99 5062 1 539 226 1 1 0"
      ;;
    43)
      test-tcas  "88 0 270 835 574 9927 2 684 677 1 1 1"
      ;;
    44)
      test-tcas  "722 1 698 562 158 1210 1 707 54 1 1 0"
      ;;
    45)
      test-tcas  "165 1 904 87 549 8417 3 841 231 0 1 0"
      ;;
    46)
      test-tcas  "331 0 775 225 419 9588 0 385 596 1 1 1"
      ;;
    47)
      test-tcas  "930 1 156 87 454 244 0 538 870 0 0 1"
      ;;
    48)
      test-tcas  "478 0 622 841 610 5847 0 18 36 1 0 0"
      ;;
esac
