#!/bin/bash
set -euo pipefail
SCRIPT_DIR=$(cd "$(dirname "${BASH_SOURCE[0]}")" && pwd)
test-tcas () {
    diff -q <(${ANGELIX_RUN:-eval} ./tcas $1) <($SCRIPT_DIR/../golden/tcas $1) > /dev/null
}

case "$1" in
    1)
      test-tcas  "680 1 190 976 487 6902 2 413 27 1 0 1"
      ;;
    2)
      test-tcas  "623 0 592 724 219 5716 2 430 511 1 0 1"
      ;;
    3)
      test-tcas  "192 0 107 884 795 2421 2 499 687 0 1 0"
      ;;
    4)
      test-tcas  "471 1 947 869 444 1501 0 360 750 0 1 0"
      ;;
    5)
      test-tcas  "606 0 542 124 262 2876 0 831 399 0 1 1"
      ;;
    6)
      test-tcas  "296 0 478 771 418 5283 3 570 36 0 0 1"
      ;;
    7)
      test-tcas  "120 1 782 648 9 5798 1 523 329 1 0 1"
      ;;
    8)
      test-tcas  "177 1 843 648 864 7498 1 307 419 0 0 1"
      ;;
    9)
      test-tcas  "590 0 532 639 318 6623 2 497 509 1 0 0"
      ;;
    10)
      test-tcas  "493 1 889 809 692 7258 3 837 915 0 1 0"
      ;;
    11)
      test-tcas  "154 1 922 99 920 5342 1 545 994 0 0 0"
      ;;
    12)
      test-tcas  "874 1 805 410 392 4768 3 344 699 0 0 1"
      ;;
    13)
      test-tcas  "277 1 918 478 718 6563 0 491 769 0 1 1"
      ;;
    14)
      test-tcas  "522 0 803 820 717 7452 2 920 818 0 1 0"
      ;;
    15)
      test-tcas  "907 1 218 785 466 6684 0 738 793 0 0 1"
      ;;
    16)
      test-tcas  "164 0 63 653 810 9732 1 566 479 0 1 1"
      ;;
    17)
      test-tcas  "616 1 972 866 194 4392 3 778 842 0 0 1"
      ;;
    18)
      test-tcas  "169 1 889 765 178 8931 3 407 172 1 0 1"
      ;;
    19)
      test-tcas  "883 0 930 778 397 3215 3 459 43 1 0 1"
      ;;
    20)
      test-tcas  "613 0 289 799 164 2262 2 533 163 1 0 1"
      ;;
    21)
      test-tcas  "943 0 833 437 262 7307 2 77 268 0 0 1"
      ;;
    22)
      test-tcas  "302 1 465 63 818 2351 0 168 126 0 1 1"
      ;;
    23)
      test-tcas  "814 1 160 995 472 4204 0 603 771 0 0 0"
      ;;
    24)
      test-tcas  "51 1 900 805 321 1271 1 85 953 1 1 1"
      ;;
    25)
      test-tcas  "452 0 562 600 357 752 2 589 735 0 1 0"
      ;;
    26)
      test-tcas  "735 0 28 206 370 5541 3 469 16 0 0 0"
      ;;
    27)
      test-tcas  "144 0 568 499 416 912 0 583 623 1 0 1"
      ;;
    28)
      test-tcas  "886 1 695 632 162 7047 0 639 395 1 1 1"
      ;;
    29)
      test-tcas  "567 0 412 652 494 6666 3 93 491 0 1 1"
      ;;
    30)
      test-tcas  "873 1 868 968 895 7351 2 333 872 1 1 1"
      ;;
    31)
      test-tcas  "157 0 62 292 145 5722 2 418 658 1 0 1"
      ;;
    32)
      test-tcas  "939 1 323 82 929 5352 3 480 698 0 0 0"
      ;;
    33)
      test-tcas  "696 1 801 126 939 2239 0 904 398 0 0 1"
      ;;
    34)
      test-tcas  "615 0 263 738 8 751 1 635 426 0 0 1"
      ;;
    35)
      test-tcas  "252 0 935 94 769 9277 1 430 540 1 0 1"
      ;;
    36)
      test-tcas  "302 1 86 501 210 8286 0 536 323 0 1 0"
      ;;
    37)
      test-tcas  "900 0 489 881 406 4181 0 190 141 1 0 0"
      ;;
    38)
      test-tcas  "35 1 765 464 500 197 3 431 151 0 1 1"
      ;;
    39)
      test-tcas  "855 1 959 613 857 622 2 64 628 1 0 0"
      ;;
    40)
      test-tcas  "713 1 566 836 73 6891 1 144 337 1 1 0"
      ;;
    41)
      test-tcas  "934 1 470 422 274 3489 2 159 67 1 0 0"
      ;;
    42)
      test-tcas  "326 1 51 710 854 8244 3 33 813 1 0 0"
      ;;
    43)
      test-tcas  "484 0 939 805 475 5356 0 311 454 1 1 1"
      ;;
    44)
      test-tcas  "946 0 594 568 839 532 1 302 47 1 0 0"
      ;;
    45)
      test-tcas  "200 0 60 971 318 5731 0 607 183 0 0 1"
      ;;
    46)
      test-tcas  "519 1 873 326 155 6424 2 319 50 0 1 1"
      ;;
    47)
      test-tcas  "456 1 226 611 490 6791 2 254 100 0 0 0"
      ;;
    48)
      test-tcas  "731 1 45 993 6 8022 1 910 387 0 0 0"
      ;;
esac
