#!/bin/bash
set -euo pipefail
SCRIPT_DIR=$(cd "$(dirname "${BASH_SOURCE[0]}")" && pwd)
test-tcas () {
    diff -q <(${ANGELIX_RUN:-eval} ./tcas $1) <($SCRIPT_DIR/../golden/tcas $1) > /dev/null
}

case "$1" in
    1)
      test-tcas  "799 1 800 156 14 532 3 819 787 1 1 1"
      ;;
    2)
      test-tcas  "930 0 96 903 430 938 2 904 515 1 0 1"
      ;;
    3)
      test-tcas  "671 1 615 617 188 4953 3 683 3 0 1 0"
      ;;
    4)
      test-tcas  "689 1 398 750 478 4355 0 832 79 1 1 1"
      ;;
    5)
      test-tcas  "891 0 952 19 941 6144 0 567 486 1 0 0"
      ;;
    6)
      test-tcas  "762 0 443 536 821 4524 1 437 723 0 1 1"
      ;;
    7)
      test-tcas  "620 1 121 51 413 878 1 12 764 0 0 0"
      ;;
    8)
      test-tcas  "173 1 984 156 754 9995 2 655 89 1 1 0"
      ;;
    9)
      test-tcas  "276 0 435 29 841 4644 1 954 724 1 0 1"
      ;;
    10)
      test-tcas  "931 1 753 901 798 9210 1 650 992 1 1 1"
      ;;
    11)
      test-tcas  "541 0 412 87 200 6302 3 223 417 1 1 1"
      ;;
    12)
      test-tcas  "996 1 758 993 316 8231 2 507 637 1 0 1"
      ;;
    13)
      test-tcas  "573 0 200 82 291 7856 0 940 389 1 0 0"
      ;;
    14)
      test-tcas  "669 0 12 304 239 606 3 242 443 1 0 1"
      ;;
    15)
      test-tcas  "166 0 919 991 930 1517 0 452 41 0 1 1"
      ;;
    16)
      test-tcas  "772 1 977 686 168 7778 2 393 627 0 0 1"
      ;;
    17)
      test-tcas  "850 1 852 821 71 8682 3 718 773 0 0 1"
      ;;
    18)
      test-tcas  "236 1 291 531 320 932 0 738 899 1 1 1"
      ;;
    19)
      test-tcas  "185 1 665 309 22 7996 2 298 891 1 0 1"
      ;;
    20)
      test-tcas  "968 0 588 496 91 7676 0 903 902 1 0 1"
      ;;
    21)
      test-tcas  "742 0 93 954 96 2133 0 340 538 0 1 1"
      ;;
    22)
      test-tcas  "133 0 474 524 205 9468 1 892 255 1 1 0"
      ;;
    23)
      test-tcas  "514 1 770 129 332 5452 3 223 140 1 1 1"
      ;;
    24)
      test-tcas  "197 0 950 575 727 8159 3 818 333 0 1 0"
      ;;
    25)
      test-tcas  "756 1 150 337 157 7175 3 755 107 1 0 0"
      ;;
    26)
      test-tcas  "372 0 863 707 400 2586 3 359 148 0 0 1"
      ;;
    27)
      test-tcas  "502 0 680 858 103 7227 2 86 797 1 0 1"
      ;;
    28)
      test-tcas  "328 1 177 429 88 8585 3 724 950 1 1 0"
      ;;
    29)
      test-tcas  "249 0 689 328 957 4404 3 725 980 1 0 0"
      ;;
    30)
      test-tcas  "290 0 134 452 290 8338 0 142 429 1 0 1"
      ;;
    31)
      test-tcas  "558 1 643 30 964 8997 0 328 300 0 1 0"
      ;;
    32)
      test-tcas  "892 1 599 269 993 7444 3 162 625 0 0 0"
      ;;
    33)
      test-tcas  "574 1 727 910 949 4537 2 146 483 0 0 0"
      ;;
    34)
      test-tcas  "418 1 166 191 349 622 1 300 934 1 1 0"
      ;;
    35)
      test-tcas  "698 0 922 619 485 5798 3 297 287 1 0 1"
      ;;
    36)
      test-tcas  "284 1 822 759 926 9430 1 780 811 0 0 1"
      ;;
    37)
      test-tcas  "915 1 18 81 476 2717 3 257 434 1 1 0"
      ;;
    38)
      test-tcas  "900 0 225 674 528 7918 2 435 61 0 0 0"
      ;;
    39)
      test-tcas  "528 1 243 385 775 2370 3 221 37 0 0 0"
      ;;
    40)
      test-tcas  "271 0 916 656 827 4590 1 15 824 0 1 1"
      ;;
    41)
      test-tcas  "285 1 442 20 712 3654 0 248 239 0 0 0"
      ;;
    42)
      test-tcas  "962 0 15 870 315 1595 3 442 636 1 0 1"
      ;;
    43)
      test-tcas  "147 1 988 729 641 1829 1 324 96 1 1 0"
      ;;
    44)
      test-tcas  "300 1 209 846 301 4535 2 794 180 1 1 1"
      ;;
    45)
      test-tcas  "206 1 870 515 901 2568 1 762 915 0 0 1"
      ;;
    46)
      test-tcas  "932 0 97 12 973 8783 3 30 596 0 0 1"
      ;;
    47)
      test-tcas  "476 0 618 572 784 7650 1 585 570 0 1 1"
      ;;
    48)
      test-tcas  "107 1 194 277 756 728 1 752 485 1 1 0"
      ;;
esac
