#!/bin/bash
set -euo pipefail
SCRIPT_DIR=$(cd "$(dirname "${BASH_SOURCE[0]}")" && pwd)
test-tcas () {
    diff -q <(${ANGELIX_RUN:-eval} ./tcas $1) <($SCRIPT_DIR/../golden/tcas $1) > /dev/null
}

case "$1" in
    1)
      test-tcas  "750 0 34 852 911 7892 0 330 105 1 0 1"
      ;;
    2)
      test-tcas  "736 1 804 208 111 6941 3 637 667 1 1 1"
      ;;
    3)
      test-tcas  "621 0 124 486 310 4267 0 409 740 1 0 0"
      ;;
    4)
      test-tcas  "124 0 464 127 563 6404 1 368 326 1 1 0"
      ;;
    5)
      test-tcas  "594 1 903 206 955 6063 2 785 353 1 1 0"
      ;;
    6)
      test-tcas  "712 0 451 995 925 9596 0 614 467 1 0 0"
      ;;
    7)
      test-tcas  "451 0 840 262 548 5037 0 275 823 0 1 0"
      ;;
    8)
      test-tcas  "214 0 875 343 74 6293 1 464 911 0 1 0"
      ;;
    9)
      test-tcas  "236 0 63 830 216 214 0 993 642 1 1 1"
      ;;
    10)
      test-tcas  "581 1 318 947 961 2772 3 619 266 0 0 0"
      ;;
    11)
      test-tcas  "437 1 336 189 85 8580 3 163 107 1 1 0"
      ;;
    12)
      test-tcas  "844 0 544 686 995 4394 3 845 599 0 1 0"
      ;;
    13)
      test-tcas  "531 0 460 977 121 2081 0 773 712 0 0 1"
      ;;
    14)
      test-tcas  "184 1 842 432 744 9858 0 896 566 0 1 1"
      ;;
    15)
      test-tcas  "181 0 89 475 884 2290 0 366 800 0 0 0"
      ;;
    16)
      test-tcas  "649 1 116 21 742 9751 3 334 163 0 0 1"
      ;;
    17)
      test-tcas  "641 0 180 103 140 6615 1 565 766 1 0 1"
      ;;
    18)
      test-tcas  "188 0 70 647 428 4506 1 956 508 1 0 0"
      ;;
    19)
      test-tcas  "148 1 562 598 468 2413 3 147 343 0 1 0"
      ;;
    20)
      test-tcas  "913 1 95 245 538 9385 2 780 336 1 0 1"
      ;;
    21)
      test-tcas  "355 0 360 563 308 7876 1 738 780 0 0 1"
      ;;
    22)
      test-tcas  "775 0 714 689 469 6612 3 785 119 1 0 0"
      ;;
    23)
      test-tcas  "86 1 240 331 96 1059 2 455 943 1 1 0"
      ;;
    24)
      test-tcas  "42 0 699 878 424 7263 2 847 968 0 1 1"
      ;;
    25)
      test-tcas  "974 0 724 355 426 912 1 71 631 0 0 0"
      ;;
    26)
      test-tcas  "282 0 196 35 368 8032 3 594 756 0 1 0"
      ;;
    27)
      test-tcas  "753 0 40 562 381 6690 3 532 667 1 0 0"
      ;;
    28)
      test-tcas  "737 0 482 802 101 502 3 93 118 1 1 1"
      ;;
    29)
      test-tcas  "264 1 246 385 471 4603 3 882 534 0 0 0"
      ;;
    30)
      test-tcas  "280 0 206 932 978 3016 2 606 235 0 0 1"
      ;;
    31)
      test-tcas  "464 0 606 397 846 3079 0 946 611 1 1 1"
      ;;
    32)
      test-tcas  "356 1 203 678 82 7791 1 835 600 1 0 0"
      ;;
    33)
      test-tcas  "973 1 446 778 681 493 0 322 307 1 1 0"
      ;;
    34)
      test-tcas  "589 1 265 194 879 8372 1 371 151 0 1 1"
      ;;
    35)
      test-tcas  "961 1 978 41 930 1753 0 525 622 0 1 1"
      ;;
    36)
      test-tcas  "963 1 449 508 662 5048 3 294 461 1 0 0"
      ;;
    37)
      test-tcas  "418 0 809 720 841 2587 1 336 942 0 1 0"
      ;;
    38)
      test-tcas  "746 1 789 918 317 8360 2 120 894 1 1 0"
      ;;
    39)
      test-tcas  "89 1 138 980 923 2911 0 706 100 1 1 0"
      ;;
    40)
      test-tcas  "579 0 518 862 206 3297 3 537 900 1 0 0"
      ;;
    41)
      test-tcas  "635 0 839 334 258 3139 2 769 1 1 1 0"
      ;;
    42)
      test-tcas  "400 0 152 600 213 9311 3 655 855 1 0 0"
      ;;
    43)
      test-tcas  "794 1 945 929 353 9812 0 791 357 1 1 0"
      ;;
    44)
      test-tcas  "109 0 44 272 247 3773 2 686 136 1 0 0"
      ;;
    45)
      test-tcas  "599 1 237 90 925 9400 0 145 318 0 1 0"
      ;;
    46)
      test-tcas  "161 1 262 167 734 8965 1 275 321 0 1 0"
      ;;
    47)
      test-tcas  "938 0 937 80 308 1650 2 613 47 0 1 0"
      ;;
    48)
      test-tcas  "478 1 893 273 910 5256 0 929 710 1 0 1"
      ;;
esac
