#!/bin/bash
set -euo pipefail
SCRIPT_DIR=$(cd "$(dirname "${BASH_SOURCE[0]}")" && pwd)
test-tcas () {
    diff -q <(${ANGELIX_RUN:-eval} ./tcas $1) <($SCRIPT_DIR/../golden/tcas $1) > /dev/null
}

case "$1" in
    1)
      test-tcas  "432 0 177 791 107 7647 3 361 487 1 1 1"
      ;;
    2)
      test-tcas  "252 0 629 20 133 692 1 327 729 0 0 0"
      ;;
    3)
      test-tcas  "38 1 56 36 273 5777 3 879 101 1 0 0"
      ;;
    4)
      test-tcas  "626 1 984 549 112 6269 0 963 637 0 1 0"
      ;;
    5)
      test-tcas  "635 0 435 870 539 3209 2 757 556 1 1 1"
      ;;
    6)
      test-tcas  "938 1 413 70 976 1228 2 723 354 0 0 1"
      ;;
    7)
      test-tcas  "414 0 371 494 371 2194 2 474 481 1 0 0"
      ;;
    8)
      test-tcas  "709 1 461 155 495 3351 0 186 796 0 0 1"
      ;;
    9)
      test-tcas  "710 0 577 376 639 5165 1 368 105 0 0 0"
      ;;
    10)
      test-tcas  "84 0 418 711 929 5953 2 782 754 0 1 0"
      ;;
    11)
      test-tcas  "437 0 187 704 255 5728 3 80 514 0 1 1"
      ;;
    12)
      test-tcas  "453 1 960 393 121 409 2 395 891 1 1 1"
      ;;
    13)
      test-tcas  "768 1 318 681 671 9787 3 566 436 0 1 0"
      ;;
    14)
      test-tcas  "347 0 457 728 656 8238 1 66 670 1 0 0"
      ;;
    15)
      test-tcas  "681 0 728 438 234 6270 3 806 938 1 1 0"
      ;;
    16)
      test-tcas  "349 1 369 812 207 3482 2 64 697 1 1 1"
      ;;
    17)
      test-tcas  "219 1 118 559 605 9476 3 612 607 1 0 0"
      ;;
    18)
      test-tcas  "975 1 394 736 410 8635 2 832 221 1 1 1"
      ;;
    19)
      test-tcas  "568 0 851 497 744 7516 3 161 95 1 0 1"
      ;;
    20)
      test-tcas  "791 1 282 111 882 9846 0 583 746 0 0 1"
      ;;
    21)
      test-tcas  "310 1 162 375 178 3839 3 145 121 1 0 0"
      ;;
    22)
      test-tcas  "208 0 498 343 236 9646 1 533 13 0 1 1"
      ;;
    23)
      test-tcas  "466 1 119 947 538 1354 0 667 296 0 1 0"
      ;;
    24)
      test-tcas  "721 0 130 534 199 7952 1 62 813 1 0 0"
      ;;
    25)
      test-tcas  "162 0 902 730 590 1116 1 282 359 0 0 0"
      ;;
    26)
      test-tcas  "548 1 735 153 182 4572 0 293 371 0 0 0"
      ;;
    27)
      test-tcas  "50 1 187 562 255 90 3 808 704 0 1 1"
      ;;
    28)
      test-tcas  "909 1 11 861 917 8962 2 858 278 1 0 1"
      ;;
    29)
      test-tcas  "819 1 664 96 323 4965 3 804 276 1 0 1"
      ;;
    30)
      test-tcas  "423 0 501 121 10 5484 2 864 204 1 1 1"
      ;;
    31)
      test-tcas  "409 0 8 7 870 1531 1 839 214 1 0 1"
      ;;
    32)
      test-tcas  "359 1 705 497 519 4889 3 321 867 0 0 1"
      ;;
    33)
      test-tcas  "792 1 821 905 589 1590 0 951 838 0 0 1"
      ;;
    34)
      test-tcas  "712 0 303 752 911 5286 1 542 999 1 1 0"
      ;;
    35)
      test-tcas  "406 1 353 229 519 1916 1 929 832 1 1 0"
      ;;
    36)
      test-tcas  "343 0 384 161 0 8331 2 271 272 1 1 0"
      ;;
    37)
      test-tcas  "616 0 40 626 911 2228 0 301 731 0 0 0"
      ;;
    38)
      test-tcas  "661 0 868 652 729 8876 0 567 440 0 0 0"
      ;;
    39)
      test-tcas  "797 1 149 582 202 1703 0 165 71 1 0 1"
      ;;
    40)
      test-tcas  "570 0 513 672 897 8820 2 686 148 1 0 0"
      ;;
    41)
      test-tcas  "901 0 84 309 330 5983 3 260 805 1 1 1"
      ;;
    42)
      test-tcas  "677 0 209 922 183 8416 0 488 162 0 0 1"
      ;;
    43)
      test-tcas  "603 1 130 165 874 9204 0 894 836 1 1 1"
      ;;
    44)
      test-tcas  "975 0 442 327 81 757 3 122 991 1 1 1"
      ;;
    45)
      test-tcas  "397 1 690 98 742 8011 0 641 784 1 1 1"
      ;;
    46)
      test-tcas  "495 0 122 904 594 7700 2 5 127 0 0 1"
      ;;
    47)
      test-tcas  "232 0 308 892 402 7072 3 918 325 0 1 0"
      ;;
    48)
      test-tcas  "644 1 186 387 796 7962 3 354 396 0 1 1"
      ;;
esac
