#!/bin/bash
set -euo pipefail
SCRIPT_DIR=$(cd "$(dirname "${BASH_SOURCE[0]}")" && pwd)
test-tcas () {
    diff -q <(${ANGELIX_RUN:-eval} ./tcas $1) <($SCRIPT_DIR/../golden/tcas $1) > /dev/null
}

case "$1" in
    1)
      test-tcas  "641 0 721 915 861 3950 0 591 452 1 0 0"
      ;;
    2)
      test-tcas  "917 0 90 659 911 6606 3 599 241 1 0 1"
      ;;
    3)
      test-tcas  "312 1 398 744 851 2765 0 741 451 0 0 0"
      ;;
    4)
      test-tcas  "613 0 641 293 462 408 3 319 249 1 0 0"
      ;;
    5)
      test-tcas  "88 1 8 716 101 4315 3 410 314 0 1 1"
      ;;
    6)
      test-tcas  "175 1 660 589 531 9 2 75 282 0 1 1"
      ;;
    7)
      test-tcas  "662 0 349 437 323 7560 3 407 931 0 1 1"
      ;;
    8)
      test-tcas  "17 0 495 613 186 9081 3 794 617 1 1 0"
      ;;
    9)
      test-tcas  "966 0 416 81 432 9062 1 479 733 1 1 1"
      ;;
    10)
      test-tcas  "189 1 155 930 939 1619 1 706 540 0 0 0"
      ;;
    11)
      test-tcas  "867 1 905 975 270 3432 3 404 403 0 1 0"
      ;;
    12)
      test-tcas  "4 0 206 767 186 5468 2 516 459 1 1 0"
      ;;
    13)
      test-tcas  "796 0 64 804 551 628 2 661 911 1 0 0"
      ;;
    14)
      test-tcas  "898 1 795 626 609 8163 0 915 527 1 1 1"
      ;;
    15)
      test-tcas  "242 1 762 901 835 9146 0 29 556 0 0 0"
      ;;
    16)
      test-tcas  "98 0 300 426 984 340 3 408 87 0 1 0"
      ;;
    17)
      test-tcas  "282 1 905 330 590 6611 1 690 946 1 0 0"
      ;;
    18)
      test-tcas  "889 1 346 523 75 4511 3 658 486 1 1 0"
      ;;
    19)
      test-tcas  "607 0 558 736 649 1790 1 691 110 1 0 0"
      ;;
    20)
      test-tcas  "554 1 195 191 548 9461 1 825 89 0 0 1"
      ;;
    21)
      test-tcas  "700 0 399 172 623 4571 2 836 159 0 0 0"
      ;;
    22)
      test-tcas  "279 0 733 412 80 3049 1 613 516 1 1 0"
      ;;
    23)
      test-tcas  "116 0 386 369 78 2909 1 367 200 1 1 1"
      ;;
    24)
      test-tcas  "605 1 585 54 119 8685 3 975 452 0 1 0"
      ;;
    25)
      test-tcas  "40 1 736 161 531 8269 2 14 414 0 1 0"
      ;;
    26)
      test-tcas  "204 1 67 787 950 3252 0 714 558 1 0 1"
      ;;
    27)
      test-tcas  "567 0 609 39 582 3600 3 253 503 1 0 0"
      ;;
    28)
      test-tcas  "72 1 999 321 22 6752 2 426 296 0 0 1"
      ;;
    29)
      test-tcas  "370 0 109 29 731 349 1 863 925 1 1 1"
      ;;
    30)
      test-tcas  "420 1 607 806 714 6447 2 506 750 1 0 1"
      ;;
    31)
      test-tcas  "710 1 467 392 694 3543 0 130 605 1 0 0"
      ;;
    32)
      test-tcas  "837 0 29 488 964 770 0 191 714 1 1 0"
      ;;
    33)
      test-tcas  "954 0 542 820 275 6471 3 272 57 0 0 0"
      ;;
    34)
      test-tcas  "526 1 143 956 462 774 2 835 642 0 1 0"
      ;;
    35)
      test-tcas  "41 0 993 127 106 8977 0 937 100 1 0 0"
      ;;
    36)
      test-tcas  "678 0 748 575 324 9402 3 902 238 1 0 1"
      ;;
    37)
      test-tcas  "594 0 763 635 804 5889 3 866 602 1 1 1"
      ;;
    38)
      test-tcas  "288 0 308 934 439 1341 1 374 771 0 1 1"
      ;;
    39)
      test-tcas  "577 1 725 715 369 4625 2 45 933 0 0 0"
      ;;
    40)
      test-tcas  "969 1 791 419 927 8744 2 556 406 1 1 0"
      ;;
    41)
      test-tcas  "723 0 632 213 867 3468 2 954 60 0 0 0"
      ;;
    42)
      test-tcas  "585 1 313 224 378 579 3 475 108 1 1 0"
      ;;
    43)
      test-tcas  "128 0 722 710 712 4564 3 743 479 1 0 1"
      ;;
    44)
      test-tcas  "743 0 617 421 816 5899 3 352 951 0 1 1"
      ;;
    45)
      test-tcas  "727 0 617 839 109 8150 2 426 395 0 1 1"
      ;;
    46)
      test-tcas  "469 0 606 891 571 3784 2 857 857 0 0 0"
      ;;
    47)
      test-tcas  "555 0 376 132 465 7037 3 433 861 1 1 0"
      ;;
    48)
      test-tcas  "618 0 446 252 494 5247 3 106 102 1 0 1"
      ;;
esac
