#!/bin/bash
set -euo pipefail
SCRIPT_DIR=$(cd "$(dirname "${BASH_SOURCE[0]}")" && pwd)
test-tcas () {
    diff -q <(${ANGELIX_RUN:-eval} ./tcas $1) <($SCRIPT_DIR/../golden/tcas $1) > /dev/null
}

case "$1" in
    1)
      test-tcas  "454 1 892 684 922 4390 1 233 859 0 1 1"
      ;;
    2)
      test-tcas  "463 1 462 185 506 5171 3 577 507 1 0 0"
      ;;
    3)
      test-tcas  "82 0 917 383 643 7620 1 220 402 1 1 0"
      ;;
    4)
      test-tcas  "346 1 863 185 421 9303 3 338 703 1 1 0"
      ;;
    5)
      test-tcas  "709 0 198 980 340 6001 0 175 169 1 1 0"
      ;;
    6)
      test-tcas  "912 0 698 140 955 8570 3 246 767 0 1 0"
      ;;
    7)
      test-tcas  "847 1 879 513 650 9989 0 137 559 0 0 1"
      ;;
    8)
      test-tcas  "558 1 492 546 734 3996 3 199 108 0 0 0"
      ;;
    9)
      test-tcas  "590 0 919 262 35 3977 3 597 485 1 1 0"
      ;;
    10)
      test-tcas  "683 1 844 762 860 2823 1 354 598 0 0 0"
      ;;
    11)
      test-tcas  "324 0 898 416 590 1139 1 134 848 1 0 1"
      ;;
    12)
      test-tcas  "875 1 547 334 322 2553 1 607 168 1 1 1"
      ;;
    13)
      test-tcas  "956 1 241 117 824 964 2 290 258 0 1 1"
      ;;
    14)
      test-tcas  "409 1 857 237 596 5313 2 804 299 0 1 0"
      ;;
    15)
      test-tcas  "558 1 648 783 183 2868 2 463 615 1 1 1"
      ;;
    16)
      test-tcas  "567 0 359 558 821 2203 2 84 669 1 0 0"
      ;;
    17)
      test-tcas  "540 0 810 852 283 1799 2 856 427 1 1 0"
      ;;
    18)
      test-tcas  "505 0 101 409 170 9753 3 988 423 0 1 1"
      ;;
    19)
      test-tcas  "719 1 700 363 129 4224 1 738 988 1 0 0"
      ;;
    20)
      test-tcas  "677 1 939 82 279 3162 2 267 841 0 0 0"
      ;;
    21)
      test-tcas  "908 1 13 12 793 5399 3 569 775 1 0 1"
      ;;
    22)
      test-tcas  "61 0 268 743 861 3451 1 510 381 1 0 0"
      ;;
    23)
      test-tcas  "899 0 554 604 305 1317 2 746 702 1 0 1"
      ;;
    24)
      test-tcas  "679 0 583 167 881 8180 1 19 357 0 0 1"
      ;;
    25)
      test-tcas  "957 1 632 31 762 1237 2 8 87 0 0 1"
      ;;
    26)
      test-tcas  "155 0 540 317 903 7889 1 564 728 1 0 1"
      ;;
    27)
      test-tcas  "200 0 782 197 884 9195 2 777 467 1 1 1"
      ;;
    28)
      test-tcas  "321 1 466 779 481 2900 3 935 771 1 1 0"
      ;;
    29)
      test-tcas  "477 1 351 533 526 5380 3 955 614 1 1 0"
      ;;
    30)
      test-tcas  "93 0 488 330 730 7626 3 439 613 0 1 1"
      ;;
    31)
      test-tcas  "631 1 783 6 888 798 3 968 394 0 0 0"
      ;;
    32)
      test-tcas  "142 1 724 175 423 2052 2 738 874 1 1 0"
      ;;
    33)
      test-tcas  "252 1 635 776 419 1098 2 65 327 1 0 1"
      ;;
    34)
      test-tcas  "76 1 213 625 262 2516 0 687 919 1 1 1"
      ;;
    35)
      test-tcas  "299 0 655 901 659 7976 3 172 966 0 1 0"
      ;;
    36)
      test-tcas  "158 1 523 244 171 6455 2 77 471 1 1 0"
      ;;
    37)
      test-tcas  "218 0 467 742 524 9046 3 807 484 1 0 0"
      ;;
    38)
      test-tcas  "786 0 217 740 748 8253 3 421 564 1 1 1"
      ;;
    39)
      test-tcas  "406 1 674 979 762 9579 0 847 63 1 0 1"
      ;;
    40)
      test-tcas  "235 0 615 134 238 5847 0 211 99 1 1 1"
      ;;
    41)
      test-tcas  "174 0 447 370 599 2013 0 171 988 0 1 0"
      ;;
    42)
      test-tcas  "413 0 523 975 654 232 0 265 491 0 0 0"
      ;;
    43)
      test-tcas  "544 1 891 683 806 1619 1 456 536 1 0 1"
      ;;
    44)
      test-tcas  "626 0 886 638 913 2527 3 98 153 0 1 0"
      ;;
    45)
      test-tcas  "536 1 763 431 681 9244 2 648 54 0 0 0"
      ;;
    46)
      test-tcas  "589 0 523 973 108 5730 2 446 822 1 1 1"
      ;;
    47)
      test-tcas  "789 1 342 317 704 4500 2 899 835 1 0 0"
      ;;
    48)
      test-tcas  "193 0 392 847 292 830 3 365 953 1 1 1"
      ;;
esac
