#!/bin/bash
set -euo pipefail
SCRIPT_DIR=$(cd "$(dirname "${BASH_SOURCE[0]}")" && pwd)
test-tcas () {
    diff -q <(${ANGELIX_RUN:-eval} ./tcas $1) <($SCRIPT_DIR/../golden/tcas $1) > /dev/null
}

case "$1" in
    1)
      test-tcas  "782 0 475 412 394 9107 3 978 589 1 0 1"
      ;;
    2)
      test-tcas  "187 0 563 536 8 6714 1 851 352 0 0 1"
      ;;
    3)
      test-tcas  "295 0 906 112 381 9413 1 551 497 1 0 1"
      ;;
    4)
      test-tcas  "920 0 219 829 813 1187 2 416 711 1 0 1"
      ;;
    5)
      test-tcas  "885 0 887 815 800 2868 2 83 277 1 1 0"
      ;;
    6)
      test-tcas  "403 1 450 931 631 8996 0 312 52 1 0 0"
      ;;
    7)
      test-tcas  "273 1 502 239 908 1749 1 71 260 1 0 0"
      ;;
    8)
      test-tcas  "353 0 565 997 127 7353 0 390 268 1 0 0"
      ;;
    9)
      test-tcas  "836 0 972 787 594 5823 1 547 680 0 1 1"
      ;;
    10)
      test-tcas  "80 0 924 51 152 8831 0 574 334 0 0 0"
      ;;
    11)
      test-tcas  "24 0 508 224 559 2814 3 816 146 1 1 1"
      ;;
    12)
      test-tcas  "600 0 789 31 718 5270 0 354 195 1 0 0"
      ;;
    13)
      test-tcas  "37 1 933 109 530 1383 1 574 973 1 0 0"
      ;;
    14)
      test-tcas  "514 0 773 164 683 5802 3 916 368 0 1 1"
      ;;
    15)
      test-tcas  "310 0 306 192 432 496 3 978 670 1 1 1"
      ;;
    16)
      test-tcas  "305 0 250 990 194 4146 0 619 704 1 1 0"
      ;;
    17)
      test-tcas  "610 0 18 212 668 1534 3 513 135 1 0 1"
      ;;
    18)
      test-tcas  "981 0 330 610 171 2759 0 764 957 0 0 0"
      ;;
    19)
      test-tcas  "766 0 98 800 951 2025 3 708 333 0 1 0"
      ;;
    20)
      test-tcas  "230 1 241 985 395 3983 3 840 90 1 1 1"
      ;;
    21)
      test-tcas  "351 0 716 442 333 2362 2 35 520 1 0 0"
      ;;
    22)
      test-tcas  "502 0 252 361 961 799 2 721 482 0 0 0"
      ;;
    23)
      test-tcas  "832 1 97 694 363 9361 2 571 290 1 1 0"
      ;;
    24)
      test-tcas  "687 1 456 134 176 2297 0 491 455 0 0 1"
      ;;
    25)
      test-tcas  "3 1 338 98 530 3055 2 229 994 1 1 1"
      ;;
    26)
      test-tcas  "308 1 53 747 166 1490 1 863 788 1 0 0"
      ;;
    27)
      test-tcas  "737 0 860 509 428 5557 2 656 330 1 1 0"
      ;;
    28)
      test-tcas  "399 1 962 426 751 5580 3 376 134 0 0 0"
      ;;
    29)
      test-tcas  "339 0 467 762 285 3385 1 102 133 1 0 0"
      ;;
    30)
      test-tcas  "483 1 884 840 369 1305 0 835 514 0 0 1"
      ;;
    31)
      test-tcas  "63 0 248 904 801 7104 1 846 674 0 0 1"
      ;;
    32)
      test-tcas  "315 1 168 4 108 471 2 676 301 1 0 1"
      ;;
    33)
      test-tcas  "568 0 799 414 438 4658 1 997 996 0 1 1"
      ;;
    34)
      test-tcas  "314 1 76 999 123 3295 1 224 362 1 1 1"
      ;;
    35)
      test-tcas  "366 0 506 130 602 7249 0 749 91 1 0 0"
      ;;
    36)
      test-tcas  "854 1 313 344 988 9672 2 26 277 1 0 1"
      ;;
    37)
      test-tcas  "553 1 850 827 370 9150 0 412 958 0 0 0"
      ;;
    38)
      test-tcas  "818 1 928 72 779 985 1 720 806 1 1 0"
      ;;
    39)
      test-tcas  "365 0 984 634 683 5291 2 791 827 1 1 0"
      ;;
    40)
      test-tcas  "101 0 936 860 928 7576 0 134 18 1 0 0"
      ;;
    41)
      test-tcas  "349 0 52 756 180 3015 3 739 110 1 0 0"
      ;;
    42)
      test-tcas  "969 0 260 763 132 9491 0 562 749 0 1 1"
      ;;
    43)
      test-tcas  "202 1 980 194 80 6850 2 963 851 1 1 1"
      ;;
    44)
      test-tcas  "438 1 872 403 880 625 3 428 308 0 1 0"
      ;;
    45)
      test-tcas  "556 0 725 404 794 7671 3 400 732 1 1 0"
      ;;
    46)
      test-tcas  "113 1 207 656 371 8871 1 768 610 0 0 1"
      ;;
    47)
      test-tcas  "266 1 211 102 163 121 1 738 922 0 0 1"
      ;;
    48)
      test-tcas  "118 1 235 188 883 7402 2 247 129 0 1 0"
      ;;
esac
