#!/bin/bash
set -euo pipefail
SCRIPT_DIR=$(cd "$(dirname "${BASH_SOURCE[0]}")" && pwd)
test-tcas () {
    diff -q <(${ANGELIX_RUN:-eval} ./tcas $1) <($SCRIPT_DIR/../golden/tcas $1) > /dev/null
}

case "$1" in
    1)
      test-tcas  "0 0 0 0 0 0 0 0 0 0 1 0"
      ;;
    2)
      test-tcas  "2272 1 0 6096 16 4336 0 -10000 6256 0 1 0"
      ;;
    3)
      test-tcas  "6160 1 1 2288 16 -10000 0 -16 -2320 0 2 0"
      ;;
    4)
      test-tcas  "1264 1 1 -10000 -9872 -911 0 -8192 4336 0 2 0"
      ;;
    5)
      test-tcas  "601 1 1 -9094 80 -9094 0 6252 6360 0 2 1"
      ;;
    6)
      test-tcas  "5272 1 1 2736 112 2256 0 -4196 -1936 0 2 0"
      ;;
    7)
      test-tcas  "6320 1 1 -1936 16 6352 3 -104 -10000 0 2 1"
      ;;
    8)
      test-tcas  "5272 1 1 2736 112 2256 1 -4196 -1936 0 2 0"
      ;;
    9)
      test-tcas  "2936 1 1 -1967 -4880 -4032 0 2288 2288 0 2 0"
      ;;
    10)
      test-tcas  "6320 1 1 -1936 16 6352 1 -104 -10000 0 2 1"
      ;;
    11)
      test-tcas  "6320 1 1 -1936 16 6352 2 -104 -10000 0 2 1"
      ;;
    12)
      test-tcas  "1776 1 1 6368 80 6370 2 2300 2064 0 2 1"
      ;;
    13)
      test-tcas  "2936 1 1 6097 -4880 5360 1 2288 2288 0 2 0"
      ;;
    14)
      test-tcas  "3088 1 1 -8080 -9104 -6928 1 6380 1264 0 2 1"
      ;;
    15)
      test-tcas  "2920 1 1 2161 -4496 2160 3 2288 2288 0 2 0"
      ;;
    16)
      test-tcas  "2328 1 1 -1935 -4592 -5520 2 2288 2288 0 2 0"
      ;;
    17)
      test-tcas  "6320 1 1 -1936 16 6352 0 -104 -10000 0 2 1"
      ;;
    18)
      test-tcas  "5272 1 1 2736 112 2256 3 -4196 -1936 0 2 0"
      ;;
    19)
      test-tcas  "5272 1 1 2736 112 2256 2 -4196 -1936 0 2 0"
      ;;
    20)
      test-tcas  "6320 1 1 -880 -1872 2288 0 6332 752 0 2 1"
      ;;
    21)
      test-tcas  "3296 1 1 -8944 -10000 5328 3 3997 4096 0 2 1"
      ;;
esac
