#!/bin/bash
set -euo pipefail
SCRIPT_DIR=$(cd "$(dirname "${BASH_SOURCE[0]}")" && pwd)
test-tcas () {
    diff -q <(${ANGELIX_RUN:-eval} ./tcas $1) <($SCRIPT_DIR/../golden/tcas $1) > /dev/null
}

case "$1" in
    1)
      test-tcas  "920 0 124 629 232 9347 2 144 225 1 1 0"
      ;;
    2)
      test-tcas  "454 1 672 717 930 9570 2 440 792 1 1 1"
      ;;
    3)
      test-tcas  "464 1 396 947 210 5581 3 745 396 1 0 1"
      ;;
    4)
      test-tcas  "713 1 508 259 318 1763 3 449 121 1 0 1"
      ;;
    5)
      test-tcas  "418 0 678 667 734 6607 3 461 935 0 0 1"
      ;;
    6)
      test-tcas  "703 1 710 209 969 4231 2 213 203 1 0 0"
      ;;
    7)
      test-tcas  "347 0 328 345 726 1869 1 833 500 1 0 1"
      ;;
    8)
      test-tcas  "94 0 808 288 557 3897 2 615 4 0 0 1"
      ;;
    9)
      test-tcas  "118 0 255 141 203 7740 0 734 413 1 1 1"
      ;;
    10)
      test-tcas  "616 1 885 302 794 8902 1 147 15 1 1 1"
      ;;
    11)
      test-tcas  "788 1 671 483 53 1483 0 909 136 0 1 0"
      ;;
    12)
      test-tcas  "755 0 204 688 564 6854 0 522 788 0 0 0"
      ;;
    13)
      test-tcas  "205 1 559 794 105 6611 0 684 909 0 0 0"
      ;;
    14)
      test-tcas  "774 0 384 876 883 6662 2 645 104 0 1 0"
      ;;
    15)
      test-tcas  "363 0 318 88 367 7102 1 520 298 0 1 0"
      ;;
    16)
      test-tcas  "723 0 191 891 219 7624 1 240 172 1 0 1"
      ;;
    17)
      test-tcas  "790 0 297 505 610 428 0 357 706 0 0 0"
      ;;
    18)
      test-tcas  "325 0 309 889 935 2013 0 707 519 0 1 1"
      ;;
    19)
      test-tcas  "475 0 190 79 683 1868 0 926 117 1 0 1"
      ;;
    20)
      test-tcas  "907 0 658 553 885 9851 0 995 460 0 1 0"
      ;;
    21)
      test-tcas  "150 1 495 306 215 5051 1 462 587 0 0 1"
      ;;
    22)
      test-tcas  "771 1 118 536 456 7093 0 576 317 1 1 0"
      ;;
    23)
      test-tcas  "911 1 518 328 615 6206 2 504 282 0 1 1"
      ;;
    24)
      test-tcas  "647 0 735 387 555 929 1 805 777 0 0 1"
      ;;
    25)
      test-tcas  "486 1 627 765 507 2065 2 713 75 0 0 0"
      ;;
    26)
      test-tcas  "156 0 761 639 352 8408 1 241 44 0 0 1"
      ;;
    27)
      test-tcas  "670 0 714 542 20 3894 2 894 978 0 0 0"
      ;;
    28)
      test-tcas  "405 0 105 993 774 7110 0 727 690 0 1 0"
      ;;
    29)
      test-tcas  "694 1 98 233 570 2600 3 651 947 1 0 1"
      ;;
    30)
      test-tcas  "143 1 44 786 50 9060 2 299 358 0 1 0"
      ;;
    31)
      test-tcas  "569 1 319 752 46 2389 0 372 836 1 0 1"
      ;;
    32)
      test-tcas  "109 1 277 172 826 1611 3 218 712 1 0 1"
      ;;
    33)
      test-tcas  "671 0 542 452 544 2917 1 453 510 0 0 0"
      ;;
    34)
      test-tcas  "490 0 678 701 629 1491 0 694 298 1 0 0"
      ;;
    35)
      test-tcas  "107 1 538 915 66 2417 1 974 419 1 1 1"
      ;;
    36)
      test-tcas  "632 0 305 232 698 739 1 112 207 0 1 0"
      ;;
    37)
      test-tcas  "625 1 457 31 818 6746 1 235 147 0 1 0"
      ;;
    38)
      test-tcas  "414 1 550 357 481 5731 0 806 697 0 1 0"
      ;;
    39)
      test-tcas  "106 0 854 132 18 1818 2 852 711 0 0 1"
      ;;
    40)
      test-tcas  "924 0 474 778 302 3016 3 707 184 1 1 1"
      ;;
    41)
      test-tcas  "912 0 681 279 375 9390 2 340 644 0 1 1"
      ;;
    42)
      test-tcas  "358 1 698 320 987 8159 2 407 238 1 1 1"
      ;;
    43)
      test-tcas  "616 0 224 979 623 8649 1 365 137 1 1 1"
      ;;
    44)
      test-tcas  "278 1 435 496 478 6319 0 464 497 1 0 0"
      ;;
    45)
      test-tcas  "893 0 181 908 780 8577 2 110 768 0 0 0"
      ;;
    46)
      test-tcas  "644 0 485 841 708 5761 2 986 658 0 0 0"
      ;;
    47)
      test-tcas  "597 1 359 449 17 8541 0 417 593 0 1 0"
      ;;
    48)
      test-tcas  "256 1 307 415 260 8018 0 827 925 0 0 0"
      ;;
esac
