#!/bin/bash
set -euo pipefail
SCRIPT_DIR=$(cd "$(dirname "${BASH_SOURCE[0]}")" && pwd)
test-tcas () {
    diff -q <(${ANGELIX_RUN:-eval} ./tcas $1) <($SCRIPT_DIR/../golden/tcas $1) > /dev/null
}

case "$1" in
    1)
      test-tcas  "679 0 755 977 459 8335 0 794 164 0 0 1"
      ;;
    2)
      test-tcas  "393 1 701 881 524 6637 0 341 256 0 0 0"
      ;;
    3)
      test-tcas  "699 1 401 977 322 478 0 719 37 1 1 0"
      ;;
    4)
      test-tcas  "667 1 696 61 44 9064 2 345 46 1 0 1"
      ;;
    5)
      test-tcas  "925 0 768 946 408 4470 2 201 167 1 1 0"
      ;;
    6)
      test-tcas  "427 0 601 10 674 2903 3 211 668 0 0 0"
      ;;
    7)
      test-tcas  "191 1 299 431 285 6619 2 509 43 1 0 1"
      ;;
    8)
      test-tcas  "357 1 374 63 430 4146 2 959 263 1 1 0"
      ;;
    9)
      test-tcas  "776 0 323 924 705 9456 1 99 906 1 0 0"
      ;;
    10)
      test-tcas  "278 1 680 654 33 2111 0 847 698 0 0 0"
      ;;
    11)
      test-tcas  "825 1 155 8 78 305 0 795 48 1 0 0"
      ;;
    12)
      test-tcas  "876 0 476 521 536 6981 1 760 395 1 0 1"
      ;;
    13)
      test-tcas  "508 1 196 885 966 5949 3 479 460 1 0 1"
      ;;
    14)
      test-tcas  "191 0 929 342 159 80 1 826 870 0 1 0"
      ;;
    15)
      test-tcas  "487 1 261 462 508 7287 3 834 124 1 0 0"
      ;;
    16)
      test-tcas  "499 1 31 144 353 1992 1 5 411 0 0 0"
      ;;
    17)
      test-tcas  "456 1 620 456 953 323 1 989 487 1 0 1"
      ;;
    18)
      test-tcas  "535 1 504 27 404 6139 3 557 548 1 1 0"
      ;;
    19)
      test-tcas  "826 1 493 218 718 2372 3 129 910 0 0 0"
      ;;
    20)
      test-tcas  "197 0 864 68 110 7957 3 622 243 1 0 0"
      ;;
    21)
      test-tcas  "819 1 952 214 632 4842 2 400 144 1 0 0"
      ;;
    22)
      test-tcas  "176 1 736 438 324 2250 3 340 975 0 1 1"
      ;;
    23)
      test-tcas  "537 1 494 377 292 6455 3 671 118 1 0 0"
      ;;
    24)
      test-tcas  "158 0 788 96 409 3878 1 221 113 0 1 0"
      ;;
    25)
      test-tcas  "785 0 733 769 690 3297 0 996 575 1 1 0"
      ;;
    26)
      test-tcas  "532 0 883 594 904 9368 1 709 272 1 1 0"
      ;;
    27)
      test-tcas  "699 1 973 254 542 4522 2 833 373 1 1 1"
      ;;
    28)
      test-tcas  "760 1 300 856 923 9575 0 143 556 1 0 1"
      ;;
    29)
      test-tcas  "467 1 615 132 975 5129 0 358 463 1 0 0"
      ;;
    30)
      test-tcas  "833 0 145 974 108 6020 1 561 859 1 0 1"
      ;;
    31)
      test-tcas  "687 0 645 944 493 9633 0 433 861 0 1 1"
      ;;
    32)
      test-tcas  "481 0 284 366 158 6002 1 48 636 1 0 0"
      ;;
    33)
      test-tcas  "158 1 676 867 394 3026 3 72 151 0 0 0"
      ;;
    34)
      test-tcas  "56 1 428 856 234 4118 2 575 829 0 1 1"
      ;;
    35)
      test-tcas  "145 1 286 438 54 7885 1 455 296 0 1 1"
      ;;
    36)
      test-tcas  "249 1 211 512 788 300 3 532 845 1 1 1"
      ;;
    37)
      test-tcas  "406 1 608 526 742 8993 3 840 830 0 0 1"
      ;;
    38)
      test-tcas  "67 1 363 307 596 6992 1 404 764 1 1 1"
      ;;
    39)
      test-tcas  "532 0 434 762 888 9344 1 926 697 0 1 0"
      ;;
    40)
      test-tcas  "736 1 353 931 51 570 3 280 203 0 1 1"
      ;;
    41)
      test-tcas  "395 1 285 879 974 3900 1 504 291 1 1 0"
      ;;
    42)
      test-tcas  "442 1 79 333 9 4652 2 164 484 0 1 1"
      ;;
    43)
      test-tcas  "727 1 203 654 462 9960 3 461 493 0 1 0"
      ;;
    44)
      test-tcas  "91 1 491 807 713 5371 2 260 44 1 1 0"
      ;;
    45)
      test-tcas  "156 0 215 414 424 5515 3 475 744 0 1 1"
      ;;
    46)
      test-tcas  "488 1 229 702 610 1278 3 706 244 0 0 1"
      ;;
    47)
      test-tcas  "206 1 737 281 803 9456 3 958 438 0 1 1"
      ;;
    48)
      test-tcas  "620 0 637 83 96 2947 1 443 994 0 0 0"
      ;;
esac
