#!/bin/bash
set -euo pipefail
SCRIPT_DIR=$(cd "$(dirname "${BASH_SOURCE[0]}")" && pwd)
test-tcas () {
    diff -q <(${ANGELIX_RUN:-eval} ./tcas $1) <($SCRIPT_DIR/../golden/tcas $1) > /dev/null
}

case "$1" in
    1)
      test-tcas  "946 0 924 160 279 1821 2 393 472 0 0 1"
      ;;
    2)
      test-tcas  "18 1 896 824 682 1122 0 289 579 0 0 0"
      ;;
    3)
      test-tcas  "762 0 586 641 788 3393 0 541 661 0 1 0"
      ;;
    4)
      test-tcas  "234 1 364 981 610 216 1 934 351 0 0 1"
      ;;
    5)
      test-tcas  "321 1 877 450 813 4347 0 700 196 0 0 1"
      ;;
    6)
      test-tcas  "708 0 662 492 152 8764 3 901 227 0 0 1"
      ;;
    7)
      test-tcas  "908 0 303 153 823 8703 2 441 830 1 1 1"
      ;;
    8)
      test-tcas  "81 0 211 981 690 378 3 813 760 0 1 1"
      ;;
    9)
      test-tcas  "919 0 435 51 724 7109 0 322 222 0 1 0"
      ;;
    10)
      test-tcas  "761 1 84 786 637 1426 0 654 479 0 0 0"
      ;;
    11)
      test-tcas  "398 0 968 475 770 587 2 479 189 0 1 0"
      ;;
    12)
      test-tcas  "575 0 910 217 638 2726 2 116 888 1 1 1"
      ;;
    13)
      test-tcas  "166 0 894 475 266 1528 2 272 504 0 0 0"
      ;;
    14)
      test-tcas  "278 1 765 423 515 9024 0 398 642 0 0 1"
      ;;
    15)
      test-tcas  "137 0 576 894 11 8637 1 372 566 1 0 1"
      ;;
    16)
      test-tcas  "631 1 928 974 12 4188 0 965 349 1 0 0"
      ;;
    17)
      test-tcas  "636 1 717 40 690 4980 0 865 507 1 0 1"
      ;;
    18)
      test-tcas  "974 1 631 503 689 2535 1 978 696 0 1 1"
      ;;
    19)
      test-tcas  "787 0 497 451 653 833 1 253 572 1 1 0"
      ;;
    20)
      test-tcas  "516 1 208 22 510 9246 2 382 851 1 0 0"
      ;;
    21)
      test-tcas  "313 0 385 480 779 5508 0 446 843 0 0 0"
      ;;
    22)
      test-tcas  "780 1 260 769 981 5270 3 888 334 1 0 1"
      ;;
    23)
      test-tcas  "298 0 382 674 394 4828 1 92 625 1 1 1"
      ;;
    24)
      test-tcas  "900 1 737 680 884 4670 2 319 817 1 0 1"
      ;;
    25)
      test-tcas  "761 1 723 186 409 3443 3 877 75 1 1 1"
      ;;
    26)
      test-tcas  "727 0 64 859 946 4825 0 54 539 1 1 0"
      ;;
    27)
      test-tcas  "96 0 281 695 164 3656 3 617 900 0 0 1"
      ;;
    28)
      test-tcas  "940 1 707 634 18 2424 2 564 295 1 0 0"
      ;;
    29)
      test-tcas  "708 1 198 570 649 4942 3 275 183 0 1 0"
      ;;
    30)
      test-tcas  "609 1 807 67 581 685 1 241 196 0 0 0"
      ;;
    31)
      test-tcas  "433 1 496 247 59 848 1 242 685 1 0 1"
      ;;
    32)
      test-tcas  "909 0 777 13 661 5723 1 34 647 1 1 0"
      ;;
    33)
      test-tcas  "535 1 689 66 898 2436 1 499 178 0 1 1"
      ;;
    34)
      test-tcas  "942 0 986 101 463 2498 0 595 240 1 0 1"
      ;;
    35)
      test-tcas  "395 0 646 34 51 9967 3 500 641 1 1 1"
      ;;
    36)
      test-tcas  "851 1 935 215 325 3272 3 937 524 1 1 0"
      ;;
    37)
      test-tcas  "178 0 228 252 555 6994 1 902 393 1 0 0"
      ;;
    38)
      test-tcas  "698 0 545 358 781 4011 0 812 833 1 1 0"
      ;;
    39)
      test-tcas  "74 1 457 985 992 3549 3 477 483 0 1 0"
      ;;
    40)
      test-tcas  "776 1 453 989 840 6653 3 319 634 1 1 0"
      ;;
    41)
      test-tcas  "940 1 220 606 723 7602 3 827 921 0 0 0"
      ;;
    42)
      test-tcas  "333 1 448 190 785 7672 2 434 88 0 0 0"
      ;;
    43)
      test-tcas  "393 1 784 888 398 6470 1 750 561 0 0 0"
      ;;
    44)
      test-tcas  "888 0 440 274 70 5883 1 488 783 0 1 1"
      ;;
    45)
      test-tcas  "714 1 627 390 450 2358 0 361 721 0 0 0"
      ;;
    46)
      test-tcas  "594 1 590 681 148 4892 0 777 818 1 0 0"
      ;;
    47)
      test-tcas  "99 1 341 897 520 8714 2 331 857 0 0 0"
      ;;
    48)
      test-tcas  "351 1 496 282 290 8141 0 820 713 0 1 0"
      ;;
esac
