#!/bin/bash
set -euo pipefail
SCRIPT_DIR=$(cd "$(dirname "${BASH_SOURCE[0]}")" && pwd)
test-tcas () {
    diff -q <(${ANGELIX_RUN:-eval} ./tcas $1) <($SCRIPT_DIR/../golden/tcas $1) > /dev/null
}

case "$1" in
    1)
      test-tcas  "343 0 919 404 473 5162 1 19 938 1 1 0"
      ;;
    2)
      test-tcas  "404 0 79 677 614 7622 3 897 822 1 1 0"
      ;;
    3)
      test-tcas  "208 1 126 380 552 4405 0 902 3 0 0 1"
      ;;
    4)
      test-tcas  "422 1 389 216 360 2590 2 620 446 0 1 0"
      ;;
    5)
      test-tcas  "615 0 551 506 369 4402 2 828 991 0 1 0"
      ;;
    6)
      test-tcas  "450 0 94 633 536 1741 3 941 621 1 0 0"
      ;;
    7)
      test-tcas  "340 0 496 930 381 1753 2 91 527 0 0 0"
      ;;
    8)
      test-tcas  "80 0 857 855 787 9806 1 24 449 0 1 0"
      ;;
    9)
      test-tcas  "444 1 523 14 518 5471 1 415 316 1 1 0"
      ;;
    10)
      test-tcas  "298 0 706 558 876 4755 2 993 852 1 0 1"
      ;;
    11)
      test-tcas  "457 0 191 831 640 7946 2 987 514 0 0 1"
      ;;
    12)
      test-tcas  "265 0 838 840 197 6993 2 892 992 1 0 1"
      ;;
    13)
      test-tcas  "732 1 840 149 682 9270 2 334 368 1 0 1"
      ;;
    14)
      test-tcas  "5 0 557 173 900 6047 1 4 80 0 0 0"
      ;;
    15)
      test-tcas  "4 1 138 567 894 3809 0 121 914 1 1 0"
      ;;
    16)
      test-tcas  "159 1 193 472 168 4861 1 711 463 1 1 0"
      ;;
    17)
      test-tcas  "450 1 395 780 855 390 0 202 762 0 0 1"
      ;;
    18)
      test-tcas  "235 0 97 346 444 4331 0 365 197 0 1 1"
      ;;
    19)
      test-tcas  "796 1 845 151 168 9955 1 476 288 1 0 1"
      ;;
    20)
      test-tcas  "19 0 93 865 641 3181 2 851 478 0 1 0"
      ;;
    21)
      test-tcas  "254 0 397 59 17 7059 1 397 750 1 1 0"
      ;;
    22)
      test-tcas  "56 0 960 405 639 802 2 804 648 0 1 1"
      ;;
    23)
      test-tcas  "349 1 580 708 984 4090 0 195 134 0 0 1"
      ;;
    24)
      test-tcas  "387 0 831 408 607 3179 0 672 645 0 0 0"
      ;;
    25)
      test-tcas  "911 0 662 348 823 9550 0 144 772 1 1 1"
      ;;
    26)
      test-tcas  "937 1 590 118 941 4513 0 74 106 1 0 1"
      ;;
    27)
      test-tcas  "786 1 170 112 79 4295 1 442 24 0 0 0"
      ;;
    28)
      test-tcas  "243 0 638 633 866 9656 0 162 517 1 0 1"
      ;;
    29)
      test-tcas  "53 1 299 921 738 2079 3 530 565 0 0 0"
      ;;
    30)
      test-tcas  "430 0 626 830 989 4985 0 918 84 0 0 0"
      ;;
    31)
      test-tcas  "799 0 931 140 326 3280 0 931 69 1 1 0"
      ;;
    32)
      test-tcas  "599 0 9 0 351 7826 1 609 245 0 1 1"
      ;;
    33)
      test-tcas  "734 0 260 960 111 3173 1 918 343 1 1 1"
      ;;
    34)
      test-tcas  "54 0 537 262 769 7038 0 824 991 0 1 1"
      ;;
    35)
      test-tcas  "190 1 229 674 342 8617 3 608 187 0 1 0"
      ;;
    36)
      test-tcas  "34 1 25 81 514 9892 1 814 409 0 0 1"
      ;;
    37)
      test-tcas  "313 1 283 331 687 9518 0 275 542 1 1 1"
      ;;
    38)
      test-tcas  "858 1 14 467 606 2846 3 67 124 0 1 0"
      ;;
    39)
      test-tcas  "466 0 163 433 282 3950 3 996 698 0 1 1"
      ;;
    40)
      test-tcas  "669 1 183 669 289 6342 1 332 549 1 1 0"
      ;;
    41)
      test-tcas  "153 1 703 651 70 8279 0 909 629 1 1 0"
      ;;
    42)
      test-tcas  "180 1 610 454 459 6231 1 529 112 0 1 1"
      ;;
    43)
      test-tcas  "9 1 891 741 335 6180 2 702 728 0 1 1"
      ;;
    44)
      test-tcas  "90 0 235 282 106 6970 0 254 889 1 0 0"
      ;;
    45)
      test-tcas  "629 1 646 127 617 2900 0 119 487 1 0 1"
      ;;
    46)
      test-tcas  "103 1 144 959 43 4167 3 815 291 0 0 0"
      ;;
    47)
      test-tcas  "308 0 66 829 402 3631 0 582 937 1 0 0"
      ;;
    48)
      test-tcas  "700 0 516 588 487 6633 0 20 746 1 0 1"
      ;;
esac
