#!/bin/bash
set -euo pipefail
SCRIPT_DIR=$(cd "$(dirname "${BASH_SOURCE[0]}")" && pwd)
test-tcas () {
    diff -q <(${ANGELIX_RUN:-eval} ./tcas $1) <($SCRIPT_DIR/../golden/tcas $1) > /dev/null
}

case "$1" in
    1)
      test-tcas  "599 0 135 770 928 7693 2 969 650 1 1 0"
      ;;
    2)
      test-tcas  "621 0 523 466 944 6938 2 803 304 1 1 0"
      ;;
    3)
      test-tcas  "381 1 587 651 65 4963 2 440 188 1 1 0"
      ;;
    4)
      test-tcas  "505 0 600 868 909 6371 2 322 278 0 0 1"
      ;;
    5)
      test-tcas  "839 0 236 972 687 8543 3 198 939 1 0 1"
      ;;
    6)
      test-tcas  "981 0 96 430 499 8401 2 437 251 0 1 1"
      ;;
    7)
      test-tcas  "53 0 337 109 74 6677 0 432 339 0 0 0"
      ;;
    8)
      test-tcas  "283 0 946 685 301 2332 2 863 523 1 0 1"
      ;;
    9)
      test-tcas  "423 1 631 633 490 1571 0 338 894 0 0 0"
      ;;
    10)
      test-tcas  "972 1 664 349 398 9811 2 437 126 1 0 1"
      ;;
    11)
      test-tcas  "518 1 355 234 599 1137 3 322 55 1 1 0"
      ;;
    12)
      test-tcas  "405 0 129 557 758 8088 0 42 710 1 0 1"
      ;;
    13)
      test-tcas  "244 1 497 678 896 5152 2 257 133 1 1 1"
      ;;
    14)
      test-tcas  "572 0 404 603 654 2030 3 470 414 0 1 0"
      ;;
    15)
      test-tcas  "253 1 697 50 980 7658 3 908 965 1 1 1"
      ;;
    16)
      test-tcas  "898 0 626 60 577 2998 2 1 68 1 0 0"
      ;;
    17)
      test-tcas  "847 0 434 780 774 9958 0 893 294 0 0 0"
      ;;
    18)
      test-tcas  "853 1 230 395 341 5161 3 657 309 0 1 0"
      ;;
    19)
      test-tcas  "814 1 421 185 22 1022 2 810 88 0 1 1"
      ;;
    20)
      test-tcas  "450 1 40 451 371 2334 3 412 455 0 1 1"
      ;;
    21)
      test-tcas  "929 1 341 548 660 4654 1 389 240 0 0 0"
      ;;
    22)
      test-tcas  "984 0 9 418 367 930 0 827 229 1 0 1"
      ;;
    23)
      test-tcas  "68 1 341 955 895 5248 0 806 393 1 1 1"
      ;;
    24)
      test-tcas  "584 1 627 165 820 7109 3 874 667 0 1 0"
      ;;
    25)
      test-tcas  "170 0 930 398 83 6474 0 514 835 0 1 0"
      ;;
    26)
      test-tcas  "443 0 281 54 89 8706 1 939 798 0 1 1"
      ;;
    27)
      test-tcas  "495 1 182 890 752 9730 2 225 682 0 0 1"
      ;;
    28)
      test-tcas  "785 0 94 606 11 5038 0 241 954 1 1 1"
      ;;
    29)
      test-tcas  "898 1 397 588 345 1686 0 902 818 1 1 0"
      ;;
    30)
      test-tcas  "938 0 10 638 248 151 3 187 771 1 0 0"
      ;;
    31)
      test-tcas  "88 0 628 168 547 2772 3 892 307 0 1 0"
      ;;
    32)
      test-tcas  "84 0 170 748 853 7628 1 374 246 0 1 0"
      ;;
    33)
      test-tcas  "82 1 720 945 257 932 0 571 239 0 0 0"
      ;;
    34)
      test-tcas  "530 1 843 264 745 7502 0 275 427 1 0 0"
      ;;
    35)
      test-tcas  "322 1 764 492 567 7490 1 113 223 1 1 0"
      ;;
    36)
      test-tcas  "599 1 442 30 84 8404 1 816 579 0 1 1"
      ;;
    37)
      test-tcas  "163 0 120 753 332 4456 3 262 998 1 0 1"
      ;;
    38)
      test-tcas  "465 0 404 649 744 490 2 370 914 0 1 0"
      ;;
    39)
      test-tcas  "711 1 414 881 161 5112 0 228 870 0 1 1"
      ;;
    40)
      test-tcas  "536 1 964 55 353 7267 2 897 233 1 1 1"
      ;;
    41)
      test-tcas  "210 0 152 326 937 2215 2 69 948 0 0 0"
      ;;
    42)
      test-tcas  "216 0 92 538 614 6884 1 231 52 0 1 0"
      ;;
    43)
      test-tcas  "449 0 870 888 187 650 2 198 384 0 0 1"
      ;;
    44)
      test-tcas  "140 1 131 587 881 5982 0 763 78 1 1 0"
      ;;
    45)
      test-tcas  "914 1 948 753 903 3870 1 866 91 0 1 0"
      ;;
    46)
      test-tcas  "225 0 905 173 189 1681 1 13 94 0 1 1"
      ;;
    47)
      test-tcas  "627 1 520 751 657 5961 2 756 648 1 0 0"
      ;;
    48)
      test-tcas  "112 1 328 352 215 9804 2 832 625 0 0 0"
      ;;
esac
