#!/bin/bash
set -euo pipefail
SCRIPT_DIR=$(cd "$(dirname "${BASH_SOURCE[0]}")" && pwd)
test-tcas () {
    diff -q <(${ANGELIX_RUN:-eval} ./tcas $1) <($SCRIPT_DIR/../golden/tcas $1) > /dev/null
}

case "$1" in
    1)
      test-tcas  "661 1 615 155 713 5546 0 311 988 1 0 1"
      ;;
    2)
      test-tcas  "66 0 232 631 589 9168 0 212 999 1 0 1"
      ;;
    3)
      test-tcas  "76 1 746 830 17 2972 0 952 56 0 0 1"
      ;;
    4)
      test-tcas  "597 1 662 308 374 4332 0 296 450 1 1 0"
      ;;
    5)
      test-tcas  "725 0 505 529 219 6859 1 42 588 1 0 1"
      ;;
    6)
      test-tcas  "207 1 181 287 699 4616 0 430 950 1 1 0"
      ;;
    7)
      test-tcas  "503 0 141 880 731 8561 1 154 310 0 0 1"
      ;;
    8)
      test-tcas  "367 0 136 750 103 9670 0 161 838 1 0 0"
      ;;
    9)
      test-tcas  "201 0 431 116 602 2286 2 645 248 0 1 0"
      ;;
    10)
      test-tcas  "676 1 756 182 215 7532 1 111 810 1 1 0"
      ;;
    11)
      test-tcas  "395 1 298 792 345 138 3 69 580 0 0 0"
      ;;
    12)
      test-tcas  "576 1 377 865 880 2685 3 800 709 0 0 0"
      ;;
    13)
      test-tcas  "902 1 415 675 746 9127 1 748 235 0 1 0"
      ;;
    14)
      test-tcas  "871 0 100 942 451 4526 2 452 180 1 0 0"
      ;;
    15)
      test-tcas  "76 0 510 887 829 136 3 441 250 1 1 1"
      ;;
    16)
      test-tcas  "933 1 240 709 20 2435 1 328 807 0 0 0"
      ;;
    17)
      test-tcas  "471 1 346 594 362 1276 0 296 172 1 0 0"
      ;;
    18)
      test-tcas  "763 0 140 94 619 6163 3 399 658 0 1 1"
      ;;
    19)
      test-tcas  "650 1 583 810 573 612 1 515 31 0 1 1"
      ;;
    20)
      test-tcas  "304 1 191 486 668 2760 1 429 385 1 1 1"
      ;;
    21)
      test-tcas  "165 0 985 121 961 5717 1 419 664 1 1 1"
      ;;
    22)
      test-tcas  "658 0 162 368 196 3739 2 751 274 1 0 0"
      ;;
    23)
      test-tcas  "984 0 698 384 371 0 3 843 411 0 0 1"
      ;;
    24)
      test-tcas  "111 0 164 413 614 8694 3 329 906 1 1 0"
      ;;
    25)
      test-tcas  "902 1 549 714 722 8291 0 47 464 0 1 1"
      ;;
    26)
      test-tcas  "113 0 841 0 65 4083 2 877 327 0 1 1"
      ;;
    27)
      test-tcas  "699 0 598 321 48 6626 3 576 393 0 1 0"
      ;;
    28)
      test-tcas  "630 1 639 320 629 8385 1 130 883 0 1 0"
      ;;
    29)
      test-tcas  "81 0 385 994 755 3706 0 756 641 1 0 0"
      ;;
    30)
      test-tcas  "495 0 224 511 917 7347 2 544 113 0 1 1"
      ;;
    31)
      test-tcas  "686 0 614 304 236 3977 1 746 985 1 1 0"
      ;;
    32)
      test-tcas  "689 1 413 497 818 5522 2 10 368 1 0 0"
      ;;
    33)
      test-tcas  "666 1 217 823 261 4813 1 356 280 0 1 0"
      ;;
    34)
      test-tcas  "680 0 178 483 437 2821 1 367 42 1 1 1"
      ;;
    35)
      test-tcas  "644 0 20 927 785 2732 1 31 972 1 0 0"
      ;;
    36)
      test-tcas  "245 1 593 267 499 7278 1 789 581 0 1 1"
      ;;
    37)
      test-tcas  "49 0 484 987 77 6141 0 717 196 0 0 1"
      ;;
    38)
      test-tcas  "401 1 789 819 746 7747 0 357 661 1 0 1"
      ;;
    39)
      test-tcas  "132 0 218 2 328 4543 0 515 452 0 1 0"
      ;;
    40)
      test-tcas  "375 0 278 806 97 2746 1 350 192 0 1 1"
      ;;
    41)
      test-tcas  "170 0 252 996 129 6684 0 331 167 0 0 1"
      ;;
    42)
      test-tcas  "741 1 217 991 618 4141 2 98 59 0 0 1"
      ;;
    43)
      test-tcas  "644 0 258 722 488 2588 3 932 642 0 0 1"
      ;;
    44)
      test-tcas  "146 1 466 700 553 6900 2 430 734 1 0 1"
      ;;
    45)
      test-tcas  "420 0 212 495 270 6954 1 115 188 0 0 0"
      ;;
    46)
      test-tcas  "265 1 519 780 969 8623 0 30 178 1 1 0"
      ;;
    47)
      test-tcas  "204 1 189 199 226 3864 1 902 455 0 0 1"
      ;;
    48)
      test-tcas  "888 0 657 738 766 5048 3 275 675 1 1 0"
      ;;
esac
