#!/bin/bash
set -euo pipefail
SCRIPT_DIR=$(cd "$(dirname "${BASH_SOURCE[0]}")" && pwd)
test-tcas () {
    diff -q <(${ANGELIX_RUN:-eval} ./tcas $1) <($SCRIPT_DIR/../golden/tcas $1) > /dev/null
}

case "$1" in
    1)
      test-tcas  "584 1 275 263 76 35 0 50 704 1 0 1"
      ;;
    2)
      test-tcas  "835 0 669 819 429 7694 2 108 591 1 0 1"
      ;;
    3)
      test-tcas  "834 0 82 656 388 6876 2 534 744 1 0 0"
      ;;
    4)
      test-tcas  "472 0 80 236 321 5363 3 886 503 0 1 0"
      ;;
    5)
      test-tcas  "80 1 777 233 357 710 2 846 232 0 1 1"
      ;;
    6)
      test-tcas  "534 1 327 412 466 9763 1 38 417 0 1 0"
      ;;
    7)
      test-tcas  "563 0 738 111 890 1951 2 173 462 1 0 0"
      ;;
    8)
      test-tcas  "74 1 178 57 657 9139 0 882 173 0 0 1"
      ;;
    9)
      test-tcas  "63 0 595 928 698 9387 2 58 717 1 1 1"
      ;;
    10)
      test-tcas  "555 1 692 103 954 4927 3 363 773 1 0 1"
      ;;
    11)
      test-tcas  "925 1 174 422 858 6110 1 687 604 0 0 1"
      ;;
    12)
      test-tcas  "33 1 569 502 643 2881 3 862 874 0 1 0"
      ;;
    13)
      test-tcas  "717 1 992 194 80 3694 0 790 231 0 0 0"
      ;;
    14)
      test-tcas  "400 0 809 215 524 8446 2 299 960 0 0 0"
      ;;
    15)
      test-tcas  "945 1 388 707 493 7223 2 606 427 1 0 1"
      ;;
    16)
      test-tcas  "230 0 915 569 447 223 2 129 454 1 1 1"
      ;;
    17)
      test-tcas  "488 1 669 874 978 6285 3 603 399 1 1 0"
      ;;
    18)
      test-tcas  "31 1 125 445 263 7906 1 34 333 1 1 1"
      ;;
    19)
      test-tcas  "668 1 860 777 343 9571 3 917 496 0 1 0"
      ;;
    20)
      test-tcas  "938 1 398 3 620 3555 2 405 34 1 0 0"
      ;;
    21)
      test-tcas  "140 1 920 368 895 3162 3 703 13 1 1 0"
      ;;
    22)
      test-tcas  "139 1 133 871 247 7572 0 918 689 1 0 0"
      ;;
    23)
      test-tcas  "991 1 529 209 182 5159 1 838 192 1 0 1"
      ;;
    24)
      test-tcas  "579 0 864 19 670 3242 2 795 992 0 0 0"
      ;;
    25)
      test-tcas  "749 1 798 590 965 1736 0 686 829 0 0 0"
      ;;
    26)
      test-tcas  "740 1 392 758 515 6219 1 566 226 0 1 0"
      ;;
    27)
      test-tcas  "193 0 515 578 707 2265 2 879 179 1 1 0"
      ;;
    28)
      test-tcas  "529 0 101 558 814 7813 2 403 263 0 1 1"
      ;;
    29)
      test-tcas  "144 1 775 849 117 3606 0 295 53 0 0 0"
      ;;
    30)
      test-tcas  "578 0 430 646 991 3443 2 366 562 0 0 1"
      ;;
    31)
      test-tcas  "658 0 101 348 551 6201 0 697 293 0 1 0"
      ;;
    32)
      test-tcas  "495 1 736 576 435 138 3 111 463 0 0 0"
      ;;
    33)
      test-tcas  "280 1 417 129 309 7066 0 730 28 1 0 1"
      ;;
    34)
      test-tcas  "852 1 23 217 842 9438 3 905 329 0 0 0"
      ;;
    35)
      test-tcas  "285 0 467 925 113 7319 1 221 391 1 0 0"
      ;;
    36)
      test-tcas  "965 1 271 871 724 4569 0 16 316 1 1 0"
      ;;
    37)
      test-tcas  "65 0 553 288 329 4345 0 982 606 1 1 1"
      ;;
    38)
      test-tcas  "753 0 351 453 779 3261 3 795 824 1 0 1"
      ;;
    39)
      test-tcas  "93 1 677 369 701 1228 3 574 624 0 1 0"
      ;;
    40)
      test-tcas  "214 1 742 948 11 68 0 34 911 0 0 1"
      ;;
    41)
      test-tcas  "118 0 457 657 661 8561 1 711 710 1 0 1"
      ;;
    42)
      test-tcas  "324 1 542 581 798 4567 1 418 232 1 1 0"
      ;;
    43)
      test-tcas  "517 1 421 264 497 6247 2 279 665 0 0 1"
      ;;
    44)
      test-tcas  "384 1 508 412 295 4301 1 152 268 0 1 1"
      ;;
    45)
      test-tcas  "973 0 525 561 919 5416 2 148 592 0 1 0"
      ;;
    46)
      test-tcas  "129 1 84 294 867 3823 0 76 916 0 1 1"
      ;;
    47)
      test-tcas  "890 1 12 257 834 3077 1 242 372 0 0 1"
      ;;
    48)
      test-tcas  "124 0 673 400 455 3723 3 855 717 1 0 0"
      ;;
esac
