#!/bin/bash
set -euo pipefail
SCRIPT_DIR=$(cd "$(dirname "${BASH_SOURCE[0]}")" && pwd)
test-tcas () {
    diff -q <(${ANGELIX_RUN:-eval} ./tcas $1) <($SCRIPT_DIR/../golden/tcas $1) > /dev/null
}

case "$1" in
    1)
      test-tcas  "5336 1 1 2624 80 6257 3 6336 6384 0 2 0"
      ;;
    2)
      test-tcas  "6328 1 1 6320 -1968 6353 2 640 7932 0 2 0"
      ;;
    3)
      test-tcas  "1784 1 1 -3296 336 6321 1 6649 6649 0 2 0"
      ;;
    4)
      test-tcas  "2840 1 1 -8192 -1968 6321 0 2048 7928 0 2 0"
      ;;
    5)
      test-tcas  "5336 1 1 6257 80 2624 3 6384 6384 0 2 0"
      ;;
    6)
      test-tcas  "6328 1 1 6353 -1968 6320 2 7932 7932 0 2 0"
      ;;
    7)
      test-tcas  "1784 1 1 6321 336 -3296 1 6649 6649 0 2 0"
      ;;
    8)
      test-tcas  "2840 1 1 6321 -1968 -8192 0 7928 7928 0 2 0"
      ;;
    9)
      test-tcas  "2296 1 1 6144 240 6289 3 8596 6364 0 2 0"
      ;;
    10)
      test-tcas  "6360 1 1 6320 -6416 6320 3 4096 6264 0 2 0"
      ;;
    11)
      test-tcas  "2296 1 1 3264 -10000 3281 3 2160 2292 0 2 1"
      ;;
    12)
      test-tcas  "6328 1 1 6257 112 6256 3 6268 -48 0 2 0"
      ;;
    13)
      test-tcas  "2296 1 1 6216 240 6216 3 8596 6364 0 2 0"
      ;;
    14)
      test-tcas  "2296 1 1 3281 -10000 3264 3 2292 2292 0 2 1"
      ;;
    15)
      test-tcas  "6328 1 1 6256 112 6256 3 6268 -48 0 2 0"
      ;;
    16)
      test-tcas  "6264 1 1 -10000 80 6353 2 6372 6364 0 2 0"
      ;;
    17)
      test-tcas  "6264 1 1 4848 -8112 4848 2 6256 8092 0 2 0"
      ;;
    18)
      test-tcas  "2296 1 1 1808 -9136 5873 2 2292 2558 0 2 1"
      ;;
    19)
      test-tcas  "6264 1 1 10000 240 -4400 2 8316 -272 0 2 0"
      ;;
    20)
      test-tcas  "6264 1 1 -1823 80 -1823 2 6372 6364 0 2 0"
      ;;
    21)
      test-tcas  "2296 1 1 5873 -9136 1808 2 2558 2558 0 2 1"
      ;;
    22)
      test-tcas  "6264 1 1 2800 240 2800 2 8316 -272 0 2 0"
      ;;
    23)
      test-tcas  "4344 1 1 -4592 -10000 3601 1 7576 2292 0 2 0"
      ;;
    24)
      test-tcas  "2296 1 1 -9104 -10000 -9104 1 3248 6268 0 2 0"
      ;;
    25)
      test-tcas  "1624 1 1 2961 272 2968 1 7228 8312 0 2 1"
      ;;
    26)
      test-tcas  "6232 1 1 2161 240 2160 1 6268 -304 0 2 0"
      ;;
    27)
      test-tcas  "4344 1 1 -495 -10000 -495 1 7576 2292 0 2 0"
      ;;
    28)
      test-tcas  "1624 1 1 2968 272 2961 1 8312 8312 0 2 1"
      ;;
    29)
      test-tcas  "6232 1 1 2160 240 2160 1 6268 -304 0 2 0"
      ;;
    30)
      test-tcas  "6264 1 1 6353 -1936 6354 0 7572 6364 0 2 0"
      ;;
    31)
      test-tcas  "6376 1 1 6354 528 6354 0 428 3260 0 2 0"
      ;;
    32)
      test-tcas  "6232 1 1 -5904 80 2289 0 1244 2288 0 2 1"
      ;;
    33)
      test-tcas  "7288 1 1 2289 272 2288 0 8316 -9008 0 2 0"
      ;;
    34)
      test-tcas  "6264 1 1 6353 -1936 6353 0 7572 6364 0 2 0"
      ;;
    35)
      test-tcas  "6232 1 1 2289 80 -5904 0 2288 2288 0 2 1"
      ;;
    36)
      test-tcas  "7288 1 1 2288 272 2288 0 8316 -9008 0 2 0"
      ;;
esac
