#!/bin/bash
set -euo pipefail
SCRIPT_DIR=$(cd "$(dirname "${BASH_SOURCE[0]}")" && pwd)
test-tcas () {
    diff -q <(${ANGELIX_RUN:-eval} ./tcas $1) <($SCRIPT_DIR/../golden/tcas $1) > /dev/null
}

case "$1" in
    1)
      test-tcas  "914 1 769 570 475 2226 1 169 752 0 1 1"
      ;;
    2)
      test-tcas  "143 1 223 672 117 9702 2 252 977 1 0 0"
      ;;
    3)
      test-tcas  "599 1 3 799 327 873 1 514 725 0 0 0"
      ;;
    4)
      test-tcas  "94 0 107 683 476 1390 1 63 391 1 1 0"
      ;;
    5)
      test-tcas  "683 1 478 596 669 3680 0 852 269 1 1 0"
      ;;
    6)
      test-tcas  "874 1 923 157 536 6176 2 572 472 1 0 0"
      ;;
    7)
      test-tcas  "954 0 130 734 440 8305 2 52 167 0 1 0"
      ;;
    8)
      test-tcas  "518 1 113 123 161 9038 0 80 352 0 0 0"
      ;;
    9)
      test-tcas  "818 0 713 230 314 8382 2 5 292 1 0 1"
      ;;
    10)
      test-tcas  "118 1 477 832 931 61 3 220 536 1 1 1"
      ;;
    11)
      test-tcas  "695 0 461 949 815 9543 2 522 277 1 1 1"
      ;;
    12)
      test-tcas  "622 1 158 169 383 4809 3 527 588 1 0 0"
      ;;
    13)
      test-tcas  "888 1 900 167 803 7575 3 648 805 1 0 1"
      ;;
    14)
      test-tcas  "825 1 691 876 297 256 2 745 48 1 1 1"
      ;;
    15)
      test-tcas  "169 1 485 138 506 8678 3 357 567 0 0 0"
      ;;
    16)
      test-tcas  "443 0 486 293 816 2484 0 439 234 1 0 0"
      ;;
    17)
      test-tcas  "632 1 62 986 492 4276 1 780 142 0 0 1"
      ;;
    18)
      test-tcas  "433 1 314 535 432 4851 1 710 844 1 1 0"
      ;;
    19)
      test-tcas  "575 0 349 465 227 5352 1 420 350 0 1 1"
      ;;
    20)
      test-tcas  "950 0 649 297 100 7856 1 74 496 0 0 1"
      ;;
    21)
      test-tcas  "451 0 905 413 136 3761 0 30 833 0 0 1"
      ;;
    22)
      test-tcas  "603 0 947 711 22 4394 3 822 613 1 0 1"
      ;;
    23)
      test-tcas  "152 1 309 941 300 490 1 86 911 0 1 1"
      ;;
    24)
      test-tcas  "908 0 208 953 871 6628 3 407 312 0 1 1"
      ;;
    25)
      test-tcas  "167 0 500 685 216 3310 1 41 972 1 0 1"
      ;;
    26)
      test-tcas  "89 0 407 522 485 3172 3 674 188 0 0 1"
      ;;
    27)
      test-tcas  "382 0 506 660 243 8803 2 802 943 1 1 0"
      ;;
    28)
      test-tcas  "635 0 637 377 305 7818 2 991 155 1 0 1"
      ;;
    29)
      test-tcas  "552 1 27 538 665 6204 1 89 602 0 0 0"
      ;;
    30)
      test-tcas  "259 1 49 368 92 3491 3 593 739 1 1 1"
      ;;
    31)
      test-tcas  "722 0 571 403 502 3038 2 646 763 0 0 1"
      ;;
    32)
      test-tcas  "160 1 938 646 687 7672 1 681 482 0 1 0"
      ;;
    33)
      test-tcas  "128 1 124 297 483 4990 0 446 624 1 1 0"
      ;;
    34)
      test-tcas  "756 1 551 975 858 7971 2 113 353 1 1 0"
      ;;
    35)
      test-tcas  "347 0 568 103 831 4996 0 365 782 1 0 1"
      ;;
    36)
      test-tcas  "265 1 467 148 496 9086 0 717 326 0 1 0"
      ;;
    37)
      test-tcas  "734 0 298 590 755 8992 1 976 720 0 0 0"
      ;;
    38)
      test-tcas  "808 1 643 925 697 4844 0 554 514 0 0 0"
      ;;
    39)
      test-tcas  "414 0 770 669 814 8298 3 411 760 1 1 1"
      ;;
    40)
      test-tcas  "930 0 450 177 507 1535 2 678 533 0 0 0"
      ;;
    41)
      test-tcas  "364 0 930 168 550 1088 1 478 800 0 1 0"
      ;;
    42)
      test-tcas  "680 0 307 185 351 1263 1 212 973 1 0 0"
      ;;
    43)
      test-tcas  "352 0 757 686 31 7916 0 454 319 0 0 0"
      ;;
    44)
      test-tcas  "672 1 732 257 424 6508 2 788 147 0 0 1"
      ;;
    45)
      test-tcas  "776 1 359 341 230 8745 2 254 467 0 1 0"
      ;;
    46)
      test-tcas  "766 1 926 113 586 9620 3 669 515 1 1 1"
      ;;
    47)
      test-tcas  "662 0 362 461 369 1459 0 891 233 1 1 0"
      ;;
    48)
      test-tcas  "272 0 206 713 515 3454 2 100 430 0 0 0"
      ;;
    49)
      test-tcas  "366 0 544 529 644 4303 2 428 999 0 1 0"
      ;;
    50)
      test-tcas  "836 1 890 462 163 1862 1 714 120 1 0 1"
      ;;
    51)
      test-tcas  "743 0 930 947 980 7217 1 843 982 0 0 1"
      ;;
    52)
      test-tcas  "404 0 471 978 784 1235 1 30 40 1 1 1"
      ;;
    53)
      test-tcas  "819 0 816 421 718 9530 2 497 356 1 1 1"
      ;;
    54)
      test-tcas  "920 1 165 862 69 6831 1 373 19 1 0 1"
      ;;
    55)
      test-tcas  "238 1 429 23 382 3964 0 138 80 1 1 0"
      ;;
    56)
      test-tcas  "656 1 183 134 150 83 0 759 839 0 1 1"
      ;;
    57)
      test-tcas  "19 1 205 252 940 9422 0 620 702 1 1 0"
      ;;
    58)
      test-tcas  "337 0 309 300 524 5598 2 560 146 1 1 0"
      ;;
    59)
      test-tcas  "391 1 875 636 199 7514 0 780 672 0 0 1"
      ;;
    60)
      test-tcas  "443 0 622 196 149 9072 3 4 861 1 1 0"
      ;;
    61)
      test-tcas  "739 0 851 695 242 272 2 146 946 0 0 0"
      ;;
    62)
      test-tcas  "369 1 458 82 260 9811 3 831 479 0 0 1"
      ;;
    63)
      test-tcas  "937 1 601 315 58 9043 3 414 895 0 0 0"
      ;;
    64)
      test-tcas  "315 0 956 633 663 4091 2 641 911 0 0 0"
      ;;
    65)
      test-tcas  "595 1 0 858 772 6986 2 883 809 1 0 0"
      ;;
    66)
      test-tcas  "84 0 756 788 561 8048 3 765 780 1 0 1"
      ;;
    67)
      test-tcas  "999 0 854 537 117 163 1 270 517 1 0 0"
      ;;
    68)
      test-tcas  "168 0 723 626 156 1328 1 703 313 1 1 0"
      ;;
    69)
      test-tcas  "770 0 78 902 64 4667 0 601 901 1 0 0"
      ;;
    70)
      test-tcas  "796 0 751 709 582 5184 0 444 232 0 1 1"
      ;;
    71)
      test-tcas  "514 1 224 461 747 9754 3 102 337 1 1 1"
      ;;
    72)
      test-tcas  "833 0 16 567 936 1263 2 229 309 0 1 1"
      ;;
    73)
      test-tcas  "8 1 348 771 101 9448 3 278 327 1 1 0"
      ;;
    74)
      test-tcas  "676 0 246 277 429 9757 0 555 465 1 1 0"
      ;;
    75)
      test-tcas  "672 0 404 533 854 7557 1 614 864 0 1 1"
      ;;
    76)
      test-tcas  "577 0 867 292 942 8165 2 490 593 0 0 0"
      ;;
    77)
      test-tcas  "379 1 653 531 776 3591 2 579 303 1 0 0"
      ;;
    78)
      test-tcas  "4 0 101 984 515 4348 0 604 478 1 1 1"
      ;;
    79)
      test-tcas  "874 1 785 438 347 9518 1 871 756 0 1 0"
      ;;
    80)
      test-tcas  "987 0 355 557 537 102 0 68 493 0 0 1"
      ;;
    81)
      test-tcas  "311 0 732 828 238 9836 3 78 303 0 1 1"
      ;;
    82)
      test-tcas  "565 0 505 286 680 3964 1 742 956 0 1 0"
      ;;
    83)
      test-tcas  "719 0 378 931 252 9904 1 201 535 1 0 0"
      ;;
    84)
      test-tcas  "754 1 902 250 835 4450 3 300 303 1 0 0"
      ;;
    85)
      test-tcas  "392 0 631 955 645 15 1 712 214 0 1 1"
      ;;
    86)
      test-tcas  "692 1 191 998 590 7439 0 705 486 1 1 0"
      ;;
    87)
      test-tcas  "500 1 577 23 964 5156 0 86 68 0 1 0"
      ;;
    88)
      test-tcas  "847 1 290 839 34 3924 1 590 247 1 0 0"
      ;;
esac
