#!/bin/bash
set -euo pipefail
SCRIPT_DIR=$(cd "$(dirname "${BASH_SOURCE[0]}")" && pwd)
test-tcas () {
    diff -q <(${ANGELIX_RUN:-eval} ./tcas $1) <($SCRIPT_DIR/../golden/tcas $1) > /dev/null
}

case "$1" in
    1)
      test-tcas  "247 1 539 119 188 6712 0 572 721 1 1 1"
      ;;
    2)
      test-tcas  "230 0 283 29 848 3547 1 294 411 0 1 0"
      ;;
    3)
      test-tcas  "994 1 915 219 860 3148 2 551 716 1 1 1"
      ;;
    4)
      test-tcas  "42 0 673 765 854 2134 1 718 687 1 0 0"
      ;;
    5)
      test-tcas  "771 1 782 970 331 3496 2 84 713 1 0 0"
      ;;
    6)
      test-tcas  "550 0 564 618 510 6886 0 551 250 1 1 1"
      ;;
    7)
      test-tcas  "94 0 526 901 592 1676 0 438 558 0 1 1"
      ;;
    8)
      test-tcas  "423 1 573 930 717 2210 1 468 286 0 0 1"
      ;;
    9)
      test-tcas  "415 0 472 715 374 5710 2 474 24 0 0 0"
      ;;
    10)
      test-tcas  "24 0 524 28 888 5221 1 462 586 1 0 1"
      ;;
    11)
      test-tcas  "651 1 79 745 778 2935 3 362 722 1 0 1"
      ;;
    12)
      test-tcas  "877 0 23 982 334 3018 0 45 321 1 1 1"
      ;;
    13)
      test-tcas  "917 1 767 686 602 7883 2 64 768 1 1 1"
      ;;
    14)
      test-tcas  "519 0 433 279 236 7531 3 65 157 1 0 0"
      ;;
    15)
      test-tcas  "893 0 996 459 185 8260 0 809 411 1 0 0"
      ;;
    16)
      test-tcas  "310 1 37 407 133 4609 3 472 5 1 1 0"
      ;;
    17)
      test-tcas  "533 0 493 327 842 6943 1 56 71 1 0 0"
      ;;
    18)
      test-tcas  "29 0 364 585 135 6541 2 650 11 1 1 1"
      ;;
    19)
      test-tcas  "66 1 765 598 221 445 1 659 471 1 0 1"
      ;;
    20)
      test-tcas  "327 1 980 101 312 9687 0 166 587 1 0 0"
      ;;
    21)
      test-tcas  "480 1 279 543 143 6754 2 224 838 0 1 0"
      ;;
    22)
      test-tcas  "362 0 219 10 947 1393 1 41 567 0 1 1"
      ;;
    23)
      test-tcas  "951 0 945 363 762 7993 0 888 350 0 0 0"
      ;;
    24)
      test-tcas  "188 0 643 154 618 2872 1 903 813 1 0 0"
      ;;
    25)
      test-tcas  "906 0 800 323 115 5824 3 995 290 1 1 1"
      ;;
    26)
      test-tcas  "730 0 228 751 297 7240 1 622 840 0 1 0"
      ;;
    27)
      test-tcas  "669 1 13 406 378 26 1 401 601 1 0 1"
      ;;
    28)
      test-tcas  "411 1 539 15 915 4368 2 285 290 0 0 0"
      ;;
    29)
      test-tcas  "902 0 612 96 422 3176 3 401 795 0 0 0"
      ;;
    30)
      test-tcas  "754 0 416 557 101 6750 0 621 324 1 0 1"
      ;;
    31)
      test-tcas  "271 1 563 134 470 6866 0 483 411 0 0 1"
      ;;
    32)
      test-tcas  "548 1 917 531 35 3052 2 219 263 1 0 1"
      ;;
    33)
      test-tcas  "50 1 84 363 944 7381 1 418 479 0 1 1"
      ;;
    34)
      test-tcas  "378 1 546 769 618 8527 1 157 40 0 0 1"
      ;;
    35)
      test-tcas  "613 0 348 18 825 1274 2 391 675 1 0 1"
      ;;
    36)
      test-tcas  "616 1 9 369 414 3976 2 892 304 0 1 1"
      ;;
    37)
      test-tcas  "999 0 930 61 92 3757 3 175 131 1 1 1"
      ;;
    38)
      test-tcas  "188 1 34 492 46 7439 2 521 236 0 0 1"
      ;;
    39)
      test-tcas  "18 0 675 412 75 5356 0 564 94 0 1 0"
      ;;
    40)
      test-tcas  "685 0 989 315 18 5281 3 755 406 1 1 1"
      ;;
    41)
      test-tcas  "583 1 837 200 786 4731 2 550 879 1 1 0"
      ;;
    42)
      test-tcas  "653 1 337 402 144 1870 3 232 252 0 0 0"
      ;;
    43)
      test-tcas  "222 1 647 365 565 8130 1 974 818 1 1 0"
      ;;
    44)
      test-tcas  "131 1 164 952 45 9522 1 7 992 0 0 1"
      ;;
    45)
      test-tcas  "973 1 693 239 596 8364 0 638 163 1 0 1"
      ;;
    46)
      test-tcas  "762 0 313 668 401 2879 3 332 51 1 1 0"
      ;;
    47)
      test-tcas  "102 1 743 945 139 8765 2 94 121 1 1 0"
      ;;
    48)
      test-tcas  "49 1 876 216 923 4421 3 85 332 1 1 1"
      ;;
    49)
      test-tcas  "358 1 908 728 535 43 0 605 492 0 1 0"
      ;;
    50)
      test-tcas  "584 1 53 518 229 274 1 442 893 1 0 0"
      ;;
    51)
      test-tcas  "694 1 264 568 322 471 2 1 604 0 1 1"
      ;;
    52)
      test-tcas  "323 0 643 338 83 8012 2 661 869 0 0 0"
      ;;
    53)
      test-tcas  "673 1 341 693 22 2334 0 413 477 0 1 0"
      ;;
    54)
      test-tcas  "228 1 687 924 696 604 2 71 692 1 1 0"
      ;;
    55)
      test-tcas  "994 1 105 823 432 66 3 110 447 0 0 0"
      ;;
    56)
      test-tcas  "856 1 5 650 26 3222 3 635 960 1 0 1"
      ;;
    57)
      test-tcas  "848 1 314 283 498 8003 2 931 662 0 1 1"
      ;;
    58)
      test-tcas  "716 0 662 919 297 2059 3 676 510 0 1 1"
      ;;
    59)
      test-tcas  "44 1 395 308 81 8198 3 30 186 0 1 0"
      ;;
    60)
      test-tcas  "466 0 605 786 167 6852 2 639 521 1 0 1"
      ;;
    61)
      test-tcas  "106 1 230 170 205 1196 2 921 628 1 0 1"
      ;;
    62)
      test-tcas  "276 0 994 44 255 1289 3 980 731 0 1 0"
      ;;
    63)
      test-tcas  "802 1 471 967 601 5238 1 55 524 0 0 1"
      ;;
    64)
      test-tcas  "935 1 989 751 971 7976 0 544 85 0 1 0"
      ;;
    65)
      test-tcas  "784 1 293 194 626 1786 0 403 893 0 1 1"
      ;;
    66)
      test-tcas  "525 1 991 423 857 7138 1 41 383 1 1 0"
      ;;
    67)
      test-tcas  "303 1 704 432 878 7831 2 781 688 0 1 0"
      ;;
    68)
      test-tcas  "723 1 626 377 871 756 2 465 771 0 1 0"
      ;;
    69)
      test-tcas  "197 1 812 778 84 7885 1 900 87 0 0 0"
      ;;
    70)
      test-tcas  "83 0 948 963 332 6285 2 575 124 1 0 1"
      ;;
    71)
      test-tcas  "595 0 673 866 86 1114 2 356 808 0 1 1"
      ;;
    72)
      test-tcas  "839 1 656 648 468 6668 1 779 664 1 0 1"
      ;;
    73)
      test-tcas  "38 1 617 580 998 1518 1 64 922 1 1 1"
      ;;
    74)
      test-tcas  "84 0 315 193 757 5803 2 37 385 1 0 0"
      ;;
    75)
      test-tcas  "970 1 186 817 848 1601 2 849 840 0 0 1"
      ;;
    76)
      test-tcas  "375 1 854 412 526 1146 2 638 99 0 1 0"
      ;;
    77)
      test-tcas  "802 1 65 911 305 2461 3 175 439 0 1 1"
      ;;
    78)
      test-tcas  "102 0 843 220 500 7640 3 949 183 1 1 0"
      ;;
    79)
      test-tcas  "975 1 652 565 288 5722 0 259 521 1 1 1"
      ;;
    80)
      test-tcas  "196 0 323 973 241 9635 2 495 363 0 1 1"
      ;;
    81)
      test-tcas  "761 0 146 401 542 5245 3 25 46 0 0 1"
      ;;
    82)
      test-tcas  "985 0 192 322 699 9997 0 985 81 0 1 1"
      ;;
    83)
      test-tcas  "708 0 294 484 511 9041 2 650 859 1 1 1"
      ;;
    84)
      test-tcas  "296 0 407 53 299 8061 3 122 303 1 1 0"
      ;;
    85)
      test-tcas  "963 1 183 421 78 4323 2 676 835 1 1 1"
      ;;
    86)
      test-tcas  "103 1 524 666 280 637 2 316 814 0 0 0"
      ;;
    87)
      test-tcas  "901 0 712 900 983 1123 0 908 661 1 0 0"
      ;;
    88)
      test-tcas  "312 1 325 641 226 2717 3 647 344 1 0 0"
      ;;
esac
