#!/bin/bash
set -euo pipefail
SCRIPT_DIR=$(cd "$(dirname "${BASH_SOURCE[0]}")" && pwd)
test-tcas () {
    diff -q <(${ANGELIX_RUN:-eval} ./tcas $1) <($SCRIPT_DIR/../golden/tcas $1) > /dev/null
}

case "$1" in
    1)
      test-tcas  "667 1 469 294 520 6401 1 247 939 1 0 1"
      ;;
    2)
      test-tcas  "298 1 240 102 648 2392 0 859 323 0 1 1"
      ;;
    3)
      test-tcas  "355 1 738 373 349 2175 3 498 954 1 1 1"
      ;;
    4)
      test-tcas  "815 0 396 935 967 30 3 998 940 1 0 1"
      ;;
    5)
      test-tcas  "456 0 559 366 505 2917 2 983 737 0 1 0"
      ;;
    6)
      test-tcas  "591 0 153 439 280 4119 0 888 811 1 0 1"
      ;;
    7)
      test-tcas  "471 1 464 102 828 181 2 695 139 1 1 0"
      ;;
    8)
      test-tcas  "185 1 216 136 16 7255 2 678 742 0 1 0"
      ;;
    9)
      test-tcas  "533 1 805 121 243 6945 0 998 606 1 0 0"
      ;;
    10)
      test-tcas  "811 1 519 973 343 1696 1 605 397 1 0 1"
      ;;
    11)
      test-tcas  "813 0 964 988 472 5622 1 668 291 0 1 1"
      ;;
    12)
      test-tcas  "496 1 541 127 647 8479 1 518 950 1 0 0"
      ;;
    13)
      test-tcas  "782 1 921 164 965 8238 1 73 272 1 0 0"
      ;;
    14)
      test-tcas  "835 1 787 293 631 1401 0 659 949 1 1 0"
      ;;
    15)
      test-tcas  "856 0 856 851 922 9795 0 285 160 1 0 1"
      ;;
    16)
      test-tcas  "967 1 259 7 52 8172 1 615 793 0 1 0"
      ;;
    17)
      test-tcas  "182 1 749 484 557 8406 1 160 601 0 1 1"
      ;;
    18)
      test-tcas  "665 1 980 783 357 3534 3 608 444 0 0 0"
      ;;
    19)
      test-tcas  "572 0 169 778 986 8235 2 690 432 0 0 1"
      ;;
    20)
      test-tcas  "690 1 913 119 725 1667 1 538 283 0 0 1"
      ;;
    21)
      test-tcas  "858 0 707 513 366 3812 3 166 504 0 1 0"
      ;;
    22)
      test-tcas  "766 0 830 659 285 7671 1 462 219 1 0 1"
      ;;
    23)
      test-tcas  "163 1 746 462 189 6763 1 936 436 0 0 1"
      ;;
    24)
      test-tcas  "841 1 973 53 513 440 0 401 460 0 0 0"
      ;;
    25)
      test-tcas  "863 1 526 134 852 8525 0 818 809 1 1 0"
      ;;
    26)
      test-tcas  "509 0 566 314 77 1721 2 670 576 0 0 0"
      ;;
    27)
      test-tcas  "253 0 688 249 905 5082 2 443 563 0 0 1"
      ;;
    28)
      test-tcas  "726 1 515 712 638 8679 2 131 731 0 0 0"
      ;;
    29)
      test-tcas  "167 0 768 122 592 2302 1 86 610 1 1 0"
      ;;
    30)
      test-tcas  "213 0 864 489 366 9756 1 44 236 0 1 0"
      ;;
    31)
      test-tcas  "70 0 322 358 601 2899 2 767 919 0 1 1"
      ;;
    32)
      test-tcas  "184 0 822 956 195 6140 1 430 803 1 0 1"
      ;;
    33)
      test-tcas  "389 0 635 537 129 8609 3 673 592 0 0 0"
      ;;
    34)
      test-tcas  "277 0 460 748 55 3643 3 125 133 1 1 1"
      ;;
    35)
      test-tcas  "85 0 220 806 672 3597 1 188 691 1 1 1"
      ;;
    36)
      test-tcas  "836 1 376 293 623 2295 2 923 727 1 0 0"
      ;;
    37)
      test-tcas  "735 0 553 544 168 7688 2 75 821 0 1 0"
      ;;
    38)
      test-tcas  "919 1 919 779 329 3459 1 496 63 1 1 0"
      ;;
    39)
      test-tcas  "632 0 736 516 374 441 0 611 741 0 0 1"
      ;;
    40)
      test-tcas  "679 1 783 159 644 6766 0 999 519 0 0 0"
      ;;
    41)
      test-tcas  "666 1 51 190 624 9654 3 702 510 0 0 0"
      ;;
    42)
      test-tcas  "2 1 66 8 904 1692 3 526 678 1 1 0"
      ;;
    43)
      test-tcas  "998 0 591 124 351 323 2 289 922 0 0 0"
      ;;
    44)
      test-tcas  "529 0 89 243 184 1051 0 845 902 1 1 1"
      ;;
    45)
      test-tcas  "787 0 423 611 9 2638 2 573 261 1 0 0"
      ;;
    46)
      test-tcas  "469 1 579 30 985 6242 3 67 325 0 1 1"
      ;;
    47)
      test-tcas  "487 0 987 970 273 49 0 858 615 0 1 0"
      ;;
    48)
      test-tcas  "813 1 16 397 751 6534 0 175 626 1 1 0"
      ;;
    49)
      test-tcas  "463 0 670 186 677 967 3 66 277 1 1 1"
      ;;
    50)
      test-tcas  "867 0 238 358 455 7199 1 583 241 0 1 1"
      ;;
    51)
      test-tcas  "957 1 761 784 51 160 1 189 990 0 1 1"
      ;;
    52)
      test-tcas  "207 1 607 597 804 3795 1 138 895 0 1 1"
      ;;
    53)
      test-tcas  "648 1 234 131 410 8382 2 250 42 1 1 1"
      ;;
    54)
      test-tcas  "474 0 336 982 782 2416 2 228 583 0 0 0"
      ;;
    55)
      test-tcas  "326 0 63 564 172 1302 1 555 487 0 1 0"
      ;;
    56)
      test-tcas  "621 0 777 482 581 8193 2 932 394 1 1 1"
      ;;
    57)
      test-tcas  "445 1 10 32 853 1293 3 268 983 0 0 0"
      ;;
    58)
      test-tcas  "518 0 756 253 153 6871 1 358 817 0 0 1"
      ;;
    59)
      test-tcas  "556 1 88 144 613 8118 1 623 27 1 1 1"
      ;;
    60)
      test-tcas  "35 0 282 953 909 6753 2 602 406 0 0 1"
      ;;
    61)
      test-tcas  "889 1 153 823 298 7081 1 296 595 1 0 1"
      ;;
    62)
      test-tcas  "3 0 195 576 327 820 1 990 950 1 1 1"
      ;;
    63)
      test-tcas  "604 1 322 953 863 5698 1 749 437 1 0 1"
      ;;
    64)
      test-tcas  "680 1 587 339 474 1334 2 526 532 0 0 1"
      ;;
    65)
      test-tcas  "446 1 158 708 313 2431 3 566 550 1 1 1"
      ;;
    66)
      test-tcas  "620 1 61 427 711 1730 2 701 109 1 1 1"
      ;;
    67)
      test-tcas  "852 0 838 469 541 3557 2 100 598 0 0 0"
      ;;
    68)
      test-tcas  "65 0 158 632 82 3088 2 102 507 0 1 0"
      ;;
    69)
      test-tcas  "738 0 735 512 721 6707 3 951 265 0 0 1"
      ;;
    70)
      test-tcas  "267 1 525 180 164 5013 3 467 966 0 1 0"
      ;;
    71)
      test-tcas  "503 1 126 858 109 2152 1 86 828 0 0 1"
      ;;
    72)
      test-tcas  "356 0 650 287 375 3206 3 120 615 1 0 0"
      ;;
    73)
      test-tcas  "995 0 967 989 428 5366 3 627 453 1 1 1"
      ;;
    74)
      test-tcas  "661 1 231 250 13 8542 2 945 521 0 0 1"
      ;;
    75)
      test-tcas  "457 1 946 311 186 6943 1 616 970 0 0 0"
      ;;
    76)
      test-tcas  "602 1 515 87 529 4958 2 322 199 1 0 0"
      ;;
    77)
      test-tcas  "721 1 246 563 595 8410 3 290 145 1 0 0"
      ;;
    78)
      test-tcas  "550 1 169 59 802 5956 1 693 715 1 0 1"
      ;;
    79)
      test-tcas  "150 0 733 569 956 4991 0 659 714 1 1 1"
      ;;
    80)
      test-tcas  "300 1 517 577 425 2018 3 666 770 0 1 1"
      ;;
    81)
      test-tcas  "93 0 507 9 658 8883 2 443 679 1 1 0"
      ;;
    82)
      test-tcas  "18 0 210 315 260 3757 2 841 408 1 1 0"
      ;;
    83)
      test-tcas  "876 1 24 136 177 9093 2 633 640 0 0 0"
      ;;
    84)
      test-tcas  "825 1 657 561 787 8080 1 765 218 0 1 0"
      ;;
    85)
      test-tcas  "572 0 233 580 701 6394 2 255 169 1 0 0"
      ;;
    86)
      test-tcas  "394 0 795 101 989 7196 1 688 194 0 0 1"
      ;;
    87)
      test-tcas  "76 0 427 694 287 4457 2 101 483 1 0 0"
      ;;
    88)
      test-tcas  "189 0 8 171 801 2758 2 32 609 0 0 0"
      ;;
esac
