#!/bin/bash
set -euo pipefail
SCRIPT_DIR=$(cd "$(dirname "${BASH_SOURCE[0]}")" && pwd)
test-tcas () {
    diff -q <(${ANGELIX_RUN:-eval} ./tcas $1) <($SCRIPT_DIR/../golden/tcas $1) > /dev/null
}

case "$1" in
    1)
      test-tcas  "699 0 475 75 646 5978 2 66 471 1 0 1"
      ;;
    2)
      test-tcas  "290 1 26 262 477 6188 2 8 786 1 0 1"
      ;;
    3)
      test-tcas  "25 1 979 205 818 3073 0 572 653 0 1 0"
      ;;
    4)
      test-tcas  "244 1 908 683 463 4770 1 991 504 0 1 1"
      ;;
    5)
      test-tcas  "724 0 736 181 577 7716 0 438 391 1 1 0"
      ;;
    6)
      test-tcas  "293 0 947 84 458 281 2 980 11 0 0 1"
      ;;
    7)
      test-tcas  "293 0 566 451 972 6051 1 518 385 1 1 1"
      ;;
    8)
      test-tcas  "847 1 428 540 141 168 2 414 270 0 0 1"
      ;;
    9)
      test-tcas  "661 0 24 898 385 7380 0 183 640 0 1 1"
      ;;
    10)
      test-tcas  "710 1 357 561 815 1648 0 398 830 1 1 0"
      ;;
    11)
      test-tcas  "605 0 688 727 720 4255 2 791 874 0 0 1"
      ;;
    12)
      test-tcas  "726 0 890 165 956 439 0 478 494 1 1 0"
      ;;
    13)
      test-tcas  "367 0 251 674 377 3550 0 310 856 1 1 1"
      ;;
    14)
      test-tcas  "108 0 124 945 708 681 2 426 776 0 1 0"
      ;;
    15)
      test-tcas  "464 1 589 443 388 4563 3 375 456 0 1 1"
      ;;
    16)
      test-tcas  "546 0 566 166 828 3359 2 453 39 1 0 0"
      ;;
    17)
      test-tcas  "954 1 274 544 371 2702 0 326 399 0 1 1"
      ;;
    18)
      test-tcas  "517 1 862 207 854 3021 1 528 441 1 1 1"
      ;;
    19)
      test-tcas  "682 1 226 953 162 9818 2 21 9 0 1 0"
      ;;
    20)
      test-tcas  "400 1 604 854 504 5107 3 694 88 0 1 1"
      ;;
    21)
      test-tcas  "255 1 445 261 293 4729 2 471 425 1 0 0"
      ;;
    22)
      test-tcas  "316 1 293 275 563 8685 0 589 22 0 0 0"
      ;;
    23)
      test-tcas  "767 1 35 221 672 9996 3 578 77 1 0 1"
      ;;
    24)
      test-tcas  "802 1 782 694 779 1907 0 545 930 0 0 1"
      ;;
    25)
      test-tcas  "525 0 957 878 124 3505 2 531 423 1 0 0"
      ;;
    26)
      test-tcas  "720 1 768 74 515 9981 1 974 721 0 1 1"
      ;;
    27)
      test-tcas  "298 1 223 683 674 5910 0 649 204 1 0 1"
      ;;
    28)
      test-tcas  "36 1 169 329 189 7968 3 928 344 1 1 0"
      ;;
    29)
      test-tcas  "851 1 466 269 696 7487 0 709 739 1 1 0"
      ;;
    30)
      test-tcas  "357 1 445 895 744 3212 3 24 490 0 0 1"
      ;;
    31)
      test-tcas  "762 0 100 802 338 459 3 60 9 1 1 0"
      ;;
    32)
      test-tcas  "350 0 201 660 674 4702 0 130 76 0 1 0"
      ;;
    33)
      test-tcas  "799 1 503 82 834 5352 2 65 560 1 0 1"
      ;;
    34)
      test-tcas  "452 1 635 578 357 9173 2 503 619 1 1 1"
      ;;
    35)
      test-tcas  "365 1 942 806 617 2413 3 649 466 1 0 0"
      ;;
    36)
      test-tcas  "491 0 664 498 718 6247 3 275 921 0 1 0"
      ;;
    37)
      test-tcas  "768 0 168 653 343 1681 3 25 879 1 1 1"
      ;;
    38)
      test-tcas  "103 1 798 0 468 7432 0 476 675 1 0 0"
      ;;
    39)
      test-tcas  "325 1 897 133 232 7733 1 863 920 0 0 1"
      ;;
    40)
      test-tcas  "101 0 87 284 455 6262 3 990 896 0 1 0"
      ;;
    41)
      test-tcas  "581 0 613 340 352 7677 1 456 926 0 0 1"
      ;;
    42)
      test-tcas  "155 1 711 400 857 9403 1 136 296 0 0 1"
      ;;
    43)
      test-tcas  "125 0 412 49 741 3441 1 683 316 1 0 0"
      ;;
    44)
      test-tcas  "448 1 47 373 258 1020 3 765 14 0 0 0"
      ;;
    45)
      test-tcas  "791 1 806 812 494 1919 2 799 579 0 0 1"
      ;;
    46)
      test-tcas  "171 1 282 1 851 5206 1 70 314 1 1 1"
      ;;
    47)
      test-tcas  "244 0 716 973 212 9016 1 355 160 1 1 1"
      ;;
    48)
      test-tcas  "11 0 885 383 288 3791 2 499 155 1 1 0"
      ;;
    49)
      test-tcas  "209 0 84 778 441 6163 3 783 241 1 0 1"
      ;;
    50)
      test-tcas  "7 1 538 458 931 9320 0 464 751 1 1 0"
      ;;
    51)
      test-tcas  "865 0 814 984 994 340 2 445 691 0 0 1"
      ;;
    52)
      test-tcas  "415 1 325 112 527 5513 2 742 534 0 0 0"
      ;;
    53)
      test-tcas  "159 1 986 652 286 1176 1 191 691 1 0 1"
      ;;
    54)
      test-tcas  "476 0 266 625 556 18 3 753 135 1 1 1"
      ;;
    55)
      test-tcas  "49 1 538 22 81 1175 1 706 789 0 0 1"
      ;;
    56)
      test-tcas  "205 0 515 525 776 6746 3 125 270 1 0 0"
      ;;
    57)
      test-tcas  "952 0 878 662 269 7612 3 205 414 0 1 1"
      ;;
    58)
      test-tcas  "612 0 809 126 715 7602 1 212 688 1 0 1"
      ;;
    59)
      test-tcas  "884 0 116 281 579 7184 3 261 93 1 1 1"
      ;;
    60)
      test-tcas  "973 0 966 299 131 5923 1 488 544 1 1 1"
      ;;
    61)
      test-tcas  "85 0 860 903 353 6925 1 806 895 0 1 1"
      ;;
    62)
      test-tcas  "40 1 537 261 698 6413 0 985 848 0 1 1"
      ;;
    63)
      test-tcas  "108 0 791 293 769 7490 1 607 853 0 0 1"
      ;;
    64)
      test-tcas  "338 1 911 442 427 8889 0 188 868 1 1 1"
      ;;
    65)
      test-tcas  "662 0 454 828 151 7320 2 749 390 0 1 0"
      ;;
    66)
      test-tcas  "928 1 465 707 591 5644 2 59 638 0 1 0"
      ;;
    67)
      test-tcas  "703 0 962 206 262 8773 3 930 994 1 0 0"
      ;;
    68)
      test-tcas  "263 1 568 478 156 4723 2 108 938 0 1 0"
      ;;
    69)
      test-tcas  "538 1 581 684 694 9751 0 600 669 0 0 1"
      ;;
    70)
      test-tcas  "51 0 533 557 993 3931 3 677 395 1 0 0"
      ;;
    71)
      test-tcas  "962 1 367 747 765 6906 0 242 911 1 1 0"
      ;;
    72)
      test-tcas  "227 0 815 690 363 2856 1 855 594 1 0 0"
      ;;
    73)
      test-tcas  "681 1 329 383 550 8947 3 342 232 1 0 1"
      ;;
    74)
      test-tcas  "448 0 56 156 459 2740 1 696 328 0 1 0"
      ;;
    75)
      test-tcas  "531 0 803 381 928 1133 3 828 484 1 0 0"
      ;;
    76)
      test-tcas  "740 1 777 941 3 6474 1 650 375 0 1 0"
      ;;
    77)
      test-tcas  "266 1 994 320 793 4483 1 43 498 1 0 1"
      ;;
    78)
      test-tcas  "171 0 818 268 160 3542 3 382 442 0 1 0"
      ;;
    79)
      test-tcas  "917 1 876 164 803 5779 3 514 810 1 1 1"
      ;;
    80)
      test-tcas  "711 1 819 552 285 7211 3 402 168 1 1 0"
      ;;
    81)
      test-tcas  "983 0 914 635 316 6893 3 95 464 0 0 0"
      ;;
    82)
      test-tcas  "640 0 343 50 269 3772 0 149 299 1 0 0"
      ;;
    83)
      test-tcas  "977 0 288 781 391 4511 2 249 172 0 0 1"
      ;;
    84)
      test-tcas  "160 0 453 756 478 6133 0 487 461 1 0 0"
      ;;
    85)
      test-tcas  "73 1 588 406 992 3811 2 522 340 0 0 0"
      ;;
    86)
      test-tcas  "90 0 814 348 572 6584 1 739 127 1 0 0"
      ;;
    87)
      test-tcas  "877 0 161 279 791 2124 1 508 712 0 0 1"
      ;;
    88)
      test-tcas  "777 1 655 205 692 6009 2 708 691 0 0 1"
      ;;
esac
