#!/bin/bash
set -euo pipefail
SCRIPT_DIR=$(cd "$(dirname "${BASH_SOURCE[0]}")" && pwd)
test-tcas () {
    diff -q <(${ANGELIX_RUN:-eval} ./tcas $1) <($SCRIPT_DIR/../golden/tcas $1) > /dev/null
}

case "$1" in
    1)
      test-tcas  "998 0 780 926 126 4123 2 131 288 1 0 1"
      ;;
    2)
      test-tcas  "674 0 702 695 189 6299 2 129 147 1 1 1"
      ;;
    3)
      test-tcas  "945 1 565 820 469 694 1 613 818 0 0 1"
      ;;
    4)
      test-tcas  "177 1 69 577 285 8481 1 723 57 0 0 1"
      ;;
    5)
      test-tcas  "300 0 494 450 396 8200 2 624 53 1 0 1"
      ;;
    6)
      test-tcas  "912 0 517 75 896 4838 2 868 654 0 0 1"
      ;;
    7)
      test-tcas  "360 1 840 904 433 3233 3 703 443 1 1 0"
      ;;
    8)
      test-tcas  "580 0 586 886 599 6959 0 64 72 1 1 0"
      ;;
    9)
      test-tcas  "90 0 575 97 350 368 1 913 641 1 0 0"
      ;;
    10)
      test-tcas  "354 1 531 469 564 7697 1 855 595 0 0 0"
      ;;
    11)
      test-tcas  "785 0 896 370 299 9055 0 802 446 0 0 0"
      ;;
    12)
      test-tcas  "947 1 263 918 996 8684 0 684 730 0 1 1"
      ;;
    13)
      test-tcas  "978 0 529 469 744 6202 3 956 896 0 0 0"
      ;;
    14)
      test-tcas  "976 0 624 783 879 6480 1 850 361 1 1 1"
      ;;
    15)
      test-tcas  "33 1 215 859 482 8465 2 978 685 0 0 0"
      ;;
    16)
      test-tcas  "703 0 974 438 921 7636 3 38 793 1 0 0"
      ;;
    17)
      test-tcas  "111 1 965 600 330 768 0 988 342 1 0 1"
      ;;
    18)
      test-tcas  "450 1 346 825 927 5438 0 118 733 0 1 0"
      ;;
    19)
      test-tcas  "427 0 985 241 274 93 2 982 857 1 1 1"
      ;;
    20)
      test-tcas  "254 1 662 678 997 3606 2 209 543 1 1 0"
      ;;
    21)
      test-tcas  "996 0 371 446 149 6032 0 635 681 0 1 0"
      ;;
    22)
      test-tcas  "563 1 755 550 252 4722 2 193 292 1 1 1"
      ;;
    23)
      test-tcas  "299 1 961 332 141 2158 0 398 297 0 0 1"
      ;;
    24)
      test-tcas  "34 0 200 250 19 3662 3 156 442 1 1 0"
      ;;
    25)
      test-tcas  "546 1 948 708 695 4716 1 972 777 1 1 1"
      ;;
    26)
      test-tcas  "751 0 183 515 653 8809 1 481 208 1 0 1"
      ;;
    27)
      test-tcas  "473 0 139 703 618 7668 0 496 28 0 0 1"
      ;;
    28)
      test-tcas  "402 0 932 17 433 6306 3 537 910 0 1 0"
      ;;
    29)
      test-tcas  "869 0 982 489 438 5607 1 50 639 1 0 1"
      ;;
    30)
      test-tcas  "247 1 423 40 219 5143 1 195 879 0 0 0"
      ;;
    31)
      test-tcas  "236 0 715 59 338 8575 1 297 539 0 0 0"
      ;;
    32)
      test-tcas  "911 1 387 417 799 3332 1 629 711 1 0 1"
      ;;
    33)
      test-tcas  "303 1 282 283 209 5298 1 373 876 1 0 0"
      ;;
    34)
      test-tcas  "338 1 844 571 108 7959 3 118 944 1 0 0"
      ;;
    35)
      test-tcas  "298 0 862 705 651 3867 1 342 810 0 0 0"
      ;;
    36)
      test-tcas  "436 0 669 747 757 4375 0 814 457 1 0 1"
      ;;
    37)
      test-tcas  "177 1 156 790 952 1384 2 834 159 0 0 0"
      ;;
    38)
      test-tcas  "242 1 934 764 556 2306 0 697 150 1 0 1"
      ;;
    39)
      test-tcas  "241 1 790 597 380 6607 2 671 68 0 0 1"
      ;;
    40)
      test-tcas  "664 1 23 906 961 9155 1 162 722 0 1 0"
      ;;
    41)
      test-tcas  "819 0 447 75 336 2099 0 609 153 1 0 0"
      ;;
    42)
      test-tcas  "92 0 764 756 630 3265 2 980 590 0 1 0"
      ;;
    43)
      test-tcas  "958 0 625 472 170 4925 3 504 783 1 0 1"
      ;;
    44)
      test-tcas  "456 1 76 92 520 2423 1 581 274 1 0 1"
      ;;
    45)
      test-tcas  "299 0 111 545 733 7403 0 507 452 0 1 0"
      ;;
    46)
      test-tcas  "534 0 880 162 217 5368 1 870 797 1 0 1"
      ;;
    47)
      test-tcas  "574 1 572 558 962 1945 0 133 409 1 1 0"
      ;;
    48)
      test-tcas  "559 1 257 953 415 6593 3 63 913 1 1 1"
      ;;
    49)
      test-tcas  "408 0 855 269 59 6506 2 275 994 1 1 1"
      ;;
    50)
      test-tcas  "446 1 123 266 751 7198 2 223 211 0 0 1"
      ;;
    51)
      test-tcas  "360 1 892 372 78 9661 1 523 352 0 1 1"
      ;;
    52)
      test-tcas  "193 0 889 706 408 7075 1 503 428 1 0 1"
      ;;
    53)
      test-tcas  "382 0 317 124 974 6845 0 364 465 1 1 1"
      ;;
    54)
      test-tcas  "259 1 874 925 182 6202 2 269 497 0 0 1"
      ;;
    55)
      test-tcas  "138 1 169 93 419 1763 2 112 684 0 0 1"
      ;;
    56)
      test-tcas  "993 1 457 698 944 5304 3 603 167 1 1 1"
      ;;
    57)
      test-tcas  "858 1 305 276 954 9507 2 651 195 1 1 0"
      ;;
    58)
      test-tcas  "399 0 219 681 677 8684 1 873 236 1 1 0"
      ;;
    59)
      test-tcas  "668 1 389 22 273 399 3 330 98 1 1 1"
      ;;
    60)
      test-tcas  "822 0 558 937 530 4459 3 358 716 1 0 1"
      ;;
    61)
      test-tcas  "572 0 582 493 713 6085 0 614 41 1 0 1"
      ;;
    62)
      test-tcas  "340 1 548 574 562 7 1 123 478 1 0 1"
      ;;
    63)
      test-tcas  "526 0 307 623 240 1894 0 310 588 1 1 0"
      ;;
    64)
      test-tcas  "939 0 14 74 116 2883 1 624 197 1 0 0"
      ;;
    65)
      test-tcas  "289 0 700 786 505 1999 0 472 752 1 0 0"
      ;;
    66)
      test-tcas  "767 1 77 170 7 9976 0 750 650 1 1 1"
      ;;
    67)
      test-tcas  "972 1 628 644 771 6400 0 321 383 0 1 1"
      ;;
    68)
      test-tcas  "35 0 675 342 954 194 2 267 674 0 0 0"
      ;;
    69)
      test-tcas  "484 0 391 886 774 1242 0 771 335 1 0 0"
      ;;
    70)
      test-tcas  "363 1 791 288 942 8428 1 884 342 1 1 0"
      ;;
    71)
      test-tcas  "303 0 478 823 817 6507 1 398 610 0 0 0"
      ;;
    72)
      test-tcas  "637 0 391 951 448 1096 1 397 175 1 1 0"
      ;;
    73)
      test-tcas  "247 0 2 55 676 7588 1 941 896 0 0 1"
      ;;
    74)
      test-tcas  "692 1 321 941 715 6013 1 637 439 0 1 0"
      ;;
    75)
      test-tcas  "197 0 681 675 94 9786 0 683 196 1 0 1"
      ;;
    76)
      test-tcas  "361 1 655 448 498 1882 3 178 831 1 0 0"
      ;;
    77)
      test-tcas  "934 0 487 723 963 7234 3 293 477 0 0 1"
      ;;
    78)
      test-tcas  "714 1 240 980 988 5167 2 23 132 1 0 1"
      ;;
    79)
      test-tcas  "544 1 338 859 459 286 0 973 514 0 0 1"
      ;;
    80)
      test-tcas  "544 0 433 521 821 4629 2 730 616 0 0 1"
      ;;
    81)
      test-tcas  "57 0 445 461 728 7892 0 993 381 0 0 0"
      ;;
    82)
      test-tcas  "398 1 287 944 372 6288 0 703 283 0 1 1"
      ;;
    83)
      test-tcas  "267 0 200 628 900 3972 0 972 257 1 1 0"
      ;;
    84)
      test-tcas  "730 0 661 772 769 4098 1 600 219 1 1 0"
      ;;
    85)
      test-tcas  "908 1 709 784 515 9328 1 472 482 0 1 1"
      ;;
    86)
      test-tcas  "959 1 21 624 296 4099 0 73 653 0 1 0"
      ;;
    87)
      test-tcas  "626 0 352 865 643 3108 0 757 61 0 1 1"
      ;;
    88)
      test-tcas  "522 0 918 940 136 2320 3 327 508 1 1 0"
      ;;
esac
