#!/bin/bash
set -euo pipefail
SCRIPT_DIR=$(cd "$(dirname "${BASH_SOURCE[0]}")" && pwd)
test-tcas () {
    diff -q <(${ANGELIX_RUN:-eval} ./tcas $1) <($SCRIPT_DIR/../golden/tcas $1) > /dev/null
}

case "$1" in
    1)
      test-tcas  "935 1 1 970 912 8790 2 145 566 1 0 0"
      ;;
    2)
      test-tcas  "968 1 437 851 246 6349 2 181 649 1 1 0"
      ;;
    3)
      test-tcas  "242 0 954 406 389 6987 3 900 348 1 1 1"
      ;;
    4)
      test-tcas  "594 1 62 28 768 4152 0 347 471 0 1 1"
      ;;
    5)
      test-tcas  "464 1 591 545 241 5615 1 213 340 1 0 1"
      ;;
    6)
      test-tcas  "208 1 393 364 906 693 2 429 474 0 1 1"
      ;;
    7)
      test-tcas  "280 1 546 222 276 7023 3 819 677 1 1 1"
      ;;
    8)
      test-tcas  "209 0 867 601 748 3481 3 631 848 0 1 0"
      ;;
    9)
      test-tcas  "413 0 610 907 502 4107 3 572 50 0 1 0"
      ;;
    10)
      test-tcas  "128 1 789 921 184 4671 0 194 635 1 1 1"
      ;;
    11)
      test-tcas  "44 0 825 788 108 8620 0 991 629 0 0 0"
      ;;
    12)
      test-tcas  "674 0 996 892 142 2815 2 459 51 1 0 1"
      ;;
    13)
      test-tcas  "950 0 575 427 998 5453 0 561 413 0 1 1"
      ;;
    14)
      test-tcas  "195 1 535 228 249 9080 3 648 300 1 1 0"
      ;;
    15)
      test-tcas  "280 0 291 566 178 509 2 746 713 1 0 0"
      ;;
    16)
      test-tcas  "567 1 108 93 318 6801 0 412 685 1 1 1"
      ;;
    17)
      test-tcas  "146 0 622 902 521 2276 3 918 648 0 1 1"
      ;;
    18)
      test-tcas  "826 1 240 869 349 5735 3 496 46 1 0 1"
      ;;
    19)
      test-tcas  "426 0 174 905 721 9734 2 639 849 1 0 0"
      ;;
    20)
      test-tcas  "75 0 428 610 937 4892 2 72 827 0 0 0"
      ;;
    21)
      test-tcas  "477 1 174 15 462 1693 0 9 778 0 0 0"
      ;;
    22)
      test-tcas  "470 0 729 613 285 294 2 580 314 0 1 0"
      ;;
    23)
      test-tcas  "644 1 667 771 111 5196 2 16 325 0 0 0"
      ;;
    24)
      test-tcas  "307 0 525 822 211 6546 2 143 827 1 0 1"
      ;;
    25)
      test-tcas  "760 0 101 716 468 3095 0 99 618 0 1 0"
      ;;
    26)
      test-tcas  "526 0 451 997 835 3572 3 885 931 0 0 0"
      ;;
    27)
      test-tcas  "37 0 402 141 369 3419 1 363 193 1 0 0"
      ;;
    28)
      test-tcas  "167 0 710 868 859 2395 3 725 928 0 1 1"
      ;;
    29)
      test-tcas  "29 1 895 999 184 5654 2 153 959 0 0 0"
      ;;
    30)
      test-tcas  "558 1 254 698 608 6320 3 465 203 1 1 0"
      ;;
    31)
      test-tcas  "568 0 684 556 500 1549 0 935 614 1 1 0"
      ;;
    32)
      test-tcas  "304 0 571 978 245 6390 1 258 198 1 0 0"
      ;;
    33)
      test-tcas  "862 1 336 605 547 563 3 676 440 1 1 0"
      ;;
    34)
      test-tcas  "340 0 45 188 845 2486 2 771 64 0 1 1"
      ;;
    35)
      test-tcas  "156 1 981 329 133 2578 0 180 635 1 1 0"
      ;;
    36)
      test-tcas  "620 0 132 831 215 3927 1 619 283 0 0 0"
      ;;
    37)
      test-tcas  "635 0 179 118 159 2990 3 83 612 0 1 1"
      ;;
    38)
      test-tcas  "211 0 827 181 665 5953 0 897 804 1 0 1"
      ;;
    39)
      test-tcas  "476 1 165 924 985 7792 3 438 915 1 0 0"
      ;;
    40)
      test-tcas  "849 1 145 456 119 944 1 880 477 1 0 0"
      ;;
    41)
      test-tcas  "230 1 325 986 209 8772 0 113 695 0 1 1"
      ;;
    42)
      test-tcas  "247 0 616 354 247 5751 2 225 852 0 1 0"
      ;;
    43)
      test-tcas  "942 0 5 982 636 1446 1 431 886 1 0 1"
      ;;
    44)
      test-tcas  "696 1 4 158 534 9000 3 229 600 0 1 1"
      ;;
    45)
      test-tcas  "680 0 14 946 485 828 0 767 525 1 0 0"
      ;;
    46)
      test-tcas  "752 0 740 860 454 4747 2 994 135 1 0 1"
      ;;
    47)
      test-tcas  "390 1 422 519 132 2672 2 38 861 0 1 1"
      ;;
    48)
      test-tcas  "53 0 799 992 166 1330 1 548 203 1 0 0"
      ;;
    49)
      test-tcas  "251 1 511 356 928 296 0 292 192 0 1 0"
      ;;
    50)
      test-tcas  "563 0 5 130 400 6814 2 266 496 1 0 1"
      ;;
    51)
      test-tcas  "940 1 986 773 886 9600 3 850 579 1 0 0"
      ;;
    52)
      test-tcas  "773 0 985 259 453 4869 3 153 581 0 0 1"
      ;;
    53)
      test-tcas  "475 1 798 942 273 7406 0 688 871 0 0 1"
      ;;
    54)
      test-tcas  "673 1 259 450 458 7470 1 813 681 1 0 0"
      ;;
    55)
      test-tcas  "564 1 181 224 415 724 3 20 696 0 0 0"
      ;;
    56)
      test-tcas  "513 1 195 549 355 3264 3 194 110 0 1 0"
      ;;
    57)
      test-tcas  "614 1 773 455 241 7074 0 268 344 1 0 1"
      ;;
    58)
      test-tcas  "668 1 815 830 211 2999 2 406 397 1 0 0"
      ;;
    59)
      test-tcas  "832 1 908 262 376 8475 3 888 711 1 1 1"
      ;;
    60)
      test-tcas  "140 1 667 807 837 5853 2 216 395 0 1 0"
      ;;
    61)
      test-tcas  "72 0 450 735 806 4216 2 730 712 0 0 0"
      ;;
    62)
      test-tcas  "483 1 266 658 839 3050 2 19 926 0 0 0"
      ;;
    63)
      test-tcas  "360 1 758 23 432 35 1 896 842 1 0 0"
      ;;
    64)
      test-tcas  "213 0 812 950 544 7625 3 378 735 0 0 1"
      ;;
    65)
      test-tcas  "248 1 662 687 28 3805 3 285 800 1 1 0"
      ;;
    66)
      test-tcas  "973 0 178 636 455 1704 1 442 818 0 0 0"
      ;;
    67)
      test-tcas  "441 1 525 880 427 373 3 288 335 1 1 1"
      ;;
    68)
      test-tcas  "20 1 403 500 164 5160 2 831 405 1 0 0"
      ;;
    69)
      test-tcas  "327 0 772 669 947 637 0 311 752 1 0 0"
      ;;
    70)
      test-tcas  "802 1 153 507 876 2030 0 800 139 0 1 0"
      ;;
    71)
      test-tcas  "374 0 482 98 378 2505 2 97 718 0 0 0"
      ;;
    72)
      test-tcas  "690 1 899 769 985 3536 2 763 256 0 0 1"
      ;;
    73)
      test-tcas  "516 1 886 785 50 3835 3 36 319 1 0 0"
      ;;
    74)
      test-tcas  "145 0 780 56 340 9104 0 494 793 1 1 1"
      ;;
    75)
      test-tcas  "982 1 908 151 788 9984 1 909 499 1 0 1"
      ;;
    76)
      test-tcas  "865 1 391 69 147 9221 2 595 131 0 0 0"
      ;;
    77)
      test-tcas  "217 0 66 595 799 1076 3 772 337 1 1 1"
      ;;
    78)
      test-tcas  "710 1 963 910 658 6518 0 35 407 1 0 0"
      ;;
    79)
      test-tcas  "818 1 369 191 769 6614 2 925 799 1 1 0"
      ;;
    80)
      test-tcas  "441 0 684 462 75 3937 2 846 594 0 1 1"
      ;;
    81)
      test-tcas  "650 1 52 729 730 7544 3 169 900 0 1 1"
      ;;
    82)
      test-tcas  "575 0 123 613 319 1352 2 303 284 0 1 1"
      ;;
    83)
      test-tcas  "568 0 251 182 483 8394 1 796 436 0 0 0"
      ;;
    84)
      test-tcas  "881 0 2 541 616 4506 2 150 480 1 1 1"
      ;;
    85)
      test-tcas  "404 0 987 913 614 4608 3 13 714 0 0 1"
      ;;
    86)
      test-tcas  "341 0 786 491 23 2638 3 709 921 0 1 0"
      ;;
    87)
      test-tcas  "143 1 50 201 407 2683 1 750 936 1 0 0"
      ;;
    88)
      test-tcas  "582 0 827 754 357 3664 3 939 757 0 1 1"
      ;;
esac
