#!/bin/bash
set -euo pipefail
SCRIPT_DIR=$(cd "$(dirname "${BASH_SOURCE[0]}")" && pwd)
test-tcas () {
    diff -q <(${ANGELIX_RUN:-eval} ./tcas $1) <($SCRIPT_DIR/../golden/tcas $1) > /dev/null
}

case "$1" in
    1)
      test-tcas  "965 1 287 126 837 4649 3 341 653 1 0 1"
      ;;
    2)
      test-tcas  "391 0 663 66 891 6664 1 480 965 1 1 1"
      ;;
    3)
      test-tcas  "690 0 347 626 161 1681 3 260 171 0 1 1"
      ;;
    4)
      test-tcas  "509 1 288 467 580 6874 2 503 71 0 0 0"
      ;;
    5)
      test-tcas  "225 1 566 830 113 5419 2 896 942 0 0 0"
      ;;
    6)
      test-tcas  "84 1 328 680 963 5934 1 721 399 0 0 1"
      ;;
    7)
      test-tcas  "291 1 630 155 754 9640 3 478 959 1 1 1"
      ;;
    8)
      test-tcas  "967 0 736 840 763 3708 0 496 584 0 1 1"
      ;;
    9)
      test-tcas  "355 0 291 691 732 8748 0 505 799 0 0 0"
      ;;
    10)
      test-tcas  "964 1 846 595 950 2592 2 16 86 1 0 1"
      ;;
    11)
      test-tcas  "282 0 566 768 189 1399 2 208 11 1 0 0"
      ;;
    12)
      test-tcas  "401 1 403 335 641 2674 1 824 64 0 0 1"
      ;;
    13)
      test-tcas  "286 0 819 563 358 3045 1 346 395 1 1 0"
      ;;
    14)
      test-tcas  "584 0 59 301 722 6577 2 488 609 1 0 1"
      ;;
    15)
      test-tcas  "675 0 173 254 205 7046 0 743 395 1 0 1"
      ;;
    16)
      test-tcas  "271 1 371 728 183 9877 1 414 186 0 0 1"
      ;;
    17)
      test-tcas  "140 0 922 506 755 6498 1 210 123 0 0 1"
      ;;
    18)
      test-tcas  "524 0 615 438 397 5500 3 104 420 0 1 1"
      ;;
    19)
      test-tcas  "580 1 892 324 966 1423 2 760 757 1 0 1"
      ;;
    20)
      test-tcas  "569 1 986 512 863 2997 2 366 599 1 0 1"
      ;;
    21)
      test-tcas  "716 0 927 537 269 8477 1 266 295 0 0 0"
      ;;
    22)
      test-tcas  "531 0 971 972 139 6091 2 270 504 0 1 1"
      ;;
    23)
      test-tcas  "974 1 921 446 145 2811 3 969 931 1 1 1"
      ;;
    24)
      test-tcas  "168 0 979 593 977 4399 2 867 443 1 1 1"
      ;;
    25)
      test-tcas  "409 1 111 416 374 4253 0 474 532 1 0 1"
      ;;
    26)
      test-tcas  "966 0 513 280 888 7721 1 949 613 1 0 0"
      ;;
    27)
      test-tcas  "638 0 530 438 798 2437 0 161 972 0 0 1"
      ;;
    28)
      test-tcas  "235 0 458 631 651 3810 0 387 155 0 0 0"
      ;;
    29)
      test-tcas  "51 1 826 935 760 8044 1 134 319 0 0 0"
      ;;
    30)
      test-tcas  "49 1 289 620 504 2993 3 802 530 1 1 1"
      ;;
    31)
      test-tcas  "779 0 873 343 543 9800 3 141 112 1 1 0"
      ;;
    32)
      test-tcas  "185 0 256 521 9 5575 1 633 80 0 1 1"
      ;;
    33)
      test-tcas  "178 1 859 240 474 9371 2 87 240 0 0 1"
      ;;
    34)
      test-tcas  "401 0 856 502 847 400 1 837 900 0 0 1"
      ;;
    35)
      test-tcas  "817 0 781 63 536 8818 1 66 146 1 0 1"
      ;;
    36)
      test-tcas  "692 0 150 522 29 5474 3 782 389 1 1 0"
      ;;
    37)
      test-tcas  "220 0 539 665 615 7746 1 56 386 1 1 0"
      ;;
    38)
      test-tcas  "394 1 738 447 276 4060 2 90 105 0 1 1"
      ;;
    39)
      test-tcas  "857 0 50 272 759 9800 2 670 743 1 1 0"
      ;;
    40)
      test-tcas  "247 0 438 529 566 2116 3 472 790 1 0 1"
      ;;
    41)
      test-tcas  "126 1 79 586 70 669 0 635 443 1 0 1"
      ;;
    42)
      test-tcas  "799 1 998 649 80 5515 2 818 689 1 1 0"
      ;;
    43)
      test-tcas  "333 0 711 88 92 2225 1 884 179 0 1 0"
      ;;
    44)
      test-tcas  "767 0 377 989 61 7898 2 79 539 1 0 0"
      ;;
    45)
      test-tcas  "903 0 652 797 818 9958 2 420 955 1 0 0"
      ;;
    46)
      test-tcas  "228 1 424 21 325 2603 2 715 835 0 0 0"
      ;;
    47)
      test-tcas  "328 0 791 26 700 3359 1 357 3 1 1 1"
      ;;
    48)
      test-tcas  "758 0 995 967 413 4537 1 743 262 1 1 0"
      ;;
    49)
      test-tcas  "591 1 708 907 263 1386 1 786 256 0 0 1"
      ;;
    50)
      test-tcas  "891 0 831 147 641 402 1 645 396 0 1 1"
      ;;
    51)
      test-tcas  "69 0 62 711 213 7677 0 366 124 0 0 0"
      ;;
    52)
      test-tcas  "525 0 751 845 537 8176 2 686 64 0 1 0"
      ;;
    53)
      test-tcas  "154 1 35 249 140 2646 0 805 586 1 1 1"
      ;;
    54)
      test-tcas  "138 0 967 618 420 9239 0 398 969 1 0 0"
      ;;
    55)
      test-tcas  "97 0 281 865 212 2115 3 617 819 1 1 0"
      ;;
    56)
      test-tcas  "937 0 575 178 96 9052 3 279 453 1 1 0"
      ;;
    57)
      test-tcas  "808 1 48 818 453 4637 3 817 881 0 0 0"
      ;;
    58)
      test-tcas  "315 1 545 271 950 4776 0 961 530 1 1 1"
      ;;
    59)
      test-tcas  "620 1 415 63 507 2140 2 453 180 0 0 1"
      ;;
    60)
      test-tcas  "235 1 755 187 900 742 1 394 549 1 0 1"
      ;;
    61)
      test-tcas  "262 0 825 722 975 1068 0 133 735 0 1 0"
      ;;
    62)
      test-tcas  "411 1 879 817 972 5160 0 812 110 1 1 1"
      ;;
    63)
      test-tcas  "529 0 351 760 729 3636 2 940 473 0 1 1"
      ;;
    64)
      test-tcas  "403 0 200 399 497 3973 1 514 110 1 0 1"
      ;;
    65)
      test-tcas  "400 0 373 656 797 1379 2 394 44 0 1 1"
      ;;
    66)
      test-tcas  "12 1 636 365 160 249 1 733 30 1 1 1"
      ;;
    67)
      test-tcas  "603 0 604 83 710 5614 0 364 932 1 1 1"
      ;;
    68)
      test-tcas  "576 1 560 931 422 10 2 122 846 1 1 0"
      ;;
    69)
      test-tcas  "871 0 644 891 422 1989 1 72 817 0 0 1"
      ;;
    70)
      test-tcas  "54 1 202 342 29 7905 1 641 178 1 1 1"
      ;;
    71)
      test-tcas  "379 1 505 897 173 8746 3 611 474 0 0 1"
      ;;
    72)
      test-tcas  "10 1 709 918 636 8606 1 854 542 0 0 0"
      ;;
    73)
      test-tcas  "121 1 776 289 920 862 0 606 672 1 1 0"
      ;;
    74)
      test-tcas  "874 0 159 305 769 2355 2 940 846 1 1 1"
      ;;
    75)
      test-tcas  "207 1 378 640 214 4711 3 944 842 1 0 0"
      ;;
    76)
      test-tcas  "97 0 95 587 633 5527 1 920 476 1 1 1"
      ;;
    77)
      test-tcas  "343 0 81 835 623 389 0 698 501 0 0 0"
      ;;
    78)
      test-tcas  "69 0 382 152 508 9632 0 893 613 1 1 0"
      ;;
    79)
      test-tcas  "973 0 214 423 96 1367 3 679 674 0 0 0"
      ;;
    80)
      test-tcas  "932 0 452 477 726 4646 0 303 643 0 0 0"
      ;;
    81)
      test-tcas  "849 0 269 182 876 3596 0 240 817 1 0 1"
      ;;
    82)
      test-tcas  "644 0 239 222 490 5071 0 511 778 1 1 0"
      ;;
    83)
      test-tcas  "1 0 316 908 833 8742 1 252 993 1 1 1"
      ;;
    84)
      test-tcas  "930 1 369 296 6 9611 3 215 274 0 1 0"
      ;;
    85)
      test-tcas  "377 0 412 729 343 8670 1 395 270 0 1 0"
      ;;
    86)
      test-tcas  "975 1 410 791 695 7890 3 464 845 0 0 1"
      ;;
    87)
      test-tcas  "633 1 453 447 83 846 3 177 631 1 0 0"
      ;;
    88)
      test-tcas  "997 0 235 933 478 76 3 335 163 0 0 0"
      ;;
esac
