#!/bin/bash
set -euo pipefail
SCRIPT_DIR=$(cd "$(dirname "${BASH_SOURCE[0]}")" && pwd)
test-tcas () {
    diff -q <(${ANGELIX_RUN:-eval} ./tcas $1) <($SCRIPT_DIR/../golden/tcas $1) > /dev/null
}

case "$1" in
    1)
      test-tcas  "868 0 80 551 662 9840 3 364 720 1 1 0"
      ;;
    2)
      test-tcas  "606 0 337 574 599 9193 0 959 334 0 1 0"
      ;;
    3)
      test-tcas  "22 0 366 754 445 1812 3 99 929 1 0 0"
      ;;
    4)
      test-tcas  "874 1 613 851 226 9065 1 458 504 1 0 1"
      ;;
    5)
      test-tcas  "569 1 8 106 386 8581 2 269 430 1 1 0"
      ;;
    6)
      test-tcas  "224 1 99 820 744 4654 3 300 69 1 1 1"
      ;;
    7)
      test-tcas  "694 1 31 676 399 2120 1 343 430 0 1 0"
      ;;
    8)
      test-tcas  "993 0 888 828 780 3324 1 732 292 0 0 1"
      ;;
    9)
      test-tcas  "237 0 795 339 164 8472 2 114 797 1 1 1"
      ;;
    10)
      test-tcas  "254 0 714 674 428 9856 1 960 343 0 0 1"
      ;;
    11)
      test-tcas  "231 1 173 456 382 501 3 0 591 0 0 1"
      ;;
    12)
      test-tcas  "148 0 169 738 874 7363 2 919 678 1 0 0"
      ;;
    13)
      test-tcas  "454 0 200 501 915 8609 0 311 149 0 1 1"
      ;;
    14)
      test-tcas  "243 0 847 63 338 3509 3 972 835 0 0 1"
      ;;
    15)
      test-tcas  "327 0 446 472 983 2206 2 210 763 0 1 1"
      ;;
    16)
      test-tcas  "855 0 322 876 139 1041 1 874 331 0 0 1"
      ;;
    17)
      test-tcas  "696 0 609 191 857 7188 0 329 281 0 1 1"
      ;;
    18)
      test-tcas  "497 1 37 241 940 4164 0 588 596 0 1 0"
      ;;
    19)
      test-tcas  "320 1 64 809 735 7217 0 247 168 1 0 0"
      ;;
    20)
      test-tcas  "915 0 519 824 483 4788 1 800 123 1 1 1"
      ;;
    21)
      test-tcas  "111 1 382 129 729 9060 1 306 854 1 0 1"
      ;;
    22)
      test-tcas  "371 0 510 978 374 5158 1 210 272 1 0 1"
      ;;
    23)
      test-tcas  "455 0 49 574 145 4772 0 476 414 1 1 1"
      ;;
    24)
      test-tcas  "126 0 892 613 726 5901 1 960 409 0 0 0"
      ;;
    25)
      test-tcas  "148 0 882 886 503 5987 0 231 901 0 1 1"
      ;;
    26)
      test-tcas  "291 0 544 573 714 1011 1 764 314 1 0 0"
      ;;
    27)
      test-tcas  "772 0 907 917 962 8096 0 650 875 0 1 0"
      ;;
    28)
      test-tcas  "492 0 478 468 357 3790 2 601 43 1 0 0"
      ;;
    29)
      test-tcas  "565 1 666 69 94 4590 0 219 954 1 0 0"
      ;;
    30)
      test-tcas  "20 1 886 202 84 272 2 46 674 0 0 1"
      ;;
    31)
      test-tcas  "95 0 227 257 192 4322 2 32 431 0 1 0"
      ;;
    32)
      test-tcas  "415 1 978 631 892 9163 1 584 630 0 1 0"
      ;;
    33)
      test-tcas  "289 0 367 461 542 6993 1 366 278 1 0 0"
      ;;
    34)
      test-tcas  "655 1 712 95 149 9799 2 509 496 0 0 1"
      ;;
    35)
      test-tcas  "642 1 703 215 340 4605 0 850 78 1 1 1"
      ;;
    36)
      test-tcas  "384 1 807 769 360 2166 2 217 528 0 1 1"
      ;;
    37)
      test-tcas  "642 1 739 626 195 9166 1 677 722 0 0 1"
      ;;
    38)
      test-tcas  "873 0 648 51 456 5496 3 23 286 1 1 0"
      ;;
    39)
      test-tcas  "745 0 90 757 397 9436 2 590 893 0 1 0"
      ;;
    40)
      test-tcas  "637 1 952 465 392 4459 0 802 68 0 1 1"
      ;;
    41)
      test-tcas  "432 1 385 465 378 1954 0 592 682 1 0 1"
      ;;
    42)
      test-tcas  "900 1 335 777 152 4488 2 80 81 1 1 0"
      ;;
    43)
      test-tcas  "184 0 575 41 65 4152 2 612 866 1 0 0"
      ;;
    44)
      test-tcas  "328 0 121 292 426 241 2 384 535 0 0 0"
      ;;
    45)
      test-tcas  "408 1 662 228 43 9811 3 576 677 0 1 1"
      ;;
    46)
      test-tcas  "734 0 47 565 554 3745 2 964 95 0 0 1"
      ;;
    47)
      test-tcas  "638 0 83 472 719 9635 3 606 101 0 1 1"
      ;;
    48)
      test-tcas  "671 1 705 961 525 1223 2 209 367 0 0 1"
      ;;
    49)
      test-tcas  "573 0 254 485 919 2225 3 308 39 1 1 1"
      ;;
    50)
      test-tcas  "99 0 862 802 89 151 2 368 362 0 0 0"
      ;;
    51)
      test-tcas  "740 0 6 464 606 3211 1 373 867 1 0 1"
      ;;
    52)
      test-tcas  "576 1 29 60 311 542 1 387 110 1 0 1"
      ;;
    53)
      test-tcas  "867 1 929 557 641 2837 3 940 216 0 0 0"
      ;;
    54)
      test-tcas  "631 0 878 804 93 7013 2 982 866 1 1 1"
      ;;
    55)
      test-tcas  "254 1 854 412 785 4746 3 447 26 0 0 1"
      ;;
    56)
      test-tcas  "275 0 414 874 509 622 2 265 594 0 0 1"
      ;;
    57)
      test-tcas  "710 1 969 900 368 1261 0 941 188 1 0 0"
      ;;
    58)
      test-tcas  "817 1 985 493 976 2027 3 527 651 0 1 0"
      ;;
    59)
      test-tcas  "864 1 336 362 304 2929 1 38 318 0 1 0"
      ;;
    60)
      test-tcas  "433 0 533 781 604 9979 2 7 864 1 0 1"
      ;;
    61)
      test-tcas  "906 1 771 947 397 2591 1 29 496 0 0 0"
      ;;
    62)
      test-tcas  "160 0 685 394 251 1673 2 749 433 0 0 0"
      ;;
    63)
      test-tcas  "71 1 367 903 113 6764 1 817 5 0 0 1"
      ;;
    64)
      test-tcas  "251 1 569 737 117 3977 0 876 337 0 1 1"
      ;;
    65)
      test-tcas  "416 1 131 905 254 9609 3 676 387 0 0 0"
      ;;
    66)
      test-tcas  "85 1 466 478 922 7072 2 873 187 1 0 1"
      ;;
    67)
      test-tcas  "710 1 498 749 221 7243 0 25 387 0 0 1"
      ;;
    68)
      test-tcas  "51 1 678 335 983 4520 3 728 701 1 0 1"
      ;;
    69)
      test-tcas  "488 1 702 17 786 2690 3 700 567 0 0 1"
      ;;
    70)
      test-tcas  "91 1 223 324 742 6278 0 8 235 1 1 1"
      ;;
    71)
      test-tcas  "576 1 272 542 585 4224 1 422 677 0 1 0"
      ;;
    72)
      test-tcas  "856 1 244 960 558 3697 3 214 58 0 0 1"
      ;;
    73)
      test-tcas  "655 1 124 769 728 2395 0 441 72 0 1 0"
      ;;
    74)
      test-tcas  "627 1 231 117 826 8015 2 16 306 1 0 1"
      ;;
    75)
      test-tcas  "662 1 12 352 243 3499 1 561 739 1 0 0"
      ;;
    76)
      test-tcas  "458 1 447 506 721 6370 2 185 792 0 0 1"
      ;;
    77)
      test-tcas  "95 1 333 565 267 9768 0 13 751 1 1 1"
      ;;
    78)
      test-tcas  "219 0 169 988 135 1867 2 336 104 0 0 0"
      ;;
    79)
      test-tcas  "519 0 521 392 178 9060 3 896 188 0 0 0"
      ;;
    80)
      test-tcas  "467 0 619 195 608 6705 3 804 691 0 1 0"
      ;;
    81)
      test-tcas  "852 1 544 353 94 9318 1 142 860 1 1 0"
      ;;
    82)
      test-tcas  "331 1 697 167 319 9905 0 257 847 1 1 1"
      ;;
    83)
      test-tcas  "215 1 226 436 430 5562 1 227 358 1 1 1"
      ;;
    84)
      test-tcas  "855 0 910 965 443 3651 1 870 797 0 0 1"
      ;;
    85)
      test-tcas  "424 1 416 707 440 9709 3 88 275 0 1 1"
      ;;
    86)
      test-tcas  "461 0 81 486 425 4766 1 163 305 0 0 0"
      ;;
    87)
      test-tcas  "422 1 232 441 936 5974 2 968 628 1 1 1"
      ;;
    88)
      test-tcas  "489 1 751 942 993 364 3 842 496 1 1 1"
      ;;
esac
