#!/bin/bash
set -euo pipefail
SCRIPT_DIR=$(cd "$(dirname "${BASH_SOURCE[0]}")" && pwd)
test-tcas () {
    diff -q <(${ANGELIX_RUN:-eval} ./tcas $1) <($SCRIPT_DIR/../golden/tcas $1) > /dev/null
}

case "$1" in
    1)
      test-tcas  "0 0 0 0 0 0 0 0 0 0 1 0"
      ;;
    2)
      test-tcas  "2272 1 0 6096 16 4336 0 -10000 6256 0 1 0"
      ;;
    3)
      test-tcas  "6256 1 1 -8176 240 -5870 0 10000 10000 0 2 0"
      ;;
    4)
      test-tcas  "2704 1 1 2288 112 16 0 -4 -6128 0 2 0"
      ;;
    5)
      test-tcas  "10000 1 1 2288 112 2290 0 -9216 -8464 0 2 0"
      ;;
    6)
      test-tcas  "3184 1 1 -9999 80 -10000 0 -9996 -9992 0 2 0"
      ;;
    7)
      test-tcas  "10000 1 1 2288 112 2290 1 -9216 -8464 0 2 0"
      ;;
    8)
      test-tcas  "6256 1 1 4337 16 -8976 0 2288 2289 0 2 0"
      ;;
    9)
      test-tcas  "4976 1 1 -880 240 -332 2 10000 10000 0 2 0"
      ;;
    10)
      test-tcas  "6160 1 1 -1968 240 -1936 1 3988 8176 0 2 1"
      ;;
    11)
      test-tcas  "9840 1 1 -1968 -10000 2288 3 10000 10000 0 2 0"
      ;;
    12)
      test-tcas  "8368 1 1 2289 112 -10000 1 2292 2448 0 2 1"
      ;;
    13)
      test-tcas  "6320 1 1 -880 -1872 2288 0 6332 752 0 2 1"
      ;;
    14)
      test-tcas  "6320 1 1 -1936 16 6352 0 -104 -10000 0 2 1"
      ;;
    15)
      test-tcas  "3184 1 1 -9999 80 -10000 1 -9996 -9992 0 2 0"
      ;;
    16)
      test-tcas  "6320 1 1 -1936 16 6352 2 -104 -10000 0 2 1"
      ;;
    17)
      test-tcas  "10000 1 1 2288 112 2290 2 -9216 -8464 0 2 0"
      ;;
    18)
      test-tcas  "6256 1 1 4561 240 4112 2 4048 4048 0 2 0"
      ;;
    19)
      test-tcas  "2288 1 1 2224 16 2800 3 -6432 -6416 0 2 0"
      ;;
    20)
      test-tcas  "6256 1 1 2289 80 -10000 3 2288 2544 0 2 1"
      ;;
    21)
      test-tcas  "3088 1 1 -8080 -9104 -6928 1 6380 1264 0 2 1"
      ;;
    22)
      test-tcas  "3184 1 1 -9999 80 -10000 2 -9996 -9992 0 2 0"
      ;;
    23)
      test-tcas  "3184 1 1 -9999 80 -10000 3 -9996 -9992 0 2 0"
      ;;
    24)
      test-tcas  "6320 1 1 -1936 16 6352 1 -104 -10000 0 2 1"
      ;;
    25)
      test-tcas  "6320 1 1 -1936 16 6352 3 -104 -10000 0 2 1"
      ;;
    26)
      test-tcas  "1776 1 1 6368 80 6370 2 2300 2064 0 2 1"
      ;;
    27)
      test-tcas  "3296 1 1 -8944 -10000 5328 3 3997 4096 0 2 1"
      ;;
esac
