#!/bin/bash
set -euo pipefail
SCRIPT_DIR=$(cd "$(dirname "${BASH_SOURCE[0]}")" && pwd)
test-tcas () {
    diff -q <(${ANGELIX_RUN:-eval} ./tcas $1) <($SCRIPT_DIR/../golden/tcas $1) > /dev/null
}

case "$1" in
    1)
      test-tcas  "712 1 982 651 909 3520 1 876 422 0 1 1"
      ;;
    2)
      test-tcas  "470 0 636 139 134 7793 2 416 829 1 1 1"
      ;;
    3)
      test-tcas  "599 1 7 577 586 3596 2 474 371 1 1 1"
      ;;
    4)
      test-tcas  "828 1 475 936 755 6987 1 334 826 1 0 0"
      ;;
    5)
      test-tcas  "356 0 964 366 943 8975 2 847 294 0 1 0"
      ;;
    6)
      test-tcas  "486 1 629 553 416 1138 3 731 442 0 0 1"
      ;;
    7)
      test-tcas  "105 0 900 946 299 1825 1 534 496 1 0 0"
      ;;
    8)
      test-tcas  "434 1 506 26 196 1409 0 530 748 1 0 1"
      ;;
    9)
      test-tcas  "827 1 633 422 519 6953 0 805 997 1 1 1"
      ;;
    10)
      test-tcas  "684 1 405 497 500 5784 3 55 992 1 0 0"
      ;;
    11)
      test-tcas  "851 1 334 87 749 3760 2 53 480 0 1 0"
      ;;
    12)
      test-tcas  "104 0 364 343 166 7494 2 445 89 1 0 0"
      ;;
    13)
      test-tcas  "540 1 517 118 864 501 3 405 752 1 1 0"
      ;;
    14)
      test-tcas  "878 0 69 48 618 1046 3 805 899 1 1 1"
      ;;
    15)
      test-tcas  "837 1 531 396 133 4578 3 890 110 1 0 1"
      ;;
    16)
      test-tcas  "862 1 516 889 246 5822 2 6 343 1 1 0"
      ;;
    17)
      test-tcas  "576 0 901 124 891 5058 0 677 270 0 0 1"
      ;;
    18)
      test-tcas  "384 0 422 724 380 9706 0 340 619 0 1 0"
      ;;
    19)
      test-tcas  "699 1 99 190 246 6145 2 243 754 0 0 1"
      ;;
    20)
      test-tcas  "233 0 569 471 539 7692 3 443 55 0 0 1"
      ;;
    21)
      test-tcas  "788 1 583 449 89 2801 0 482 903 0 1 0"
      ;;
    22)
      test-tcas  "897 1 562 54 843 2955 2 183 372 1 1 1"
      ;;
    23)
      test-tcas  "573 1 205 356 945 2237 3 99 894 0 1 0"
      ;;
    24)
      test-tcas  "310 0 723 898 744 315 0 439 382 0 1 1"
      ;;
    25)
      test-tcas  "295 1 322 648 434 7489 0 827 439 1 0 1"
      ;;
    26)
      test-tcas  "630 1 61 272 475 4589 3 967 400 0 1 0"
      ;;
    27)
      test-tcas  "105 1 193 989 379 1770 1 288 50 1 1 1"
      ;;
    28)
      test-tcas  "848 0 560 38 878 8764 3 763 909 0 0 1"
      ;;
    29)
      test-tcas  "874 1 512 773 820 4831 2 545 32 1 0 0"
      ;;
    30)
      test-tcas  "227 1 231 618 506 9466 0 636 228 1 0 0"
      ;;
    31)
      test-tcas  "95 1 166 524 491 5034 3 665 603 1 0 0"
      ;;
    32)
      test-tcas  "872 1 654 239 146 9684 0 896 244 0 1 0"
      ;;
    33)
      test-tcas  "746 1 547 555 505 3343 0 841 789 0 0 0"
      ;;
    34)
      test-tcas  "944 0 968 756 184 1210 3 369 457 1 0 0"
      ;;
    35)
      test-tcas  "299 1 25 850 294 7946 0 893 10 1 1 0"
      ;;
    36)
      test-tcas  "302 0 526 620 446 1754 0 144 880 0 1 1"
      ;;
    37)
      test-tcas  "256 1 403 324 81 729 1 195 492 0 0 0"
      ;;
    38)
      test-tcas  "601 0 681 800 421 4192 2 756 571 1 1 1"
      ;;
    39)
      test-tcas  "869 0 461 915 404 9296 0 345 917 0 0 1"
      ;;
    40)
      test-tcas  "110 1 420 711 29 7917 2 736 821 1 0 0"
      ;;
    41)
      test-tcas  "952 1 921 178 466 760 3 132 969 1 1 0"
      ;;
    42)
      test-tcas  "803 0 801 461 326 4747 3 699 269 0 1 1"
      ;;
    43)
      test-tcas  "934 1 412 322 358 6011 1 615 660 0 1 1"
      ;;
    44)
      test-tcas  "477 0 419 973 797 4354 0 418 489 1 1 0"
      ;;
    45)
      test-tcas  "550 0 302 875 406 5665 2 358 609 0 0 1"
      ;;
    46)
      test-tcas  "930 1 367 800 148 6668 1 560 807 0 1 0"
      ;;
    47)
      test-tcas  "833 1 462 403 190 1422 1 150 665 1 0 1"
      ;;
    48)
      test-tcas  "490 1 388 669 746 1230 0 24 388 0 0 1"
      ;;
    49)
      test-tcas  "300 1 308 975 5 9026 2 752 522 1 0 1"
      ;;
    50)
      test-tcas  "397 0 209 98 101 5943 1 48 868 0 0 1"
      ;;
    51)
      test-tcas  "488 1 719 297 782 1545 3 487 245 1 1 0"
      ;;
    52)
      test-tcas  "843 0 252 603 58 188 2 547 48 0 0 0"
      ;;
    53)
      test-tcas  "245 0 663 715 771 4187 0 730 840 0 1 1"
      ;;
    54)
      test-tcas  "679 0 195 341 586 9763 3 337 450 1 1 1"
      ;;
    55)
      test-tcas  "422 1 625 502 481 4358 2 608 285 0 1 1"
      ;;
    56)
      test-tcas  "68 0 101 222 330 3606 1 192 731 0 0 0"
      ;;
    57)
      test-tcas  "874 1 172 125 685 3167 0 464 668 1 0 1"
      ;;
    58)
      test-tcas  "618 1 71 812 314 4772 2 927 269 1 1 0"
      ;;
    59)
      test-tcas  "922 1 248 423 492 7102 3 906 328 0 1 1"
      ;;
    60)
      test-tcas  "775 0 638 580 457 607 3 915 411 1 1 0"
      ;;
    61)
      test-tcas  "671 0 40 877 785 1077 0 473 174 0 1 1"
      ;;
    62)
      test-tcas  "485 0 382 303 812 9593 3 747 189 1 1 1"
      ;;
    63)
      test-tcas  "849 1 508 408 532 6571 0 266 550 0 1 1"
      ;;
    64)
      test-tcas  "426 0 447 672 651 4831 0 957 519 1 0 1"
      ;;
    65)
      test-tcas  "55 0 901 382 768 1054 0 65 330 1 0 0"
      ;;
    66)
      test-tcas  "319 0 971 436 837 6597 0 989 161 0 1 1"
      ;;
    67)
      test-tcas  "585 0 878 767 258 7430 2 761 131 1 1 1"
      ;;
    68)
      test-tcas  "111 1 598 615 106 8965 0 860 967 0 1 0"
      ;;
    69)
      test-tcas  "219 0 48 612 123 4694 3 157 790 1 0 1"
      ;;
    70)
      test-tcas  "36 0 566 602 174 7934 1 180 196 1 0 1"
      ;;
    71)
      test-tcas  "637 1 32 288 967 3522 2 452 526 0 0 1"
      ;;
    72)
      test-tcas  "859 1 84 214 817 1028 1 477 928 0 1 1"
      ;;
    73)
      test-tcas  "360 1 383 175 267 2999 2 948 419 1 1 1"
      ;;
    74)
      test-tcas  "805 0 941 4 333 831 1 4 841 0 0 1"
      ;;
    75)
      test-tcas  "369 0 955 730 62 7198 1 816 124 0 0 0"
      ;;
    76)
      test-tcas  "962 0 593 373 28 7416 1 466 896 1 0 0"
      ;;
    77)
      test-tcas  "805 1 559 114 216 2827 0 957 963 0 0 1"
      ;;
    78)
      test-tcas  "193 0 166 324 639 7131 1 346 690 0 0 1"
      ;;
    79)
      test-tcas  "398 1 2 817 786 1643 2 276 801 1 1 0"
      ;;
    80)
      test-tcas  "814 1 106 879 836 7701 2 771 515 1 0 0"
      ;;
    81)
      test-tcas  "534 0 838 958 263 3855 1 928 362 0 0 1"
      ;;
    82)
      test-tcas  "585 0 436 499 218 2105 2 88 401 0 0 0"
      ;;
    83)
      test-tcas  "114 1 430 207 729 1220 3 344 874 1 0 0"
      ;;
    84)
      test-tcas  "779 0 831 46 438 6195 2 600 666 1 0 0"
      ;;
    85)
      test-tcas  "591 1 157 497 186 1045 2 94 215 1 1 0"
      ;;
    86)
      test-tcas  "365 1 984 105 378 7513 1 134 746 1 1 0"
      ;;
esac
