#!/bin/bash
set -euo pipefail
SCRIPT_DIR=$(cd "$(dirname "${BASH_SOURCE[0]}")" && pwd)
test-tcas () {
    diff -q <(${ANGELIX_RUN:-eval} ./tcas $1) <($SCRIPT_DIR/../golden/tcas $1) > /dev/null
}

case "$1" in
    1)
      test-tcas  "309 1 910 822 124 3611 3 839 637 1 1 1"
      ;;
    2)
      test-tcas  "636 1 67 924 316 9174 2 98 299 1 0 1"
      ;;
    3)
      test-tcas  "407 1 730 851 186 8861 2 61 695 0 0 0"
      ;;
    4)
      test-tcas  "868 1 440 95 851 8861 1 254 61 0 1 0"
      ;;
    5)
      test-tcas  "362 0 217 611 673 3002 2 629 539 1 0 1"
      ;;
    6)
      test-tcas  "655 1 731 796 133 465 0 641 323 1 0 1"
      ;;
    7)
      test-tcas  "339 0 912 73 56 2155 0 289 223 1 0 0"
      ;;
    8)
      test-tcas  "524 1 393 352 862 7445 0 162 876 0 1 1"
      ;;
    9)
      test-tcas  "735 1 373 952 524 9752 1 824 138 0 1 0"
      ;;
    10)
      test-tcas  "451 0 9 899 668 2208 2 306 195 1 1 1"
      ;;
    11)
      test-tcas  "62 1 337 50 921 3314 3 970 916 1 0 0"
      ;;
    12)
      test-tcas  "242 1 930 21 85 7130 1 626 695 1 1 1"
      ;;
    13)
      test-tcas  "780 1 73 592 41 3087 1 464 665 1 0 0"
      ;;
    14)
      test-tcas  "787 0 126 994 478 7005 2 159 603 1 1 0"
      ;;
    15)
      test-tcas  "966 0 29 363 534 7338 1 404 165 1 1 0"
      ;;
    16)
      test-tcas  "173 0 450 566 316 9018 3 75 200 0 0 1"
      ;;
    17)
      test-tcas  "948 1 74 669 954 1618 3 333 915 1 1 0"
      ;;
    18)
      test-tcas  "943 0 756 427 417 8747 3 114 456 1 0 1"
      ;;
    19)
      test-tcas  "301 0 923 426 677 1796 3 719 167 1 0 1"
      ;;
    20)
      test-tcas  "983 0 579 805 65 3298 3 585 305 1 1 1"
      ;;
    21)
      test-tcas  "832 1 557 924 743 3160 3 739 324 1 0 1"
      ;;
    22)
      test-tcas  "827 1 331 837 122 5090 2 989 87 0 1 1"
      ;;
    23)
      test-tcas  "446 0 731 39 842 409 3 555 362 1 1 0"
      ;;
    24)
      test-tcas  "378 0 187 648 528 2366 2 538 908 0 1 0"
      ;;
    25)
      test-tcas  "37 1 876 970 989 5822 0 477 132 1 0 1"
      ;;
    26)
      test-tcas  "298 1 146 300 836 4974 0 137 931 1 1 0"
      ;;
    27)
      test-tcas  "771 0 974 753 630 5416 2 697 709 0 0 1"
      ;;
    28)
      test-tcas  "607 0 938 27 647 6484 1 597 869 1 1 1"
      ;;
    29)
      test-tcas  "417 1 240 134 198 5400 1 502 150 1 0 1"
      ;;
    30)
      test-tcas  "217 0 737 426 95 6177 3 142 173 0 1 1"
      ;;
    31)
      test-tcas  "606 1 669 560 378 3730 1 144 314 0 0 0"
      ;;
    32)
      test-tcas  "438 0 883 523 778 6982 2 493 705 1 0 1"
      ;;
    33)
      test-tcas  "148 1 788 359 600 4056 0 775 623 1 1 1"
      ;;
    34)
      test-tcas  "716 0 51 883 745 7904 2 75 871 1 0 1"
      ;;
    35)
      test-tcas  "805 1 176 387 504 1892 2 120 904 0 1 0"
      ;;
    36)
      test-tcas  "98 0 579 177 454 1993 1 135 513 1 1 0"
      ;;
    37)
      test-tcas  "149 1 582 679 418 5282 3 809 692 0 0 0"
      ;;
    38)
      test-tcas  "200 1 898 876 819 3426 1 825 47 0 0 0"
      ;;
    39)
      test-tcas  "399 1 711 921 75 4800 1 527 648 0 0 1"
      ;;
    40)
      test-tcas  "696 0 253 998 741 9733 1 531 613 0 1 1"
      ;;
    41)
      test-tcas  "358 1 9 755 113 157 0 409 950 0 1 1"
      ;;
    42)
      test-tcas  "559 1 192 57 756 7747 2 994 260 0 1 0"
      ;;
    43)
      test-tcas  "861 1 13 239 99 3241 2 342 829 1 0 1"
      ;;
    44)
      test-tcas  "614 1 488 659 694 4314 0 26 412 1 1 1"
      ;;
    45)
      test-tcas  "347 0 94 981 98 9891 0 96 601 0 0 1"
      ;;
    46)
      test-tcas  "110 1 473 382 471 5320 3 851 141 1 0 0"
      ;;
    47)
      test-tcas  "458 1 673 757 43 5200 1 450 861 1 1 0"
      ;;
    48)
      test-tcas  "371 0 960 888 417 9103 2 363 996 0 0 0"
      ;;
    49)
      test-tcas  "791 0 220 651 426 9661 3 729 710 1 0 1"
      ;;
    50)
      test-tcas  "757 1 218 409 768 2789 2 864 409 1 0 0"
      ;;
    51)
      test-tcas  "203 0 626 0 65 5964 0 424 152 0 0 0"
      ;;
    52)
      test-tcas  "459 1 695 45 210 2615 2 48 939 1 0 1"
      ;;
    53)
      test-tcas  "283 1 761 704 955 8732 2 812 58 1 0 0"
      ;;
    54)
      test-tcas  "884 0 431 532 608 1788 2 292 854 1 1 0"
      ;;
    55)
      test-tcas  "907 0 298 682 478 2019 1 741 320 1 1 1"
      ;;
    56)
      test-tcas  "652 0 373 396 320 1947 1 544 837 1 1 0"
      ;;
    57)
      test-tcas  "991 1 125 521 474 1869 3 1 91 0 0 1"
      ;;
    58)
      test-tcas  "455 1 27 669 714 6761 3 343 795 1 1 0"
      ;;
    59)
      test-tcas  "830 1 918 609 931 3728 1 946 250 0 0 0"
      ;;
    60)
      test-tcas  "292 0 161 576 790 8748 3 774 67 0 0 1"
      ;;
    61)
      test-tcas  "675 0 704 299 317 7039 2 293 464 0 1 0"
      ;;
    62)
      test-tcas  "850 0 493 873 36 2832 3 398 512 1 1 1"
      ;;
    63)
      test-tcas  "420 0 485 891 811 1800 1 251 504 1 0 0"
      ;;
    64)
      test-tcas  "36 1 580 740 904 2734 2 442 263 0 1 0"
      ;;
    65)
      test-tcas  "539 0 242 484 938 4402 1 415 685 0 0 1"
      ;;
    66)
      test-tcas  "917 0 339 404 552 8713 2 807 146 0 0 0"
      ;;
    67)
      test-tcas  "664 1 903 978 378 2554 1 78 577 0 0 0"
      ;;
    68)
      test-tcas  "592 1 915 915 727 7739 1 672 22 1 0 1"
      ;;
    69)
      test-tcas  "437 0 100 779 962 1588 0 895 363 1 0 1"
      ;;
    70)
      test-tcas  "747 1 834 728 929 9644 2 746 580 0 1 0"
      ;;
    71)
      test-tcas  "524 1 769 4 108 6965 2 45 498 1 1 0"
      ;;
    72)
      test-tcas  "913 1 648 30 250 5300 3 460 325 1 0 0"
      ;;
    73)
      test-tcas  "926 0 947 209 213 268 2 334 539 1 1 0"
      ;;
    74)
      test-tcas  "677 1 521 960 516 5385 0 640 783 0 0 1"
      ;;
    75)
      test-tcas  "979 1 320 959 770 8503 0 889 286 1 1 0"
      ;;
    76)
      test-tcas  "373 1 440 151 623 792 1 449 184 0 0 0"
      ;;
    77)
      test-tcas  "668 1 347 760 206 9007 0 365 632 1 1 0"
      ;;
    78)
      test-tcas  "4 1 28 259 201 8233 0 656 132 0 0 1"
      ;;
    79)
      test-tcas  "160 0 49 163 720 4760 1 839 743 1 0 1"
      ;;
    80)
      test-tcas  "410 0 133 398 996 7092 0 509 18 0 0 1"
      ;;
    81)
      test-tcas  "673 1 766 77 620 7417 3 801 467 0 0 1"
      ;;
    82)
      test-tcas  "939 0 655 647 605 6086 0 762 207 1 1 0"
      ;;
    83)
      test-tcas  "84 1 475 571 924 7862 2 917 103 0 1 0"
      ;;
    84)
      test-tcas  "146 1 305 54 449 786 2 649 237 0 0 1"
      ;;
    85)
      test-tcas  "900 1 483 738 241 6585 0 477 912 0 1 1"
      ;;
    86)
      test-tcas  "264 0 251 786 125 5547 0 849 558 0 1 0"
      ;;
esac
