#!/bin/bash
set -euo pipefail
SCRIPT_DIR=$(cd "$(dirname "${BASH_SOURCE[0]}")" && pwd)
test-tcas () {
    diff -q <(${ANGELIX_RUN:-eval} ./tcas $1) <($SCRIPT_DIR/../golden/tcas $1) > /dev/null
}

case "$1" in
    1)
      test-tcas  "971 0 528 960 403 6541 1 710 945 1 1 0"
      ;;
    2)
      test-tcas  "677 0 382 429 679 3296 3 190 448 1 0 0"
      ;;
    3)
      test-tcas  "220 1 526 864 715 218 1 84 79 0 1 1"
      ;;
    4)
      test-tcas  "822 1 961 419 128 9432 3 508 214 0 0 0"
      ;;
    5)
      test-tcas  "339 1 27 839 671 4478 3 732 437 0 1 1"
      ;;
    6)
      test-tcas  "723 0 420 841 811 708 2 254 196 1 1 0"
      ;;
    7)
      test-tcas  "256 0 559 763 113 5998 3 84 385 0 0 0"
      ;;
    8)
      test-tcas  "383 0 320 55 787 3976 0 860 14 0 1 0"
      ;;
    9)
      test-tcas  "270 0 657 764 778 3902 3 453 760 0 1 1"
      ;;
    10)
      test-tcas  "560 1 667 32 705 426 2 927 824 0 0 1"
      ;;
    11)
      test-tcas  "43 1 143 651 930 2766 0 220 91 1 1 1"
      ;;
    12)
      test-tcas  "236 0 582 17 921 6323 2 557 197 0 1 1"
      ;;
    13)
      test-tcas  "53 0 65 275 935 437 2 496 563 1 0 1"
      ;;
    14)
      test-tcas  "963 1 286 204 922 3835 3 672 34 1 0 1"
      ;;
    15)
      test-tcas  "153 0 391 268 316 4376 2 566 148 1 0 1"
      ;;
    16)
      test-tcas  "363 1 88 453 204 1942 1 235 567 0 0 1"
      ;;
    17)
      test-tcas  "139 0 795 829 64 2735 1 689 544 0 1 0"
      ;;
    18)
      test-tcas  "301 1 364 387 21 9861 2 570 715 0 0 1"
      ;;
    19)
      test-tcas  "479 1 127 506 227 8879 2 45 827 1 0 1"
      ;;
    20)
      test-tcas  "524 0 733 397 636 7968 1 200 320 0 0 0"
      ;;
    21)
      test-tcas  "614 0 406 144 61 567 3 895 971 1 1 0"
      ;;
    22)
      test-tcas  "778 0 885 393 0 3663 0 910 48 0 0 0"
      ;;
    23)
      test-tcas  "467 1 425 440 267 7496 2 265 632 1 0 1"
      ;;
    24)
      test-tcas  "694 1 798 337 994 2147 2 940 973 1 0 1"
      ;;
    25)
      test-tcas  "77 1 307 786 86 3426 0 704 855 0 1 0"
      ;;
    26)
      test-tcas  "955 0 287 879 638 4574 2 518 129 1 0 1"
      ;;
    27)
      test-tcas  "502 1 609 338 296 1597 1 942 601 0 1 0"
      ;;
    28)
      test-tcas  "535 0 109 649 932 8532 0 143 558 1 0 0"
      ;;
    29)
      test-tcas  "400 0 798 486 364 4636 2 484 253 1 1 1"
      ;;
    30)
      test-tcas  "35 0 98 22 217 8313 1 325 617 1 0 0"
      ;;
    31)
      test-tcas  "933 0 210 168 306 2689 3 461 497 1 0 0"
      ;;
    32)
      test-tcas  "379 0 25 397 217 4946 3 693 594 0 0 0"
      ;;
    33)
      test-tcas  "896 1 813 704 10 5965 1 303 230 0 0 0"
      ;;
    34)
      test-tcas  "422 0 162 319 158 8438 1 674 893 1 1 0"
      ;;
    35)
      test-tcas  "242 0 377 89 67 413 2 28 406 0 1 0"
      ;;
    36)
      test-tcas  "227 1 765 989 621 7195 0 160 320 0 0 0"
      ;;
    37)
      test-tcas  "369 0 878 925 373 7751 1 211 958 0 0 0"
      ;;
    38)
      test-tcas  "46 0 934 980 34 2074 3 862 249 0 0 0"
      ;;
    39)
      test-tcas  "863 0 246 427 42 3542 2 951 217 0 1 0"
      ;;
    40)
      test-tcas  "281 0 565 204 945 5042 2 272 698 0 1 1"
      ;;
    41)
      test-tcas  "567 0 768 192 398 9538 3 380 460 0 1 0"
      ;;
    42)
      test-tcas  "957 1 369 456 490 4885 3 424 585 0 1 0"
      ;;
    43)
      test-tcas  "141 1 769 649 77 8999 1 530 506 1 0 1"
      ;;
    44)
      test-tcas  "477 1 160 77 698 4941 0 884 695 0 0 0"
      ;;
    45)
      test-tcas  "524 0 376 389 513 6207 1 617 501 0 0 1"
      ;;
    46)
      test-tcas  "691 0 886 563 548 313 0 654 139 1 0 1"
      ;;
    47)
      test-tcas  "932 0 494 811 349 3868 0 54 306 0 1 1"
      ;;
    48)
      test-tcas  "556 1 112 151 915 4523 3 925 324 1 0 1"
      ;;
    49)
      test-tcas  "305 1 288 746 526 4633 0 735 122 1 1 1"
      ;;
    50)
      test-tcas  "909 0 920 729 817 8070 2 862 723 0 1 0"
      ;;
    51)
      test-tcas  "359 1 810 13 98 5429 2 423 279 0 0 1"
      ;;
    52)
      test-tcas  "142 0 452 588 619 3846 1 845 958 1 1 1"
      ;;
    53)
      test-tcas  "634 0 564 92 48 5833 2 282 317 1 1 1"
      ;;
    54)
      test-tcas  "794 1 545 855 84 6887 3 872 988 0 1 1"
      ;;
    55)
      test-tcas  "200 0 141 323 616 4183 3 870 779 1 1 0"
      ;;
    56)
      test-tcas  "343 0 175 649 433 8398 3 36 415 1 1 0"
      ;;
    57)
      test-tcas  "923 0 227 349 939 7636 3 146 358 1 1 1"
      ;;
    58)
      test-tcas  "729 0 694 278 815 6530 1 262 203 0 1 0"
      ;;
    59)
      test-tcas  "430 1 604 703 12 4903 0 309 308 1 0 0"
      ;;
    60)
      test-tcas  "374 0 46 30 832 8862 1 756 312 1 0 0"
      ;;
    61)
      test-tcas  "198 0 960 753 261 2848 3 513 263 0 0 0"
      ;;
    62)
      test-tcas  "741 1 450 364 37 4057 1 828 57 0 0 1"
      ;;
    63)
      test-tcas  "399 1 617 415 245 679 0 785 872 1 0 1"
      ;;
    64)
      test-tcas  "696 1 253 570 537 2636 2 33 186 0 1 1"
      ;;
    65)
      test-tcas  "414 0 505 326 267 7934 0 689 906 0 1 0"
      ;;
    66)
      test-tcas  "211 0 921 197 122 9351 0 809 981 0 0 0"
      ;;
    67)
      test-tcas  "164 0 972 421 929 4976 0 548 726 1 1 0"
      ;;
    68)
      test-tcas  "177 1 386 813 560 2109 3 55 890 1 1 0"
      ;;
    69)
      test-tcas  "667 0 279 77 895 7205 1 292 278 0 0 1"
      ;;
    70)
      test-tcas  "360 1 203 898 964 4898 1 324 484 0 1 1"
      ;;
    71)
      test-tcas  "458 0 857 271 402 6701 2 229 13 0 0 0"
      ;;
    72)
      test-tcas  "773 0 250 942 390 4701 0 558 750 1 0 1"
      ;;
    73)
      test-tcas  "800 1 684 443 288 7510 1 301 382 0 0 0"
      ;;
    74)
      test-tcas  "997 1 916 43 52 4828 1 571 15 1 0 0"
      ;;
    75)
      test-tcas  "807 1 342 972 568 3277 0 641 807 1 0 1"
      ;;
    76)
      test-tcas  "224 1 6 570 826 9656 1 690 4 1 1 1"
      ;;
    77)
      test-tcas  "908 0 636 475 835 8443 2 472 286 1 0 0"
      ;;
    78)
      test-tcas  "44 0 827 702 932 8213 2 250 841 1 0 0"
      ;;
    79)
      test-tcas  "289 1 817 353 12 6720 2 682 35 0 0 1"
      ;;
    80)
      test-tcas  "274 0 151 895 949 6592 0 875 993 1 1 1"
      ;;
    81)
      test-tcas  "226 1 795 254 232 3047 3 610 807 0 0 0"
      ;;
    82)
      test-tcas  "324 0 57 591 569 1625 2 727 447 0 0 0"
      ;;
    83)
      test-tcas  "443 0 890 417 877 7736 0 861 809 0 1 1"
      ;;
    84)
      test-tcas  "912 1 823 724 741 813 1 156 643 1 1 1"
      ;;
    85)
      test-tcas  "925 0 0 48 52 4036 1 217 352 1 0 1"
      ;;
    86)
      test-tcas  "124 1 369 836 103 5944 0 439 950 0 0 0"
      ;;
esac
