#!/bin/bash
set -euo pipefail
SCRIPT_DIR=$(cd "$(dirname "${BASH_SOURCE[0]}")" && pwd)
test-tcas () {
    diff -q <(${ANGELIX_RUN:-eval} ./tcas $1) <($SCRIPT_DIR/../golden/tcas $1) > /dev/null
}

case "$1" in
    1)
      test-tcas  "311 0 446 67 813 9938 1 934 145 0 1 1"
      ;;
    2)
      test-tcas  "242 0 131 228 449 2426 3 989 428 0 1 1"
      ;;
    3)
      test-tcas  "55 0 692 934 615 8791 3 105 834 1 0 1"
      ;;
    4)
      test-tcas  "903 0 367 256 655 9061 1 270 495 0 0 1"
      ;;
    5)
      test-tcas  "504 0 793 696 404 1134 3 941 671 0 0 1"
      ;;
    6)
      test-tcas  "179 1 57 629 200 510 0 940 430 1 0 0"
      ;;
    7)
      test-tcas  "17 0 339 259 221 7959 2 48 411 1 0 0"
      ;;
    8)
      test-tcas  "628 1 831 520 797 3491 1 386 3 1 0 1"
      ;;
    9)
      test-tcas  "940 1 197 399 759 5308 0 851 61 1 1 0"
      ;;
    10)
      test-tcas  "714 0 129 741 495 2348 3 619 304 0 1 0"
      ;;
    11)
      test-tcas  "844 0 526 576 211 8722 3 866 786 1 1 0"
      ;;
    12)
      test-tcas  "210 0 601 499 966 7678 2 494 282 0 0 1"
      ;;
    13)
      test-tcas  "657 1 611 599 293 1744 2 792 103 1 1 1"
      ;;
    14)
      test-tcas  "800 0 97 825 728 4462 1 489 769 1 0 1"
      ;;
    15)
      test-tcas  "631 1 391 590 273 7486 0 729 56 1 0 1"
      ;;
    16)
      test-tcas  "448 0 751 753 737 4953 2 18 289 1 1 1"
      ;;
    17)
      test-tcas  "325 0 787 957 55 4791 0 131 297 0 0 1"
      ;;
    18)
      test-tcas  "355 1 904 585 42 4116 3 485 208 1 0 0"
      ;;
    19)
      test-tcas  "31 0 214 359 628 3015 1 328 265 1 1 0"
      ;;
    20)
      test-tcas  "535 0 863 853 418 7877 1 547 45 0 1 0"
      ;;
    21)
      test-tcas  "343 1 901 864 437 1940 3 708 888 0 1 0"
      ;;
    22)
      test-tcas  "346 1 741 791 176 6967 2 296 993 0 0 0"
      ;;
    23)
      test-tcas  "783 1 873 764 487 5860 1 897 499 0 1 0"
      ;;
    24)
      test-tcas  "515 1 867 424 580 1620 0 337 957 0 1 1"
      ;;
    25)
      test-tcas  "681 0 734 773 242 3345 2 530 892 1 1 0"
      ;;
    26)
      test-tcas  "479 1 535 614 546 4919 3 962 680 0 1 0"
      ;;
    27)
      test-tcas  "737 0 613 564 613 6724 0 449 712 0 0 0"
      ;;
    28)
      test-tcas  "91 1 50 641 572 5036 0 894 751 1 1 0"
      ;;
    29)
      test-tcas  "951 0 894 857 618 7792 2 422 602 1 1 0"
      ;;
    30)
      test-tcas  "7 1 362 169 67 9169 0 315 563 1 0 1"
      ;;
    31)
      test-tcas  "853 1 609 536 497 8780 0 720 795 1 0 1"
      ;;
    32)
      test-tcas  "304 0 744 685 523 4427 2 138 525 1 1 1"
      ;;
    33)
      test-tcas  "221 1 599 498 358 107 2 139 91 0 0 0"
      ;;
    34)
      test-tcas  "150 0 285 753 213 3448 2 746 91 1 0 0"
      ;;
    35)
      test-tcas  "705 1 833 197 654 8927 2 317 385 0 0 0"
      ;;
    36)
      test-tcas  "570 1 187 657 336 5016 2 653 409 1 0 1"
      ;;
    37)
      test-tcas  "69 1 499 114 56 5015 0 424 201 0 0 1"
      ;;
    38)
      test-tcas  "629 0 112 306 815 2460 0 810 652 1 1 0"
      ;;
    39)
      test-tcas  "956 0 722 600 523 2994 0 572 902 0 0 0"
      ;;
    40)
      test-tcas  "584 0 67 447 162 5099 1 516 341 0 0 1"
      ;;
    41)
      test-tcas  "374 0 64 815 634 2443 3 535 512 1 0 0"
      ;;
    42)
      test-tcas  "813 1 593 569 99 513 1 153 214 0 1 0"
      ;;
    43)
      test-tcas  "337 0 141 728 487 9896 0 609 338 1 0 0"
      ;;
    44)
      test-tcas  "586 0 231 58 875 7905 3 206 455 0 1 1"
      ;;
    45)
      test-tcas  "340 1 8 389 727 9268 2 722 815 0 0 1"
      ;;
    46)
      test-tcas  "978 0 529 452 457 5345 3 282 336 0 1 1"
      ;;
    47)
      test-tcas  "602 0 157 949 505 9723 3 109 275 1 1 0"
      ;;
    48)
      test-tcas  "489 0 77 894 24 6144 1 101 586 0 0 0"
      ;;
    49)
      test-tcas  "266 1 273 121 435 2508 1 163 555 0 1 0"
      ;;
    50)
      test-tcas  "179 1 316 108 462 2153 1 661 39 0 0 0"
      ;;
    51)
      test-tcas  "980 1 103 73 853 783 2 290 644 1 1 0"
      ;;
    52)
      test-tcas  "372 0 123 499 777 4253 2 53 382 0 1 0"
      ;;
    53)
      test-tcas  "552 0 61 947 934 8961 1 859 781 0 0 1"
      ;;
    54)
      test-tcas  "240 1 411 214 621 2805 0 637 41 0 0 1"
      ;;
    55)
      test-tcas  "610 0 451 480 485 589 1 592 722 1 0 1"
      ;;
    56)
      test-tcas  "835 1 245 252 358 3339 1 543 536 0 0 0"
      ;;
    57)
      test-tcas  "441 1 414 438 456 6290 0 981 68 1 1 0"
      ;;
    58)
      test-tcas  "353 1 221 962 360 5257 2 708 850 0 1 1"
      ;;
    59)
      test-tcas  "465 1 983 829 502 5789 0 566 871 0 0 1"
      ;;
    60)
      test-tcas  "720 0 96 526 463 3814 0 924 624 1 0 0"
      ;;
    61)
      test-tcas  "0 0 853 113 127 551 3 178 936 0 0 0"
      ;;
    62)
      test-tcas  "786 0 926 255 758 8163 0 607 234 0 1 1"
      ;;
    63)
      test-tcas  "270 1 758 858 239 6045 1 472 505 1 0 0"
      ;;
    64)
      test-tcas  "691 0 201 798 173 727 0 242 65 1 1 1"
      ;;
    65)
      test-tcas  "841 0 555 589 169 5169 0 344 258 0 0 0"
      ;;
    66)
      test-tcas  "217 0 721 605 505 5677 2 737 536 1 1 0"
      ;;
    67)
      test-tcas  "898 0 392 755 456 6851 1 85 809 0 1 0"
      ;;
    68)
      test-tcas  "180 1 224 217 851 6790 1 138 685 0 1 0"
      ;;
    69)
      test-tcas  "78 0 595 63 969 6353 2 335 149 0 1 0"
      ;;
    70)
      test-tcas  "169 1 985 249 615 7454 1 421 370 0 1 0"
      ;;
    71)
      test-tcas  "761 1 122 620 158 6303 3 208 686 0 0 1"
      ;;
    72)
      test-tcas  "196 1 914 131 527 8102 3 335 403 1 1 1"
      ;;
    73)
      test-tcas  "26 0 727 619 510 9968 3 150 854 1 0 0"
      ;;
    74)
      test-tcas  "64 1 875 963 360 8843 2 495 166 1 1 1"
      ;;
    75)
      test-tcas  "692 1 186 505 510 811 1 390 445 1 1 1"
      ;;
    76)
      test-tcas  "500 1 227 68 272 7565 1 207 523 0 1 0"
      ;;
    77)
      test-tcas  "134 0 223 876 660 4836 0 64 113 1 0 1"
      ;;
    78)
      test-tcas  "389 0 850 84 959 6281 0 727 87 0 0 1"
      ;;
    79)
      test-tcas  "807 0 995 536 380 4757 2 352 730 1 0 1"
      ;;
    80)
      test-tcas  "634 1 122 680 62 999 1 926 144 1 0 1"
      ;;
    81)
      test-tcas  "658 1 261 462 832 7503 3 223 524 0 0 0"
      ;;
    82)
      test-tcas  "476 1 619 246 492 2877 0 573 806 1 1 0"
      ;;
    83)
      test-tcas  "862 0 609 615 989 9099 2 622 186 1 0 1"
      ;;
    84)
      test-tcas  "324 1 529 135 628 949 1 698 182 1 0 1"
      ;;
    85)
      test-tcas  "570 0 360 825 502 3429 3 192 384 0 1 0"
      ;;
    86)
      test-tcas  "396 0 9 311 558 9190 3 760 647 0 0 0"
      ;;
esac
