#!/bin/bash
set -euo pipefail
SCRIPT_DIR=$(cd "$(dirname "${BASH_SOURCE[0]}")" && pwd)
test-tcas () {
    diff -q <(${ANGELIX_RUN:-eval} ./tcas $1) <($SCRIPT_DIR/../golden/tcas $1) > /dev/null
}

case "$1" in
    1)
      test-tcas  "408 0 787 431 448 9096 0 587 887 0 1 1"
      ;;
    2)
      test-tcas  "648 1 808 400 733 9255 2 699 685 1 1 0"
      ;;
    3)
      test-tcas  "180 1 968 396 881 9351 2 207 355 0 0 1"
      ;;
    4)
      test-tcas  "426 0 874 492 814 135 3 93 264 1 0 1"
      ;;
    5)
      test-tcas  "695 0 477 735 56 6838 0 863 697 0 1 0"
      ;;
    6)
      test-tcas  "61 0 41 941 401 3554 2 184 73 1 0 1"
      ;;
    7)
      test-tcas  "650 1 755 304 748 9555 2 600 990 1 0 1"
      ;;
    8)
      test-tcas  "963 1 650 57 403 7857 0 831 48 1 1 1"
      ;;
    9)
      test-tcas  "823 1 266 851 20 2437 0 205 174 0 1 1"
      ;;
    10)
      test-tcas  "169 1 478 870 915 1231 1 812 625 0 1 1"
      ;;
    11)
      test-tcas  "332 0 128 34 751 7499 3 960 69 1 1 0"
      ;;
    12)
      test-tcas  "489 0 517 987 633 2268 3 482 19 0 0 1"
      ;;
    13)
      test-tcas  "853 0 455 803 341 5354 0 375 553 1 1 0"
      ;;
    14)
      test-tcas  "646 1 457 609 899 2026 3 156 586 1 1 1"
      ;;
    15)
      test-tcas  "187 1 715 558 817 6478 3 193 37 1 1 0"
      ;;
    16)
      test-tcas  "409 1 817 729 243 2235 0 109 8 1 1 0"
      ;;
    17)
      test-tcas  "768 0 677 720 844 3137 0 172 611 1 1 1"
      ;;
    18)
      test-tcas  "966 0 899 806 557 6793 1 346 296 0 1 1"
      ;;
    19)
      test-tcas  "15 1 736 625 395 5376 2 447 468 1 0 0"
      ;;
    20)
      test-tcas  "20 1 8 424 247 6210 2 548 859 1 0 0"
      ;;
    21)
      test-tcas  "627 1 697 901 57 6949 0 471 487 1 0 1"
      ;;
    22)
      test-tcas  "378 0 617 724 15 7138 1 844 133 0 0 1"
      ;;
    23)
      test-tcas  "200 1 303 708 239 9616 3 844 98 1 1 0"
      ;;
    24)
      test-tcas  "3 1 408 631 115 1648 1 314 518 0 0 1"
      ;;
    25)
      test-tcas  "784 0 85 522 765 6677 2 526 791 1 0 0"
      ;;
    26)
      test-tcas  "799 1 379 159 218 3384 0 367 621 0 0 1"
      ;;
    27)
      test-tcas  "261 1 332 342 606 9167 0 236 900 0 1 0"
      ;;
    28)
      test-tcas  "601 0 440 312 259 265 3 410 44 0 0 0"
      ;;
    29)
      test-tcas  "647 0 242 483 741 596 2 50 526 1 0 1"
      ;;
    30)
      test-tcas  "139 1 198 372 874 5859 1 449 222 1 1 1"
      ;;
    31)
      test-tcas  "706 1 567 361 394 8630 2 478 719 1 1 0"
      ;;
    32)
      test-tcas  "958 1 848 585 316 4102 0 527 49 0 1 1"
      ;;
    33)
      test-tcas  "490 1 300 906 152 4622 1 558 302 0 0 0"
      ;;
    34)
      test-tcas  "544 1 365 541 953 4492 2 156 298 1 0 0"
      ;;
    35)
      test-tcas  "676 1 224 529 693 4387 2 721 945 1 1 0"
      ;;
    36)
      test-tcas  "150 1 421 753 734 7414 3 139 66 0 1 1"
      ;;
    37)
      test-tcas  "820 0 376 773 140 6116 3 485 359 0 0 0"
      ;;
    38)
      test-tcas  "75 0 721 235 234 1746 1 437 756 0 0 1"
      ;;
    39)
      test-tcas  "904 0 735 64 269 3829 1 223 751 1 0 1"
      ;;
    40)
      test-tcas  "380 1 687 94 154 9385 2 989 334 0 0 1"
      ;;
    41)
      test-tcas  "790 0 695 211 80 7272 0 566 880 0 1 0"
      ;;
    42)
      test-tcas  "303 0 666 408 401 3858 0 623 857 0 1 1"
      ;;
    43)
      test-tcas  "461 0 122 554 472 1646 1 183 370 0 1 1"
      ;;
    44)
      test-tcas  "852 0 111 933 100 2649 0 477 519 0 0 0"
      ;;
    45)
      test-tcas  "163 1 75 920 14 3072 1 997 116 1 1 1"
      ;;
    46)
      test-tcas  "337 1 404 405 195 5404 0 570 714 0 1 1"
      ;;
    47)
      test-tcas  "817 0 470 775 71 8193 2 92 932 1 1 0"
      ;;
    48)
      test-tcas  "825 0 267 467 464 2650 3 435 856 0 0 0"
      ;;
    49)
      test-tcas  "333 0 275 247 760 8806 3 852 802 1 0 1"
      ;;
    50)
      test-tcas  "774 0 931 499 113 2188 0 952 958 1 0 0"
      ;;
    51)
      test-tcas  "688 0 21 896 510 4924 3 102 344 1 1 1"
      ;;
    52)
      test-tcas  "335 1 511 877 292 2805 0 803 214 0 1 0"
      ;;
    53)
      test-tcas  "888 0 705 404 194 2169 1 280 382 1 0 0"
      ;;
    54)
      test-tcas  "74 1 258 440 160 7444 3 185 79 0 0 1"
      ;;
    55)
      test-tcas  "194 1 379 581 98 1895 0 920 725 0 1 0"
      ;;
    56)
      test-tcas  "101 0 632 194 378 499 0 693 593 0 0 0"
      ;;
    57)
      test-tcas  "227 1 0 329 215 4927 2 969 533 0 0 1"
      ;;
    58)
      test-tcas  "865 1 373 524 146 6363 0 514 949 0 0 0"
      ;;
    59)
      test-tcas  "817 1 330 489 615 2341 2 717 894 0 0 1"
      ;;
    60)
      test-tcas  "100 1 1 447 149 8895 2 353 544 0 1 1"
      ;;
    61)
      test-tcas  "734 0 961 694 879 9149 2 374 480 0 0 0"
      ;;
    62)
      test-tcas  "671 0 442 683 45 3941 3 726 15 1 0 0"
      ;;
    63)
      test-tcas  "655 1 769 662 852 9320 2 556 400 0 1 1"
      ;;
    64)
      test-tcas  "322 1 696 569 356 9566 2 524 9 1 0 1"
      ;;
    65)
      test-tcas  "994 1 351 553 210 3013 2 224 627 1 1 0"
      ;;
    66)
      test-tcas  "562 0 746 95 892 1144 2 20 670 0 1 1"
      ;;
    67)
      test-tcas  "476 0 254 314 575 9429 1 843 616 1 1 0"
      ;;
    68)
      test-tcas  "198 1 129 587 66 947 1 689 101 1 1 0"
      ;;
    69)
      test-tcas  "560 0 64 146 193 1184 1 789 982 1 0 0"
      ;;
    70)
      test-tcas  "242 0 861 816 739 4395 3 521 299 1 1 0"
      ;;
    71)
      test-tcas  "86 0 654 512 408 8590 3 293 370 1 1 1"
      ;;
    72)
      test-tcas  "209 0 650 564 451 7604 3 718 293 1 0 0"
      ;;
    73)
      test-tcas  "782 1 149 329 432 4757 1 425 875 1 1 1"
      ;;
    74)
      test-tcas  "44 0 570 920 163 3382 0 927 502 0 1 1"
      ;;
    75)
      test-tcas  "477 1 428 246 153 4904 0 924 637 1 0 0"
      ;;
    76)
      test-tcas  "162 0 646 827 886 5331 0 411 544 0 0 1"
      ;;
    77)
      test-tcas  "170 1 204 166 991 5778 0 880 491 1 1 0"
      ;;
    78)
      test-tcas  "371 0 18 677 814 2187 0 816 995 0 0 0"
      ;;
    79)
      test-tcas  "294 1 9 406 27 3583 0 557 776 0 1 1"
      ;;
    80)
      test-tcas  "651 1 628 954 835 7063 1 430 850 0 0 1"
      ;;
    81)
      test-tcas  "825 1 628 157 914 1322 3 878 695 0 0 1"
      ;;
    82)
      test-tcas  "48 0 606 232 529 8731 2 88 677 1 1 0"
      ;;
    83)
      test-tcas  "92 1 799 141 326 8938 2 352 822 1 1 1"
      ;;
    84)
      test-tcas  "184 1 799 31 51 4602 0 130 712 0 0 0"
      ;;
    85)
      test-tcas  "406 0 237 611 910 2160 3 468 658 0 1 1"
      ;;
    86)
      test-tcas  "106 1 115 319 484 7543 0 54 387 1 1 1"
      ;;
esac
