#!/bin/bash
set -euo pipefail
SCRIPT_DIR=$(cd "$(dirname "${BASH_SOURCE[0]}")" && pwd)
test-tcas () {
    diff -q <(${ANGELIX_RUN:-eval} ./tcas $1) <($SCRIPT_DIR/../golden/tcas $1) > /dev/null
}

case "$1" in
    1)
      test-tcas  "472 1 291 382 84 2770 2 471 611 0 0 0"
      ;;
    2)
      test-tcas  "595 1 393 202 383 2354 3 646 159 1 0 1"
      ;;
    3)
      test-tcas  "74 1 63 953 960 7383 1 915 472 0 1 0"
      ;;
    4)
      test-tcas  "791 1 724 912 215 7477 0 99 63 1 1 1"
      ;;
    5)
      test-tcas  "324 0 716 488 388 8974 0 328 24 0 0 0"
      ;;
    6)
      test-tcas  "483 0 716 815 230 1883 1 624 379 0 1 0"
      ;;
    7)
      test-tcas  "287 0 183 644 174 9591 1 910 854 1 0 1"
      ;;
    8)
      test-tcas  "819 0 117 57 30 6477 3 912 672 1 1 1"
      ;;
    9)
      test-tcas  "88 0 453 910 817 9320 0 381 430 1 0 1"
      ;;
    10)
      test-tcas  "375 1 573 226 630 3829 1 113 302 1 0 1"
      ;;
    11)
      test-tcas  "675 1 902 115 413 7750 3 176 762 1 0 1"
      ;;
    12)
      test-tcas  "617 0 139 13 283 6834 3 719 599 1 1 1"
      ;;
    13)
      test-tcas  "833 1 586 347 448 9425 3 599 381 1 1 0"
      ;;
    14)
      test-tcas  "957 1 88 893 952 9636 0 975 587 0 0 0"
      ;;
    15)
      test-tcas  "437 1 431 308 340 7956 2 849 392 1 1 0"
      ;;
    16)
      test-tcas  "20 1 527 475 951 1694 0 310 623 1 0 0"
      ;;
    17)
      test-tcas  "193 1 495 386 852 5909 0 73 604 1 1 1"
      ;;
    18)
      test-tcas  "981 0 666 428 475 8424 3 600 568 1 1 1"
      ;;
    19)
      test-tcas  "362 0 749 965 750 154 1 837 963 1 1 1"
      ;;
    20)
      test-tcas  "113 1 775 126 37 4276 3 270 366 1 1 0"
      ;;
    21)
      test-tcas  "212 1 45 763 319 4789 0 673 810 0 1 1"
      ;;
    22)
      test-tcas  "893 1 157 425 43 6678 2 514 157 0 1 0"
      ;;
    23)
      test-tcas  "200 1 224 213 626 6314 0 611 683 1 1 0"
      ;;
    24)
      test-tcas  "316 0 675 217 4 1724 3 167 279 1 0 1"
      ;;
    25)
      test-tcas  "117 1 520 161 626 8190 1 837 683 0 1 1"
      ;;
    26)
      test-tcas  "256 1 655 669 144 5012 1 6 801 1 0 1"
      ;;
    27)
      test-tcas  "710 1 729 433 502 4432 0 886 636 1 1 1"
      ;;
    28)
      test-tcas  "24 0 226 292 376 3531 2 499 437 0 1 0"
      ;;
    29)
      test-tcas  "513 0 790 12 856 4386 2 18 546 0 0 1"
      ;;
    30)
      test-tcas  "474 0 391 250 917 6997 1 284 983 1 0 1"
      ;;
    31)
      test-tcas  "883 0 742 887 614 3346 3 690 99 0 0 0"
      ;;
    32)
      test-tcas  "290 1 403 557 21 9529 2 915 628 0 1 1"
      ;;
    33)
      test-tcas  "506 0 220 826 774 6144 1 262 196 0 1 0"
      ;;
    34)
      test-tcas  "320 1 247 65 583 5071 3 633 779 0 1 0"
      ;;
    35)
      test-tcas  "837 1 935 618 367 3378 2 343 779 0 0 1"
      ;;
    36)
      test-tcas  "72 0 288 397 610 2455 1 207 251 0 0 1"
      ;;
    37)
      test-tcas  "253 1 815 543 248 2409 0 444 425 0 0 0"
      ;;
    38)
      test-tcas  "762 1 390 222 801 8507 3 110 965 1 1 0"
      ;;
    39)
      test-tcas  "892 0 749 121 592 7794 0 813 479 0 1 0"
      ;;
    40)
      test-tcas  "514 0 71 535 744 84 0 567 506 0 0 1"
      ;;
    41)
      test-tcas  "436 0 104 394 220 8289 2 637 704 1 0 1"
      ;;
    42)
      test-tcas  "593 0 502 830 452 8459 3 247 172 0 1 1"
      ;;
    43)
      test-tcas  "324 1 464 282 108 79 3 979 694 1 0 0"
      ;;
    44)
      test-tcas  "793 1 403 334 268 1932 0 621 389 1 1 0"
      ;;
    45)
      test-tcas  "160 1 263 792 732 8378 2 134 559 0 1 1"
      ;;
    46)
      test-tcas  "353 1 145 688 347 5077 1 280 596 0 1 0"
      ;;
    47)
      test-tcas  "284 0 250 89 83 2046 2 283 620 0 0 0"
      ;;
    48)
      test-tcas  "8 0 626 745 251 5528 0 721 992 0 0 0"
      ;;
    49)
      test-tcas  "781 0 974 737 504 8386 1 609 104 0 1 1"
      ;;
    50)
      test-tcas  "67 0 718 369 362 1686 0 392 754 0 0 0"
      ;;
    51)
      test-tcas  "404 1 709 606 699 7747 2 278 103 0 1 0"
      ;;
    52)
      test-tcas  "621 0 352 403 148 7263 3 19 594 0 1 0"
      ;;
    53)
      test-tcas  "159 1 525 243 552 99 1 926 268 0 0 0"
      ;;
    54)
      test-tcas  "267 0 543 197 498 1048 0 484 794 0 0 1"
      ;;
    55)
      test-tcas  "570 0 408 725 612 8222 0 571 10 0 1 0"
      ;;
    56)
      test-tcas  "952 1 919 360 636 2803 0 802 62 1 0 0"
      ;;
    57)
      test-tcas  "832 0 648 279 372 4653 0 88 184 0 1 0"
      ;;
    58)
      test-tcas  "829 1 558 620 366 8682 0 953 858 1 0 0"
      ;;
    59)
      test-tcas  "382 1 895 182 720 2053 2 659 516 1 0 0"
      ;;
    60)
      test-tcas  "222 1 199 969 624 2072 3 602 46 1 0 0"
      ;;
    61)
      test-tcas  "620 0 593 739 165 9128 3 840 259 1 1 0"
      ;;
    62)
      test-tcas  "99 0 123 474 604 8258 2 1 989 1 0 0"
      ;;
    63)
      test-tcas  "773 0 707 345 728 6753 3 162 830 1 1 0"
      ;;
    64)
      test-tcas  "646 0 277 413 941 3808 2 570 479 0 1 0"
      ;;
    65)
      test-tcas  "156 1 940 924 611 1469 3 403 423 1 0 0"
      ;;
    66)
      test-tcas  "832 1 439 647 706 4069 3 961 94 1 1 0"
      ;;
    67)
      test-tcas  "321 0 865 267 11 5962 1 945 841 1 1 1"
      ;;
    68)
      test-tcas  "81 1 488 368 198 4691 2 622 879 0 1 1"
      ;;
    69)
      test-tcas  "840 1 657 44 705 8721 0 863 49 1 1 0"
      ;;
    70)
      test-tcas  "418 0 84 633 793 5559 0 135 457 1 0 0"
      ;;
    71)
      test-tcas  "725 1 361 518 283 7472 0 644 187 0 1 1"
      ;;
    72)
      test-tcas  "718 0 322 328 329 8039 3 860 946 0 1 0"
      ;;
    73)
      test-tcas  "719 1 882 246 131 3586 0 703 49 0 1 0"
      ;;
    74)
      test-tcas  "920 0 158 483 797 8936 0 662 302 1 0 0"
      ;;
    75)
      test-tcas  "965 1 123 278 563 7067 0 77 258 0 1 0"
      ;;
    76)
      test-tcas  "334 1 686 59 303 7069 1 751 963 1 1 1"
      ;;
    77)
      test-tcas  "794 1 959 653 694 4301 0 974 651 1 1 1"
      ;;
    78)
      test-tcas  "410 0 543 648 580 843 1 899 906 1 1 0"
      ;;
    79)
      test-tcas  "628 1 982 199 946 3190 2 54 611 0 0 1"
      ;;
    80)
      test-tcas  "586 0 38 703 516 7740 2 586 499 0 1 0"
      ;;
    81)
      test-tcas  "249 1 200 928 301 2838 3 617 342 0 0 1"
      ;;
    82)
      test-tcas  "98 1 777 222 472 9108 3 824 764 1 0 0"
      ;;
    83)
      test-tcas  "921 1 117 545 669 7422 3 84 330 0 1 1"
      ;;
    84)
      test-tcas  "858 1 876 32 357 6157 1 707 915 0 1 1"
      ;;
    85)
      test-tcas  "117 1 892 856 996 6416 3 428 499 0 0 1"
      ;;
    86)
      test-tcas  "778 0 39 72 738 5560 1 956 308 0 1 0"
      ;;
esac
