#!/bin/bash
set -euo pipefail
SCRIPT_DIR=$(cd "$(dirname "${BASH_SOURCE[0]}")" && pwd)
test-tcas () {
    diff -q <(${ANGELIX_RUN:-eval} ./tcas $1) <($SCRIPT_DIR/../golden/tcas $1) > /dev/null
}

case "$1" in
    1)
      test-tcas  "819 0 523 873 348 5331 2 747 588 0 1 1"
      ;;
    2)
      test-tcas  "277 1 321 924 713 9249 1 939 307 0 1 0"
      ;;
    3)
      test-tcas  "146 0 727 257 224 7200 1 853 303 1 0 0"
      ;;
    4)
      test-tcas  "286 1 768 494 583 8230 3 684 195 1 1 1"
      ;;
    5)
      test-tcas  "137 0 867 625 398 5028 3 139 832 0 1 0"
      ;;
    6)
      test-tcas  "267 1 916 979 622 45 2 757 29 0 0 0"
      ;;
    7)
      test-tcas  "789 0 381 986 487 6485 2 824 745 1 1 0"
      ;;
    8)
      test-tcas  "901 0 586 266 373 6734 0 861 584 1 1 0"
      ;;
    9)
      test-tcas  "97 0 296 378 62 9894 3 917 143 1 0 1"
      ;;
    10)
      test-tcas  "865 1 256 628 701 6409 2 351 300 1 0 0"
      ;;
    11)
      test-tcas  "951 1 241 620 772 1231 0 481 134 1 1 0"
      ;;
    12)
      test-tcas  "488 1 621 694 163 7663 3 341 633 0 0 1"
      ;;
    13)
      test-tcas  "451 0 329 123 344 1874 2 935 921 0 0 1"
      ;;
    14)
      test-tcas  "69 0 468 866 416 3131 3 682 131 0 0 0"
      ;;
    15)
      test-tcas  "953 0 616 817 596 7027 3 326 529 1 1 1"
      ;;
    16)
      test-tcas  "767 0 209 844 446 8408 1 329 886 1 1 1"
      ;;
    17)
      test-tcas  "350 1 99 516 878 7312 3 761 454 1 0 1"
      ;;
    18)
      test-tcas  "219 0 660 203 633 5040 3 937 262 1 0 1"
      ;;
    19)
      test-tcas  "372 1 483 254 597 8458 2 422 753 1 1 1"
      ;;
    20)
      test-tcas  "286 1 899 206 950 8793 2 730 43 1 0 1"
      ;;
    21)
      test-tcas  "937 0 166 428 707 6579 1 862 362 1 0 0"
      ;;
    22)
      test-tcas  "573 1 311 284 798 6917 0 945 423 1 1 0"
      ;;
    23)
      test-tcas  "827 0 159 790 341 8980 1 502 663 1 1 0"
      ;;
    24)
      test-tcas  "638 1 131 867 274 611 2 435 467 0 1 0"
      ;;
    25)
      test-tcas  "208 1 919 600 971 2957 3 523 572 0 1 1"
      ;;
    26)
      test-tcas  "32 0 111 499 892 1406 2 205 971 1 1 1"
      ;;
    27)
      test-tcas  "790 0 297 498 755 7561 0 578 693 0 0 0"
      ;;
    28)
      test-tcas  "573 0 115 427 31 2669 3 970 842 1 1 0"
      ;;
    29)
      test-tcas  "639 1 61 914 975 5776 1 14 297 1 0 0"
      ;;
    30)
      test-tcas  "515 1 760 81 647 9945 1 29 435 1 0 0"
      ;;
    31)
      test-tcas  "916 1 730 51 713 7076 1 534 163 0 1 0"
      ;;
    32)
      test-tcas  "501 0 426 153 16 6345 0 8 470 1 1 0"
      ;;
    33)
      test-tcas  "91 1 665 781 167 2823 1 486 554 1 1 0"
      ;;
    34)
      test-tcas  "468 1 227 186 541 1696 1 301 449 0 0 0"
      ;;
    35)
      test-tcas  "385 1 634 979 269 9462 1 205 861 1 0 1"
      ;;
    36)
      test-tcas  "891 0 797 870 897 6650 3 242 719 1 0 0"
      ;;
    37)
      test-tcas  "481 0 329 137 495 6989 0 108 684 1 1 1"
      ;;
    38)
      test-tcas  "27 0 958 473 52 5487 1 342 581 0 0 1"
      ;;
    39)
      test-tcas  "776 1 529 285 28 2626 3 449 390 0 1 1"
      ;;
    40)
      test-tcas  "65 0 629 93 919 3794 0 125 108 0 1 1"
      ;;
    41)
      test-tcas  "714 1 898 555 670 2193 1 948 403 0 1 1"
      ;;
    42)
      test-tcas  "320 1 553 662 693 9758 1 396 557 1 1 1"
      ;;
    43)
      test-tcas  "948 0 608 926 163 4116 2 703 788 1 0 0"
      ;;
    44)
      test-tcas  "890 0 695 891 130 264 3 974 545 0 1 1"
      ;;
    45)
      test-tcas  "399 1 276 971 816 3548 0 83 866 0 1 0"
      ;;
    46)
      test-tcas  "416 1 387 584 307 5520 0 224 379 1 0 0"
      ;;
    47)
      test-tcas  "450 0 904 659 584 6548 1 529 920 1 1 0"
      ;;
    48)
      test-tcas  "856 1 567 1 631 8414 3 930 199 1 1 0"
      ;;
    49)
      test-tcas  "827 1 817 522 22 6797 1 453 254 0 1 1"
      ;;
    50)
      test-tcas  "417 1 701 220 136 7318 3 317 836 0 1 0"
      ;;
    51)
      test-tcas  "943 1 784 745 739 9792 1 652 131 1 1 0"
      ;;
    52)
      test-tcas  "56 1 232 664 337 3550 0 292 528 1 0 1"
      ;;
    53)
      test-tcas  "714 1 803 993 281 1999 1 952 378 1 0 0"
      ;;
    54)
      test-tcas  "195 0 636 230 163 7200 3 210 914 0 1 1"
      ;;
    55)
      test-tcas  "150 1 274 21 570 4912 3 978 675 0 1 0"
      ;;
    56)
      test-tcas  "557 1 432 715 765 7538 3 705 941 1 0 0"
      ;;
    57)
      test-tcas  "224 1 494 388 327 6478 2 260 807 0 0 1"
      ;;
    58)
      test-tcas  "275 1 739 462 210 6704 1 427 597 1 1 0"
      ;;
    59)
      test-tcas  "817 0 725 833 107 4866 0 105 414 0 0 1"
      ;;
    60)
      test-tcas  "669 1 203 404 339 7908 0 714 615 0 1 0"
      ;;
    61)
      test-tcas  "752 0 271 106 869 2021 1 905 9 0 0 1"
      ;;
    62)
      test-tcas  "361 1 412 961 326 1836 0 526 561 0 1 0"
      ;;
    63)
      test-tcas  "199 1 299 337 213 6970 1 828 286 1 1 0"
      ;;
    64)
      test-tcas  "604 0 114 450 710 7474 3 187 945 0 0 0"
      ;;
    65)
      test-tcas  "983 0 354 229 714 1349 1 74 18 0 0 0"
      ;;
    66)
      test-tcas  "6 0 832 957 925 6074 3 760 268 1 1 0"
      ;;
    67)
      test-tcas  "564 0 794 652 967 2105 2 121 37 0 0 1"
      ;;
    68)
      test-tcas  "29 0 731 847 607 9455 3 91 151 0 1 0"
      ;;
    69)
      test-tcas  "720 0 604 430 289 8831 2 655 115 1 1 0"
      ;;
    70)
      test-tcas  "928 1 811 347 207 6366 0 855 950 1 0 1"
      ;;
    71)
      test-tcas  "215 0 301 391 193 5700 3 112 730 1 1 1"
      ;;
    72)
      test-tcas  "24 0 770 894 691 3108 3 141 516 1 0 0"
      ;;
    73)
      test-tcas  "973 1 908 989 57 462 2 18 33 0 1 0"
      ;;
    74)
      test-tcas  "471 1 131 161 341 7140 1 399 987 0 0 1"
      ;;
    75)
      test-tcas  "535 0 192 45 638 5455 3 554 518 1 1 0"
      ;;
    76)
      test-tcas  "917 1 469 973 947 4868 1 804 782 0 0 0"
      ;;
    77)
      test-tcas  "832 0 647 427 324 8101 0 40 179 0 0 0"
      ;;
    78)
      test-tcas  "707 0 825 518 920 7329 1 341 184 1 1 0"
      ;;
    79)
      test-tcas  "547 1 936 730 289 838 2 268 191 0 1 0"
      ;;
    80)
      test-tcas  "533 1 659 560 81 9996 0 175 180 0 1 1"
      ;;
    81)
      test-tcas  "596 0 741 246 945 2963 1 860 376 1 0 0"
      ;;
    82)
      test-tcas  "688 1 915 573 187 5390 1 111 440 1 0 0"
      ;;
    83)
      test-tcas  "499 0 258 806 339 9327 2 93 992 1 0 1"
      ;;
    84)
      test-tcas  "319 1 49 981 441 9735 0 207 611 1 0 0"
      ;;
    85)
      test-tcas  "680 0 781 288 420 3369 3 877 625 1 1 0"
      ;;
    86)
      test-tcas  "335 1 112 948 529 7344 2 844 308 1 0 0"
      ;;
esac
