#!/bin/bash
set -euo pipefail
SCRIPT_DIR=$(cd "$(dirname "${BASH_SOURCE[0]}")" && pwd)
test-tcas () {
    diff -q <(${ANGELIX_RUN:-eval} ./tcas $1) <($SCRIPT_DIR/../golden/tcas $1) > /dev/null
}

case "$1" in
    1)
      test-tcas  "334 1 731 144 73 7362 3 135 965 1 0 0"
      ;;
    2)
      test-tcas  "82 1 455 844 642 8103 1 239 288 1 0 1"
      ;;
    3)
      test-tcas  "862 0 761 366 51 3350 1 971 42 0 0 1"
      ;;
    4)
      test-tcas  "997 1 738 763 710 6322 0 250 301 1 0 0"
      ;;
    5)
      test-tcas  "148 1 307 165 591 7889 3 740 97 1 0 1"
      ;;
    6)
      test-tcas  "680 0 629 5 398 4758 1 625 629 0 0 0"
      ;;
    7)
      test-tcas  "667 1 803 821 887 9377 0 938 382 1 0 1"
      ;;
    8)
      test-tcas  "474 1 177 831 986 4221 0 704 470 1 0 1"
      ;;
    9)
      test-tcas  "873 1 3 252 274 7657 1 544 368 1 1 0"
      ;;
    10)
      test-tcas  "399 1 716 49 67 7743 3 761 763 0 0 0"
      ;;
    11)
      test-tcas  "151 0 936 470 734 4215 1 283 530 0 0 1"
      ;;
    12)
      test-tcas  "407 1 309 390 939 7472 2 112 860 1 0 0"
      ;;
    13)
      test-tcas  "348 1 537 104 368 6616 0 267 293 1 1 1"
      ;;
    14)
      test-tcas  "818 0 418 799 995 6558 0 379 814 0 1 0"
      ;;
    15)
      test-tcas  "386 1 378 497 208 6815 2 394 395 0 0 0"
      ;;
    16)
      test-tcas  "48 1 877 791 112 1933 3 945 178 1 0 0"
      ;;
    17)
      test-tcas  "698 1 198 177 979 5502 2 174 147 1 0 1"
      ;;
    18)
      test-tcas  "995 1 448 287 264 6376 1 870 421 1 0 0"
      ;;
    19)
      test-tcas  "478 1 144 712 701 7121 1 875 348 1 0 0"
      ;;
    20)
      test-tcas  "722 1 553 564 879 772 2 807 340 1 0 0"
      ;;
    21)
      test-tcas  "1 0 924 237 229 2711 1 139 848 1 1 0"
      ;;
    22)
      test-tcas  "285 0 957 236 668 9955 1 680 84 0 1 1"
      ;;
    23)
      test-tcas  "504 0 301 176 126 228 1 488 0 0 0 1"
      ;;
    24)
      test-tcas  "849 1 487 412 936 8040 0 160 661 1 0 0"
      ;;
    25)
      test-tcas  "372 1 606 934 469 4483 0 346 508 0 1 0"
      ;;
    26)
      test-tcas  "452 0 78 434 607 1633 1 224 58 1 0 0"
      ;;
    27)
      test-tcas  "629 0 211 596 472 1353 1 499 404 0 1 0"
      ;;
    28)
      test-tcas  "29 0 716 847 475 1827 1 302 332 1 1 1"
      ;;
    29)
      test-tcas  "979 0 140 896 43 3415 3 142 163 0 1 0"
      ;;
    30)
      test-tcas  "592 1 78 506 411 8382 3 819 301 1 0 1"
      ;;
    31)
      test-tcas  "891 0 258 994 648 6637 0 908 190 1 1 1"
      ;;
    32)
      test-tcas  "664 0 937 969 533 1976 0 128 708 0 0 0"
      ;;
    33)
      test-tcas  "480 0 711 841 99 295 0 537 183 1 0 0"
      ;;
    34)
      test-tcas  "346 1 627 579 584 2943 2 140 969 0 0 1"
      ;;
    35)
      test-tcas  "168 0 567 141 140 4754 0 84 118 1 0 1"
      ;;
    36)
      test-tcas  "645 1 144 891 10 7377 1 154 890 1 1 1"
      ;;
    37)
      test-tcas  "389 1 819 213 955 4250 1 833 848 1 1 0"
      ;;
    38)
      test-tcas  "920 1 677 340 483 4021 3 687 962 0 1 1"
      ;;
    39)
      test-tcas  "815 0 211 260 960 4351 3 285 563 0 0 0"
      ;;
    40)
      test-tcas  "580 1 631 309 874 7823 0 310 113 0 1 0"
      ;;
    41)
      test-tcas  "866 0 542 832 512 6214 3 918 611 1 1 0"
      ;;
    42)
      test-tcas  "401 1 460 993 912 8560 1 783 28 0 0 0"
      ;;
    43)
      test-tcas  "485 1 406 506 396 2306 1 580 421 1 1 0"
      ;;
    44)
      test-tcas  "77 0 853 716 31 5443 3 7 429 1 0 0"
      ;;
    45)
      test-tcas  "436 0 536 66 220 729 2 691 528 0 0 0"
      ;;
    46)
      test-tcas  "883 1 94 603 150 1078 3 581 906 1 1 0"
      ;;
    47)
      test-tcas  "617 1 191 704 73 7801 0 659 943 1 1 1"
      ;;
    48)
      test-tcas  "575 0 651 757 378 703 0 971 198 1 0 1"
      ;;
    49)
      test-tcas  "129 0 274 22 95 1046 3 134 367 1 0 1"
      ;;
    50)
      test-tcas  "882 1 302 344 901 5083 0 599 28 0 0 0"
      ;;
    51)
      test-tcas  "105 0 101 866 799 7222 3 45 994 1 0 0"
      ;;
    52)
      test-tcas  "231 0 348 239 529 7974 2 344 872 0 0 0"
      ;;
    53)
      test-tcas  "546 1 26 258 287 2566 1 531 895 1 1 0"
      ;;
    54)
      test-tcas  "560 0 748 135 671 1549 2 267 273 1 0 0"
      ;;
    55)
      test-tcas  "643 1 329 974 725 4874 0 196 239 0 1 0"
      ;;
    56)
      test-tcas  "350 1 196 271 716 5678 3 559 586 0 1 0"
      ;;
    57)
      test-tcas  "359 1 75 514 695 9588 2 330 837 1 1 0"
      ;;
    58)
      test-tcas  "244 0 485 170 72 9475 0 3 263 1 0 0"
      ;;
    59)
      test-tcas  "241 1 867 532 300 4522 3 998 756 0 1 0"
      ;;
    60)
      test-tcas  "873 1 695 59 368 5995 2 482 48 1 0 0"
      ;;
    61)
      test-tcas  "724 1 669 959 138 384 3 151 12 1 0 1"
      ;;
    62)
      test-tcas  "756 0 16 848 547 3497 0 295 718 0 1 0"
      ;;
    63)
      test-tcas  "421 1 149 388 524 6745 1 161 568 1 1 1"
      ;;
    64)
      test-tcas  "412 1 275 845 865 9147 2 324 224 1 0 1"
      ;;
    65)
      test-tcas  "133 1 214 464 572 5591 3 434 148 0 0 1"
      ;;
    66)
      test-tcas  "29 1 465 591 26 3589 2 317 361 0 1 0"
      ;;
    67)
      test-tcas  "592 0 671 329 11 7120 0 2 610 1 1 0"
      ;;
    68)
      test-tcas  "337 0 837 483 964 7251 2 823 338 1 0 0"
      ;;
    69)
      test-tcas  "177 1 206 389 864 4926 0 241 867 1 0 0"
      ;;
    70)
      test-tcas  "536 0 367 64 5 1818 0 554 869 0 1 1"
      ;;
    71)
      test-tcas  "91 1 105 935 345 215 1 129 616 1 0 1"
      ;;
    72)
      test-tcas  "413 0 658 168 410 2739 3 196 654 0 1 1"
      ;;
    73)
      test-tcas  "753 0 402 391 612 7216 1 688 351 1 0 1"
      ;;
    74)
      test-tcas  "13 0 570 281 553 1185 1 953 376 1 1 0"
      ;;
    75)
      test-tcas  "407 1 399 217 236 4411 1 512 432 0 1 1"
      ;;
    76)
      test-tcas  "488 0 164 807 212 6354 0 355 575 0 0 1"
      ;;
    77)
      test-tcas  "176 0 723 754 512 8759 2 538 179 0 0 0"
      ;;
    78)
      test-tcas  "989 1 743 113 742 1518 1 90 34 0 0 0"
      ;;
    79)
      test-tcas  "80 1 368 516 982 2541 0 457 257 0 1 1"
      ;;
    80)
      test-tcas  "733 1 61 528 102 9711 3 905 534 1 0 0"
      ;;
    81)
      test-tcas  "738 0 403 736 788 4992 2 426 844 1 1 0"
      ;;
    82)
      test-tcas  "607 0 10 683 5 7455 0 854 114 0 0 0"
      ;;
    83)
      test-tcas  "777 1 269 169 732 3350 0 967 311 1 0 0"
      ;;
    84)
      test-tcas  "930 0 334 847 667 7431 3 398 189 1 1 1"
      ;;
    85)
      test-tcas  "174 1 870 436 160 489 3 232 445 1 1 0"
      ;;
    86)
      test-tcas  "255 1 188 168 918 3480 3 161 167 1 1 0"
      ;;
esac
