#!/bin/bash
set -euo pipefail
SCRIPT_DIR=$(cd "$(dirname "${BASH_SOURCE[0]}")" && pwd)
test-tcas () {
    diff -q <(${ANGELIX_RUN:-eval} ./tcas $1) <($SCRIPT_DIR/../golden/tcas $1) > /dev/null
}

case "$1" in
    1)
      test-tcas  "987 1 373 50 267 9462 1 262 713 0 0 0"
      ;;
    2)
      test-tcas  "527 1 513 574 67 3824 2 937 330 0 1 1"
      ;;
    3)
      test-tcas  "634 0 984 103 665 3015 1 670 396 1 1 0"
      ;;
    4)
      test-tcas  "130 0 827 995 50 2327 0 841 229 1 1 0"
      ;;
    5)
      test-tcas  "989 1 543 332 890 8787 1 485 370 0 0 0"
      ;;
    6)
      test-tcas  "254 0 101 290 941 3376 0 259 24 0 0 0"
      ;;
    7)
      test-tcas  "559 1 968 898 939 2955 3 152 572 1 0 1"
      ;;
    8)
      test-tcas  "172 0 501 446 483 5756 3 226 688 0 1 0"
      ;;
    9)
      test-tcas  "591 0 716 36 888 5731 3 32 513 1 1 1"
      ;;
    10)
      test-tcas  "61 0 862 410 780 2350 3 180 471 1 1 1"
      ;;
    11)
      test-tcas  "915 0 377 336 110 3301 2 817 695 0 1 1"
      ;;
    12)
      test-tcas  "433 0 626 446 493 8162 0 560 612 0 0 0"
      ;;
    13)
      test-tcas  "894 0 401 494 122 1386 2 621 11 0 1 0"
      ;;
    14)
      test-tcas  "699 1 454 529 169 2923 1 607 982 1 1 1"
      ;;
    15)
      test-tcas  "885 1 330 511 379 4452 2 602 320 0 1 1"
      ;;
    16)
      test-tcas  "962 0 490 381 637 8540 2 821 450 1 1 1"
      ;;
    17)
      test-tcas  "926 1 166 520 564 7091 3 188 629 0 0 1"
      ;;
    18)
      test-tcas  "318 1 542 981 650 4158 1 800 44 0 1 0"
      ;;
    19)
      test-tcas  "556 1 736 748 198 6595 2 264 562 1 1 0"
      ;;
    20)
      test-tcas  "250 1 664 639 217 4132 3 413 214 1 0 0"
      ;;
    21)
      test-tcas  "972 1 178 294 607 8248 1 890 48 0 0 0"
      ;;
    22)
      test-tcas  "899 1 895 980 294 6649 2 533 749 1 1 0"
      ;;
    23)
      test-tcas  "935 1 925 710 579 7365 2 417 424 1 1 1"
      ;;
    24)
      test-tcas  "290 0 134 415 783 3299 3 796 160 1 1 1"
      ;;
    25)
      test-tcas  "140 1 798 580 245 4585 2 57 367 1 1 1"
      ;;
    26)
      test-tcas  "807 0 420 959 14 2364 1 84 594 1 0 1"
      ;;
    27)
      test-tcas  "943 0 85 590 14 3463 2 281 356 0 1 0"
      ;;
    28)
      test-tcas  "490 1 98 466 135 1083 1 716 576 0 0 1"
      ;;
    29)
      test-tcas  "668 1 728 768 607 1866 0 606 591 1 0 1"
      ;;
    30)
      test-tcas  "948 0 616 628 121 4689 1 557 143 0 0 1"
      ;;
    31)
      test-tcas  "902 0 987 891 504 1207 3 634 549 0 1 1"
      ;;
    32)
      test-tcas  "959 1 956 335 300 2473 3 498 187 1 0 1"
      ;;
    33)
      test-tcas  "469 0 203 254 363 42 1 412 616 1 1 0"
      ;;
    34)
      test-tcas  "52 0 950 224 611 3658 3 41 46 1 0 1"
      ;;
    35)
      test-tcas  "17 0 528 275 213 1037 3 474 476 0 0 1"
      ;;
    36)
      test-tcas  "649 0 957 519 6 8357 2 936 673 0 1 1"
      ;;
    37)
      test-tcas  "410 1 745 650 491 2854 2 133 193 0 0 1"
      ;;
    38)
      test-tcas  "554 0 670 485 694 1382 0 98 929 0 1 1"
      ;;
    39)
      test-tcas  "334 0 557 11 222 959 0 883 164 1 1 0"
      ;;
    40)
      test-tcas  "864 0 35 106 147 9179 1 259 803 0 1 1"
      ;;
    41)
      test-tcas  "836 0 951 328 902 3877 0 991 386 1 1 1"
      ;;
    42)
      test-tcas  "602 1 532 814 64 2674 2 79 644 0 0 1"
      ;;
    43)
      test-tcas  "695 0 517 488 903 3939 2 609 709 0 1 1"
      ;;
    44)
      test-tcas  "632 0 317 359 723 1283 0 674 675 1 0 0"
      ;;
    45)
      test-tcas  "830 1 849 793 436 4007 3 20 17 1 1 0"
      ;;
    46)
      test-tcas  "670 0 962 166 398 5873 2 778 384 0 1 0"
      ;;
    47)
      test-tcas  "177 0 379 323 409 4241 3 837 523 0 1 0"
      ;;
    48)
      test-tcas  "437 1 805 763 784 955 2 5 575 1 1 1"
      ;;
    49)
      test-tcas  "706 1 294 390 715 5399 2 256 598 1 1 1"
      ;;
    50)
      test-tcas  "285 1 136 128 605 8854 1 919 154 0 0 1"
      ;;
    51)
      test-tcas  "524 0 378 544 772 7710 2 690 830 1 1 1"
      ;;
    52)
      test-tcas  "821 1 735 28 850 1165 3 896 948 0 0 0"
      ;;
    53)
      test-tcas  "247 1 920 843 365 6846 3 397 250 1 1 0"
      ;;
    54)
      test-tcas  "374 1 491 716 305 5240 1 965 119 0 0 1"
      ;;
    55)
      test-tcas  "61 1 52 357 113 998 2 914 888 0 0 1"
      ;;
    56)
      test-tcas  "340 0 113 547 328 5997 0 115 985 1 1 1"
      ;;
    57)
      test-tcas  "179 0 136 122 96 5607 3 412 117 0 0 0"
      ;;
    58)
      test-tcas  "715 1 162 376 48 5811 1 772 302 1 1 0"
      ;;
    59)
      test-tcas  "601 0 79 997 475 4741 0 288 456 0 0 0"
      ;;
    60)
      test-tcas  "393 0 924 814 411 7778 1 421 316 1 0 1"
      ;;
    61)
      test-tcas  "384 1 684 153 147 676 3 610 761 0 1 1"
      ;;
    62)
      test-tcas  "7 0 840 689 776 102 0 567 150 0 1 0"
      ;;
    63)
      test-tcas  "839 1 420 156 754 5673 1 230 2 0 1 1"
      ;;
    64)
      test-tcas  "408 1 520 296 970 1902 1 529 323 0 0 0"
      ;;
    65)
      test-tcas  "348 1 234 845 597 2499 0 669 47 1 0 1"
      ;;
    66)
      test-tcas  "52 1 561 286 15 3199 2 757 469 0 1 1"
      ;;
    67)
      test-tcas  "733 1 256 498 263 2696 3 115 142 1 0 0"
      ;;
    68)
      test-tcas  "891 0 682 266 929 4351 3 649 564 1 1 0"
      ;;
    69)
      test-tcas  "352 1 545 962 36 4137 1 114 19 0 1 0"
      ;;
    70)
      test-tcas  "548 1 917 472 314 2734 2 79 212 0 0 1"
      ;;
    71)
      test-tcas  "375 0 228 755 386 1884 1 800 821 0 1 0"
      ;;
    72)
      test-tcas  "846 1 857 87 636 6908 0 106 810 1 0 1"
      ;;
    73)
      test-tcas  "897 1 662 317 99 8871 2 760 263 1 0 1"
      ;;
    74)
      test-tcas  "3 1 197 52 414 1072 3 571 639 0 0 0"
      ;;
    75)
      test-tcas  "849 1 484 902 866 5442 3 854 734 0 0 1"
      ;;
    76)
      test-tcas  "45 0 73 460 713 5065 1 550 197 0 1 0"
      ;;
    77)
      test-tcas  "870 1 675 808 369 9258 3 608 254 0 1 1"
      ;;
    78)
      test-tcas  "249 0 947 867 662 7689 1 882 333 0 1 1"
      ;;
    79)
      test-tcas  "580 0 13 920 197 9604 3 993 483 0 0 0"
      ;;
    80)
      test-tcas  "674 1 27 122 902 3631 2 234 986 1 0 0"
      ;;
    81)
      test-tcas  "948 0 522 777 132 2623 1 700 202 1 1 1"
      ;;
    82)
      test-tcas  "84 1 466 538 162 6755 0 412 588 1 1 1"
      ;;
    83)
      test-tcas  "667 0 799 631 625 6479 1 232 970 1 0 0"
      ;;
    84)
      test-tcas  "836 1 852 510 395 5034 0 892 445 1 1 0"
      ;;
    85)
      test-tcas  "741 0 345 206 510 8007 2 429 870 0 0 1"
      ;;
    86)
      test-tcas  "517 0 714 914 157 4904 3 784 651 1 0 1"
      ;;
esac
