#!/bin/bash
set -euo pipefail
SCRIPT_DIR=$(cd "$(dirname "${BASH_SOURCE[0]}")" && pwd)
test-tcas () {
    diff -q <(${ANGELIX_RUN:-eval} ./tcas $1) <($SCRIPT_DIR/../golden/tcas $1) > /dev/null
}

case "$1" in
    1)
      test-tcas  "908 1 334 991 400 3766 3 168 222 0 0 0"
      ;;
    2)
      test-tcas  "163 1 557 689 139 7386 0 525 216 1 1 1"
      ;;
    3)
      test-tcas  "922 0 230 893 119 444 1 711 628 0 1 1"
      ;;
    4)
      test-tcas  "201 0 745 602 423 1125 3 513 592 1 0 1"
      ;;
    5)
      test-tcas  "682 1 257 717 19 5280 2 379 410 1 1 1"
      ;;
    6)
      test-tcas  "69 1 771 430 831 4824 2 432 857 1 0 1"
      ;;
    7)
      test-tcas  "184 0 336 177 291 7887 0 717 61 0 1 0"
      ;;
    8)
      test-tcas  "369 0 194 608 843 4568 1 635 212 0 1 1"
      ;;
    9)
      test-tcas  "64 0 720 869 765 5838 0 701 746 1 1 1"
      ;;
    10)
      test-tcas  "359 0 979 205 45 396 0 693 577 1 0 1"
      ;;
    11)
      test-tcas  "765 0 903 446 112 4876 2 139 547 1 0 1"
      ;;
    12)
      test-tcas  "569 0 298 309 822 6883 1 731 384 0 0 1"
      ;;
    13)
      test-tcas  "817 0 202 719 322 7869 3 780 208 0 1 0"
      ;;
    14)
      test-tcas  "225 0 566 380 211 3767 2 192 969 0 1 1"
      ;;
    15)
      test-tcas  "194 1 692 820 817 5732 1 645 127 1 1 1"
      ;;
    16)
      test-tcas  "594 0 504 820 417 1114 1 679 402 1 0 1"
      ;;
    17)
      test-tcas  "977 0 405 819 791 6082 3 347 560 1 0 1"
      ;;
    18)
      test-tcas  "598 1 261 292 699 6009 0 748 881 0 0 1"
      ;;
    19)
      test-tcas  "814 0 956 424 642 7840 3 401 291 0 1 0"
      ;;
    20)
      test-tcas  "293 0 906 530 623 272 3 803 33 0 1 0"
      ;;
    21)
      test-tcas  "895 1 31 661 604 2555 1 794 219 0 1 0"
      ;;
    22)
      test-tcas  "91 0 817 666 903 1187 0 470 734 1 0 1"
      ;;
    23)
      test-tcas  "439 1 378 658 920 5660 1 322 613 1 0 1"
      ;;
    24)
      test-tcas  "811 0 769 325 324 9728 3 90 292 0 1 0"
      ;;
    25)
      test-tcas  "902 0 251 933 186 3429 3 461 12 1 0 0"
      ;;
    26)
      test-tcas  "925 0 761 9 452 3299 2 217 114 1 1 1"
      ;;
    27)
      test-tcas  "408 1 445 813 688 3852 3 779 996 0 0 0"
      ;;
    28)
      test-tcas  "595 1 875 525 140 2445 3 260 205 1 1 0"
      ;;
    29)
      test-tcas  "114 1 362 875 874 2200 2 152 308 0 1 1"
      ;;
    30)
      test-tcas  "372 0 711 472 47 3562 3 651 99 0 0 0"
      ;;
    31)
      test-tcas  "506 1 764 543 289 4490 3 295 63 1 0 1"
      ;;
    32)
      test-tcas  "644 1 186 47 640 2069 2 182 90 0 1 1"
      ;;
    33)
      test-tcas  "849 0 135 233 588 4618 0 374 24 1 1 0"
      ;;
    34)
      test-tcas  "200 0 755 685 435 3052 2 390 855 0 1 1"
      ;;
    35)
      test-tcas  "266 0 820 675 488 3388 2 702 165 1 0 1"
      ;;
    36)
      test-tcas  "517 1 319 291 436 8869 2 136 835 1 1 1"
      ;;
    37)
      test-tcas  "190 0 357 308 754 183 2 794 18 1 1 0"
      ;;
    38)
      test-tcas  "615 1 401 73 6 5697 3 757 974 0 1 0"
      ;;
    39)
      test-tcas  "154 1 676 872 584 522 3 274 522 1 1 1"
      ;;
    40)
      test-tcas  "595 1 343 249 664 3533 1 427 676 0 0 0"
      ;;
    41)
      test-tcas  "165 0 67 604 988 5243 3 421 357 0 1 0"
      ;;
    42)
      test-tcas  "214 0 595 129 518 6619 3 628 75 1 0 1"
      ;;
    43)
      test-tcas  "128 0 113 645 30 9554 2 336 998 0 0 0"
      ;;
    44)
      test-tcas  "96 1 384 335 334 3806 2 841 991 1 1 1"
      ;;
    45)
      test-tcas  "61 1 974 577 24 2697 3 17 962 1 0 1"
      ;;
    46)
      test-tcas  "442 0 294 177 455 829 1 877 155 0 0 1"
      ;;
    47)
      test-tcas  "79 1 713 205 54 1460 2 840 992 1 0 1"
      ;;
    48)
      test-tcas  "343 0 561 439 65 8993 0 452 584 0 0 0"
      ;;
    49)
      test-tcas  "368 0 576 976 406 3294 1 216 136 1 1 1"
      ;;
    50)
      test-tcas  "46 0 123 94 512 7273 1 919 190 1 0 1"
      ;;
    51)
      test-tcas  "649 1 383 675 788 7257 3 420 974 1 1 1"
      ;;
    52)
      test-tcas  "788 0 719 703 694 7298 2 278 985 1 0 1"
      ;;
    53)
      test-tcas  "844 0 467 284 424 3542 1 881 466 1 1 1"
      ;;
    54)
      test-tcas  "41 1 580 513 707 3232 2 851 499 1 0 0"
      ;;
    55)
      test-tcas  "931 1 816 136 395 4831 3 414 138 1 0 1"
      ;;
    56)
      test-tcas  "290 1 497 519 270 1029 1 279 245 0 1 0"
      ;;
    57)
      test-tcas  "223 0 334 758 814 5206 0 176 611 0 1 0"
      ;;
    58)
      test-tcas  "677 1 325 994 627 4069 1 689 355 0 1 0"
      ;;
    59)
      test-tcas  "544 0 402 31 708 4871 2 359 685 1 1 0"
      ;;
    60)
      test-tcas  "144 1 199 254 925 4646 1 212 737 1 0 1"
      ;;
    61)
      test-tcas  "38 0 145 565 703 1421 3 859 462 0 0 0"
      ;;
    62)
      test-tcas  "905 0 19 670 296 3330 3 203 351 0 1 1"
      ;;
    63)
      test-tcas  "588 1 75 413 865 901 1 465 244 1 0 1"
      ;;
    64)
      test-tcas  "367 0 988 188 116 661 0 823 469 0 0 1"
      ;;
    65)
      test-tcas  "79 1 35 518 313 4399 3 303 183 0 0 1"
      ;;
    66)
      test-tcas  "854 1 244 865 178 8198 3 853 21 1 1 0"
      ;;
    67)
      test-tcas  "980 0 600 537 450 8413 2 557 911 1 1 0"
      ;;
    68)
      test-tcas  "735 1 894 188 758 8394 2 894 384 0 1 1"
      ;;
    69)
      test-tcas  "982 0 370 905 918 9737 1 735 634 0 0 1"
      ;;
    70)
      test-tcas  "812 1 976 185 806 5298 2 320 215 0 0 1"
      ;;
    71)
      test-tcas  "668 1 804 307 642 8103 1 983 422 0 1 0"
      ;;
    72)
      test-tcas  "79 0 144 592 732 578 3 637 185 1 1 0"
      ;;
    73)
      test-tcas  "444 0 521 919 555 2329 3 204 668 0 0 1"
      ;;
    74)
      test-tcas  "201 1 136 581 540 1850 1 131 728 0 1 0"
      ;;
    75)
      test-tcas  "220 1 249 67 867 8208 1 11 956 0 1 1"
      ;;
    76)
      test-tcas  "326 0 295 822 264 2813 0 931 145 0 1 1"
      ;;
    77)
      test-tcas  "564 1 811 189 986 8883 0 760 810 0 1 0"
      ;;
    78)
      test-tcas  "71 1 701 883 955 7177 0 890 682 0 1 0"
      ;;
    79)
      test-tcas  "302 0 847 236 444 948 2 182 63 1 1 0"
      ;;
    80)
      test-tcas  "806 1 701 224 694 876 0 910 431 1 1 1"
      ;;
    81)
      test-tcas  "820 1 166 899 421 2029 1 371 815 0 1 0"
      ;;
    82)
      test-tcas  "582 1 882 314 356 9565 1 598 161 0 0 1"
      ;;
    83)
      test-tcas  "519 1 911 297 751 8062 0 148 226 1 0 0"
      ;;
    84)
      test-tcas  "301 1 781 617 118 881 2 400 432 1 1 1"
      ;;
    85)
      test-tcas  "171 1 949 16 483 1041 3 50 604 0 0 1"
      ;;
    86)
      test-tcas  "3 0 870 465 925 3473 0 580 603 1 1 1"
      ;;
esac
