'0 0 0
'
'0 0 0
'
'0 0 0
3 4 0
2 9 0
'
'0 0 0
7 4 0
2 9 0
'
'0 0 0
6 4 0
2 9 0
'
'0 0 0
4 0
3 2 0 0
'
'0 0 0
5 4 0
2 9 0
'
'0 1 0
3 4 00
2 0 0
'
'9 0 0
3 4 0
4 0
'
'9 0 0
'
'9 0 0
4 0
4 0
4 0
'
'9 4 0
1 0
2 0 0
2 0 0
'
'9 8 0
3 4 0
2 0 0
'
'9 0 0
2 0 0
4 0
4 0
'
'9 0 0
1 0
4 0
4 00
'
'9 8 0
2 0 0
2 0 0
2 0 0
'
'0 0 0
2 4 0
2 9 0
2 0 00
'
'0 0 9
3 4 0
2 0 0
'
'0 9 1
3 4 0
2 0 0
'
'0 0 0
1 4
2 0 0
2 0 0
'
'0 9 1
1 0
2 0 0
2 0 0
'
'0 0 0
4 0
4 0
1 0
'
'1 0 9
1 0
2 0 00
2 0 0
'
'0 0 9
1 0
2 0 0
2 0 0
'
'0 0 0
4 0
4 0
2 0 0
'
'2 0 0
3 4 0
'
'1 0 0
7 4 0
2 0 0
'
'0 0 0
2 1 0
2 0 0
2 0 0
'
'0 0 0
1 0
2 0 0
2 0 0
'
'0 0 0
2 4 00
2 9 0
2 0 00
'
'0 1 0
7 4 0
2 0 0
'
'0 1 0
5 4 00
2 0 0
'
'0 0 0
2 4 1
2 9 0
2 0 00
'
'0 0 0
4 00
4 0
2 0 0
'
'0 0 0
4 10
4 0
2 0 0
'
'0 0 0
4 00
4 0
4 0
'
'0 0 0
2 4 01
2 9 0
2 0 00
'
'0 1 0
1 3
2 0 0
2 0 0
'
'0 0 0
2 0 11
2 0 0
2 0 00
'
'1 0 0
5 4 00
2 0 0
'
'0 0 1
1 3
2 0 0
2 0 0
'
'2 0 0
5 4 0
2 0 0
'
'0 2 0
1 3
2 0 0
2 0 0
'
'0 0 0
2 1 10
2 0 0
2 0 0
'
'0 3 0
5 4 0
2 0 00
'
'0 0 3
1 3
2 0 0
2 0 0
'
'0 1 1
2 1 0
2 0 00
2 0 0
'
