#!/bin/bash
set -euo pipefail
SCRIPT_DIR=$(cd "$(dirname "${BASH_SOURCE[0]}")" && pwd)
test-tcas () {
    diff -q <(${ANGELIX_RUN:-eval} ./tcas $1) <($SCRIPT_DIR/../golden/tcas $1) > /dev/null
}

case "$1" in
    1)
      test-tcas  "431 1 669 331 497 5468 2 659 968 0 0 1"
      ;;
    2)
      test-tcas  "999 1 161 730 322 299 1 942 751 0 0 1"
      ;;
    3)
      test-tcas  "788 1 11 506 559 832 1 881 862 0 1 0"
      ;;
    4)
      test-tcas  "693 0 379 510 175 4515 3 147 505 1 0 0"
      ;;
    5)
      test-tcas  "161 1 86 514 307 5089 1 256 92 1 0 1"
      ;;
    6)
      test-tcas  "266 0 769 136 340 1698 1 795 333 0 0 1"
      ;;
    7)
      test-tcas  "20 1 777 948 438 1107 3 184 375 0 1 0"
      ;;
    8)
      test-tcas  "467 0 741 465 535 3194 1 358 783 1 0 0"
      ;;
    9)
      test-tcas  "540 1 56 537 274 6285 3 386 736 1 1 1"
      ;;
    10)
      test-tcas  "199 0 466 959 944 3775 2 84 331 0 1 0"
      ;;
    11)
      test-tcas  "17 0 471 600 152 6752 1 985 668 1 0 1"
      ;;
    12)
      test-tcas  "95 1 363 321 697 9070 0 741 99 1 0 0"
      ;;
    13)
      test-tcas  "998 0 447 162 981 1498 2 61 979 1 0 0"
      ;;
    14)
      test-tcas  "364 1 290 909 257 163 0 653 180 1 0 1"
      ;;
    15)
      test-tcas  "780 1 732 40 0 1534 3 373 735 1 1 1"
      ;;
    16)
      test-tcas  "685 1 912 397 887 1719 0 841 122 1 0 1"
      ;;
    17)
      test-tcas  "214 1 621 489 47 1697 2 191 976 0 1 1"
      ;;
    18)
      test-tcas  "204 1 988 359 595 2512 3 361 352 0 0 1"
      ;;
    19)
      test-tcas  "970 0 793 220 862 5237 0 459 117 1 0 1"
      ;;
    20)
      test-tcas  "922 0 537 743 249 9712 1 138 595 0 1 0"
      ;;
    21)
      test-tcas  "682 1 883 878 236 3781 0 713 204 0 1 1"
      ;;
    22)
      test-tcas  "16 1 145 427 767 807 0 899 574 1 1 1"
      ;;
    23)
      test-tcas  "646 1 125 287 34 7806 0 468 441 0 1 1"
      ;;
    24)
      test-tcas  "890 1 864 302 549 9531 1 4 531 0 1 1"
      ;;
    25)
      test-tcas  "980 0 696 49 393 5226 3 20 659 1 1 0"
      ;;
    26)
      test-tcas  "995 1 445 592 576 4648 1 268 370 1 0 1"
      ;;
    27)
      test-tcas  "432 0 589 318 635 8226 3 863 641 0 1 0"
      ;;
    28)
      test-tcas  "714 1 891 352 834 2977 0 81 462 0 0 1"
      ;;
    29)
      test-tcas  "223 1 146 824 689 942 1 165 482 0 0 1"
      ;;
    30)
      test-tcas  "852 1 553 343 997 518 2 418 404 1 1 1"
      ;;
    31)
      test-tcas  "632 1 587 465 68 3120 1 11 377 1 0 0"
      ;;
    32)
      test-tcas  "523 1 248 741 519 8044 0 553 271 1 0 0"
      ;;
    33)
      test-tcas  "207 1 155 48 685 7364 1 353 539 1 0 0"
      ;;
    34)
      test-tcas  "487 1 136 368 561 26 3 546 160 1 1 1"
      ;;
    35)
      test-tcas  "786 1 721 7 61 83 2 877 138 0 0 0"
      ;;
    36)
      test-tcas  "215 0 338 402 428 8271 0 845 74 0 0 1"
      ;;
    37)
      test-tcas  "751 1 960 154 711 8772 2 221 437 0 1 1"
      ;;
    38)
      test-tcas  "238 1 507 770 418 4118 2 554 419 1 1 1"
      ;;
    39)
      test-tcas  "165 0 456 815 760 730 1 261 548 0 1 1"
      ;;
    40)
      test-tcas  "558 0 864 653 268 5578 0 217 681 1 1 0"
      ;;
    41)
      test-tcas  "727 0 334 895 63 833 2 400 475 1 1 0"
      ;;
    42)
      test-tcas  "190 0 396 829 600 8276 3 166 63 0 0 0"
      ;;
    43)
      test-tcas  "708 1 284 726 402 8486 0 64 350 0 0 1"
      ;;
    44)
      test-tcas  "91 1 226 783 48 1568 3 780 119 1 1 1"
      ;;
    45)
      test-tcas  "276 0 69 741 517 6368 2 861 49 0 0 1"
      ;;
    46)
      test-tcas  "57 0 358 790 971 3688 1 210 697 1 0 0"
      ;;
    47)
      test-tcas  "901 0 894 330 48 6086 0 89 590 0 0 1"
      ;;
    48)
      test-tcas  "350 1 303 425 936 2313 0 414 716 1 0 0"
      ;;
    49)
      test-tcas  "724 0 210 426 656 8353 0 552 988 1 0 1"
      ;;
    50)
      test-tcas  "121 1 300 190 369 9390 3 554 579 1 0 0"
      ;;
    51)
      test-tcas  "99 0 845 661 880 7816 3 882 490 1 1 1"
      ;;
    52)
      test-tcas  "906 0 112 212 64 1613 1 102 261 0 0 1"
      ;;
    53)
      test-tcas  "684 1 539 161 517 5139 3 813 339 1 1 0"
      ;;
    54)
      test-tcas  "747 1 645 218 444 397 2 207 373 0 1 0"
      ;;
    55)
      test-tcas  "787 1 247 303 569 1471 2 106 514 0 1 0"
      ;;
    56)
      test-tcas  "725 1 843 218 767 7736 2 168 726 1 0 0"
      ;;
    57)
      test-tcas  "852 1 823 10 52 2904 3 80 86 1 0 1"
      ;;
    58)
      test-tcas  "958 0 620 616 676 6797 1 74 216 0 0 0"
      ;;
    59)
      test-tcas  "282 0 934 407 208 5046 0 944 123 0 1 0"
      ;;
    60)
      test-tcas  "339 0 779 685 768 8626 0 934 48 0 1 1"
      ;;
    61)
      test-tcas  "993 0 305 918 909 326 3 376 314 0 0 1"
      ;;
    62)
      test-tcas  "581 0 176 608 101 8829 0 882 604 0 1 1"
      ;;
    63)
      test-tcas  "381 1 659 114 310 3145 1 52 719 0 0 1"
      ;;
    64)
      test-tcas  "335 0 589 537 804 597 2 275 493 1 0 1"
      ;;
    65)
      test-tcas  "618 1 955 906 24 490 2 81 319 1 1 1"
      ;;
    66)
      test-tcas  "453 0 34 367 212 2939 3 754 588 0 1 1"
      ;;
    67)
      test-tcas  "442 0 775 890 376 8129 2 528 290 1 1 1"
      ;;
    68)
      test-tcas  "661 1 503 174 189 5497 2 599 69 0 0 1"
      ;;
    69)
      test-tcas  "856 1 973 925 531 5012 0 494 152 0 0 1"
      ;;
    70)
      test-tcas  "204 1 361 518 561 3805 3 951 795 0 1 1"
      ;;
    71)
      test-tcas  "415 0 933 273 522 978 1 433 235 0 0 1"
      ;;
    72)
      test-tcas  "250 0 868 58 826 1355 2 722 518 0 0 0"
      ;;
    73)
      test-tcas  "10 1 49 865 494 5401 2 676 105 1 0 1"
      ;;
    74)
      test-tcas  "92 1 577 177 554 7348 3 270 758 1 1 0"
      ;;
    75)
      test-tcas  "312 1 277 528 684 6887 0 338 888 1 0 1"
      ;;
    76)
      test-tcas  "454 1 574 576 155 1493 0 164 366 1 1 0"
      ;;
    77)
      test-tcas  "313 1 869 234 950 6636 2 79 646 1 1 1"
      ;;
    78)
      test-tcas  "418 1 789 20 925 9712 2 606 68 0 0 0"
      ;;
    79)
      test-tcas  "612 1 643 713 877 589 1 406 232 1 0 1"
      ;;
    80)
      test-tcas  "804 1 873 698 541 7131 1 351 548 1 0 1"
      ;;
    81)
      test-tcas  "372 1 388 986 765 7979 3 461 287 1 0 1"
      ;;
    82)
      test-tcas  "0 0 352 893 419 7223 1 172 839 1 1 1"
      ;;
    83)
      test-tcas  "118 1 269 654 29 6399 0 515 300 0 0 1"
      ;;
    84)
      test-tcas  "579 1 62 910 611 8455 1 227 91 0 1 1"
      ;;
    85)
      test-tcas  "796 1 340 16 816 6008 1 585 896 0 1 0"
      ;;
    86)
      test-tcas  "214 0 64 457 152 2328 1 875 987 0 1 0"
      ;;
    87)
      test-tcas  "748 0 498 333 877 7990 3 910 773 1 1 0"
      ;;
    88)
      test-tcas  "695 0 556 940 24 9164 1 779 367 1 1 1"
      ;;
    89)
      test-tcas  "534 0 518 818 983 4882 0 203 953 0 1 0"
      ;;
    90)
      test-tcas  "103 1 483 361 168 505 1 364 836 0 1 0"
      ;;
    91)
      test-tcas  "768 1 992 180 434 2892 0 897 268 0 1 0"
      ;;
    92)
      test-tcas  "407 0 837 766 187 9501 2 965 417 1 0 0"
      ;;
    93)
      test-tcas  "379 1 300 790 456 8824 3 829 245 0 0 0"
      ;;
    94)
      test-tcas  "54 0 881 459 689 3151 2 223 526 1 0 0"
      ;;
    95)
      test-tcas  "971 0 952 787 516 6719 3 61 814 0 0 0"
      ;;
    96)
      test-tcas  "330 1 774 408 410 2753 2 563 829 1 1 0"
      ;;
    97)
      test-tcas  "190 0 925 717 865 1843 1 789 501 1 1 0"
      ;;
    98)
      test-tcas  "537 0 321 559 554 1452 2 835 749 0 1 1"
      ;;
    99)
      test-tcas  "291 0 832 515 839 2126 2 532 25 1 1 1"
      ;;
    100)
      test-tcas  "280 1 838 5 7 229 3 421 697 0 1 1"
      ;;
    101)
      test-tcas  "283 1 35 900 719 9674 0 66 472 1 0 0"
      ;;
    102)
      test-tcas  "412 1 362 202 350 6221 3 405 293 1 0 1"
      ;;
    103)
      test-tcas  "364 0 68 528 185 7482 3 779 458 1 0 1"
      ;;
    104)
      test-tcas  "421 1 678 684 832 9717 3 619 136 1 0 0"
      ;;
    105)
      test-tcas  "527 1 957 451 668 8942 1 423 951 1 0 0"
      ;;
    106)
      test-tcas  "307 0 901 985 732 8718 0 637 911 0 0 0"
      ;;
    107)
      test-tcas  "528 0 306 728 129 285 0 437 670 1 0 1"
      ;;
    108)
      test-tcas  "241 1 591 703 761 2414 3 48 871 0 1 1"
      ;;
    109)
      test-tcas  "627 1 250 249 74 8562 0 313 232 0 0 1"
      ;;
    110)
      test-tcas  "552 0 633 914 441 7448 1 578 999 1 0 1"
      ;;
    111)
      test-tcas  "764 0 631 101 835 288 2 679 459 0 0 1"
      ;;
    112)
      test-tcas  "832 1 360 388 613 3339 0 887 382 0 1 0"
      ;;
    113)
      test-tcas  "99 1 0 52 410 8359 1 76 515 1 1 1"
      ;;
    114)
      test-tcas  "195 1 649 293 505 5928 3 116 593 1 0 0"
      ;;
    115)
      test-tcas  "77 0 305 974 420 7366 3 608 800 1 1 0"
      ;;
    116)
      test-tcas  "0 0 977 353 15 213 3 502 128 0 1 0"
      ;;
    117)
      test-tcas  "434 0 369 275 959 9917 3 920 748 0 0 1"
      ;;
    118)
      test-tcas  "566 1 657 645 140 6440 3 646 184 0 1 1"
      ;;
esac
