#!/bin/bash
set -euo pipefail
SCRIPT_DIR=$(cd "$(dirname "${BASH_SOURCE[0]}")" && pwd)
test-tcas () {
    diff -q <(${ANGELIX_RUN:-eval} ./tcas $1) <($SCRIPT_DIR/../golden/tcas $1) > /dev/null
}

case "$1" in
    1)
      test-tcas  "445 1 728 121 922 2795 0 790 399 1 1 0"
      ;;
    2)
      test-tcas  "551 1 222 775 720 3843 0 683 558 0 0 0"
      ;;
    3)
      test-tcas  "309 0 293 287 338 8044 2 895 777 0 1 0"
      ;;
    4)
      test-tcas  "370 1 964 102 938 3655 2 884 162 0 1 1"
      ;;
    5)
      test-tcas  "766 1 933 52 560 6450 0 978 190 1 0 1"
      ;;
    6)
      test-tcas  "942 0 52 388 364 3182 0 933 30 1 0 0"
      ;;
    7)
      test-tcas  "280 0 652 165 341 9437 2 809 866 1 0 0"
      ;;
    8)
      test-tcas  "521 1 50 527 940 3472 2 434 73 1 1 0"
      ;;
    9)
      test-tcas  "641 1 586 483 224 5910 1 623 237 0 1 1"
      ;;
    10)
      test-tcas  "943 1 155 190 419 1915 0 476 363 0 0 1"
      ;;
    11)
      test-tcas  "470 1 420 514 104 7592 2 619 936 0 0 0"
      ;;
    12)
      test-tcas  "257 0 683 709 677 6026 3 149 37 1 1 1"
      ;;
    13)
      test-tcas  "425 1 811 525 344 339 1 211 236 0 1 0"
      ;;
    14)
      test-tcas  "757 0 581 806 451 1694 3 775 689 0 0 0"
      ;;
    15)
      test-tcas  "63 0 421 799 736 9040 0 0 598 1 1 0"
      ;;
    16)
      test-tcas  "452 1 691 835 909 4767 3 914 57 0 1 1"
      ;;
    17)
      test-tcas  "500 0 414 866 844 6232 0 650 256 1 0 0"
      ;;
    18)
      test-tcas  "279 1 760 516 724 7338 3 478 43 0 1 0"
      ;;
    19)
      test-tcas  "303 1 523 775 537 7024 0 128 994 1 0 1"
      ;;
    20)
      test-tcas  "585 0 403 334 563 2605 2 520 355 0 0 1"
      ;;
    21)
      test-tcas  "273 0 44 738 735 5479 0 4 543 0 0 0"
      ;;
    22)
      test-tcas  "689 1 527 64 178 4661 3 523 322 0 0 1"
      ;;
    23)
      test-tcas  "33 1 360 717 686 39 2 751 258 0 1 0"
      ;;
    24)
      test-tcas  "551 0 922 133 488 2098 2 278 672 1 0 1"
      ;;
    25)
      test-tcas  "612 0 856 784 286 8140 3 264 6 1 1 1"
      ;;
    26)
      test-tcas  "856 1 19 737 349 6776 1 644 307 0 0 0"
      ;;
    27)
      test-tcas  "407 0 317 313 263 2605 3 28 410 1 1 0"
      ;;
    28)
      test-tcas  "40 1 30 950 909 1629 2 802 387 0 0 0"
      ;;
    29)
      test-tcas  "226 1 184 351 256 4959 1 648 899 1 1 0"
      ;;
    30)
      test-tcas  "64 1 959 241 726 3884 1 794 248 1 1 1"
      ;;
    31)
      test-tcas  "306 0 259 718 73 3261 1 673 197 0 0 0"
      ;;
    32)
      test-tcas  "978 0 217 120 68 2547 1 446 954 0 1 1"
      ;;
    33)
      test-tcas  "486 1 713 680 695 4593 3 940 197 0 1 0"
      ;;
    34)
      test-tcas  "553 1 811 855 53 1533 2 979 526 0 0 1"
      ;;
    35)
      test-tcas  "944 0 522 260 791 4791 2 862 374 1 0 0"
      ;;
    36)
      test-tcas  "546 1 345 454 561 2297 2 902 146 1 0 1"
      ;;
    37)
      test-tcas  "183 1 657 510 810 577 0 366 157 1 0 0"
      ;;
    38)
      test-tcas  "372 1 319 373 72 2351 0 996 868 1 1 0"
      ;;
    39)
      test-tcas  "158 0 657 322 927 1670 2 445 930 1 0 0"
      ;;
    40)
      test-tcas  "245 1 435 638 860 8512 0 463 633 1 1 1"
      ;;
    41)
      test-tcas  "738 0 437 598 398 3014 1 498 577 0 1 1"
      ;;
    42)
      test-tcas  "56 0 924 334 203 6264 3 586 642 1 1 0"
      ;;
    43)
      test-tcas  "899 1 420 864 104 9742 2 931 747 0 0 1"
      ;;
    44)
      test-tcas  "553 0 87 667 531 9096 3 437 357 1 1 1"
      ;;
    45)
      test-tcas  "339 1 371 637 343 9982 0 700 242 1 0 1"
      ;;
    46)
      test-tcas  "611 1 562 31 675 4183 2 497 704 0 0 1"
      ;;
    47)
      test-tcas  "406 1 525 126 150 3126 1 760 210 0 1 1"
      ;;
    48)
      test-tcas  "624 0 27 807 644 3276 1 230 235 0 1 0"
      ;;
    49)
      test-tcas  "533 1 861 98 686 3684 3 607 60 1 1 0"
      ;;
    50)
      test-tcas  "325 1 332 808 588 172 3 955 326 0 1 1"
      ;;
    51)
      test-tcas  "577 0 647 971 511 3338 2 368 252 1 0 1"
      ;;
    52)
      test-tcas  "571 1 282 602 871 8629 2 583 678 1 1 0"
      ;;
    53)
      test-tcas  "749 1 584 470 752 6308 1 140 399 0 0 1"
      ;;
    54)
      test-tcas  "886 1 556 143 421 7089 1 44 680 1 0 0"
      ;;
    55)
      test-tcas  "32 1 180 407 482 5653 2 524 341 1 1 1"
      ;;
    56)
      test-tcas  "807 0 490 410 776 9090 1 476 420 0 0 1"
      ;;
    57)
      test-tcas  "272 1 191 421 849 626 1 552 102 0 1 1"
      ;;
    58)
      test-tcas  "322 1 707 17 486 709 3 504 390 0 1 0"
      ;;
    59)
      test-tcas  "359 0 248 753 743 7687 3 463 912 1 0 1"
      ;;
    60)
      test-tcas  "952 1 826 974 802 8935 3 184 173 1 0 1"
      ;;
    61)
      test-tcas  "148 0 9 360 38 313 1 16 702 1 0 0"
      ;;
    62)
      test-tcas  "255 1 721 65 811 7315 3 428 659 1 1 0"
      ;;
    63)
      test-tcas  "64 0 468 976 727 5202 3 302 739 0 0 0"
      ;;
    64)
      test-tcas  "813 1 74 532 439 7743 0 997 586 0 1 1"
      ;;
    65)
      test-tcas  "539 1 243 912 459 4996 3 242 329 0 0 1"
      ;;
    66)
      test-tcas  "976 0 189 15 980 9777 2 376 445 1 0 0"
      ;;
    67)
      test-tcas  "703 0 975 686 295 146 2 234 745 1 0 0"
      ;;
    68)
      test-tcas  "923 1 313 958 93 1326 0 104 35 0 1 1"
      ;;
    69)
      test-tcas  "12 1 185 807 727 5024 3 633 803 1 1 1"
      ;;
    70)
      test-tcas  "826 1 924 909 401 7095 3 400 225 0 0 0"
      ;;
    71)
      test-tcas  "706 1 188 284 227 5912 0 20 756 0 1 1"
      ;;
    72)
      test-tcas  "152 1 739 441 144 3645 0 130 713 1 1 1"
      ;;
    73)
      test-tcas  "282 0 928 677 902 972 1 472 420 0 0 0"
      ;;
    74)
      test-tcas  "409 1 408 613 524 2431 2 474 808 1 0 1"
      ;;
    75)
      test-tcas  "399 1 839 783 31 4828 0 252 700 1 1 0"
      ;;
    76)
      test-tcas  "877 1 119 200 688 4700 0 835 554 0 0 0"
      ;;
    77)
      test-tcas  "877 0 81 259 517 2867 3 651 935 1 0 1"
      ;;
    78)
      test-tcas  "104 0 621 111 494 4605 1 839 720 0 0 1"
      ;;
    79)
      test-tcas  "709 1 760 776 574 2875 2 911 738 0 0 1"
      ;;
    80)
      test-tcas  "229 0 362 728 486 9396 2 481 458 1 0 1"
      ;;
    81)
      test-tcas  "262 0 991 512 170 4141 2 430 228 1 1 0"
      ;;
    82)
      test-tcas  "408 0 747 80 753 8079 1 758 662 1 0 0"
      ;;
    83)
      test-tcas  "69 1 907 72 22 6623 2 709 849 0 1 1"
      ;;
    84)
      test-tcas  "898 0 733 80 584 2380 3 347 342 0 1 1"
      ;;
    85)
      test-tcas  "899 0 964 146 195 5312 1 730 168 1 0 0"
      ;;
    86)
      test-tcas  "586 0 254 257 78 6409 3 172 524 1 1 1"
      ;;
    87)
      test-tcas  "6 1 158 493 594 7403 3 713 343 1 0 1"
      ;;
    88)
      test-tcas  "7 1 188 690 146 3867 3 911 504 0 0 1"
      ;;
    89)
      test-tcas  "740 1 998 59 886 2389 0 464 163 1 1 0"
      ;;
    90)
      test-tcas  "143 0 865 88 558 4182 2 785 470 1 1 0"
      ;;
    91)
      test-tcas  "925 0 351 324 647 7702 1 751 828 0 0 0"
      ;;
    92)
      test-tcas  "552 1 337 223 959 1431 3 195 803 0 1 1"
      ;;
    93)
      test-tcas  "677 1 509 180 794 5009 1 407 907 1 1 1"
      ;;
    94)
      test-tcas  "609 0 892 157 20 2417 0 36 592 1 0 1"
      ;;
    95)
      test-tcas  "585 0 82 931 560 4785 0 117 108 1 0 0"
      ;;
    96)
      test-tcas  "912 1 541 967 144 2776 3 759 158 0 1 1"
      ;;
    97)
      test-tcas  "417 0 573 231 592 9290 3 89 814 1 1 1"
      ;;
    98)
      test-tcas  "142 0 464 913 391 2458 1 502 627 1 1 1"
      ;;
    99)
      test-tcas  "765 1 753 35 943 6541 0 43 528 1 1 0"
      ;;
    100)
      test-tcas  "919 1 636 256 549 4488 2 872 857 0 0 0"
      ;;
    101)
      test-tcas  "313 0 162 891 1 426 3 238 648 1 1 1"
      ;;
    102)
      test-tcas  "447 1 124 166 504 3331 1 197 239 1 1 0"
      ;;
    103)
      test-tcas  "621 1 380 144 665 4558 3 469 261 0 1 0"
      ;;
    104)
      test-tcas  "998 1 780 428 341 1760 2 325 193 0 0 1"
      ;;
    105)
      test-tcas  "624 1 888 874 286 9993 3 246 837 1 1 0"
      ;;
    106)
      test-tcas  "512 1 308 884 839 7582 3 288 373 0 1 0"
      ;;
    107)
      test-tcas  "233 1 648 652 193 9427 1 594 32 1 0 0"
      ;;
    108)
      test-tcas  "876 1 941 822 279 4088 2 417 906 0 1 1"
      ;;
    109)
      test-tcas  "728 1 751 420 819 2991 2 180 984 1 1 1"
      ;;
    110)
      test-tcas  "658 0 204 759 720 595 1 718 171 1 1 1"
      ;;
    111)
      test-tcas  "849 0 727 94 748 3265 0 712 790 1 0 0"
      ;;
    112)
      test-tcas  "350 1 501 306 192 1956 0 597 948 1 0 1"
      ;;
    113)
      test-tcas  "765 0 393 688 203 9612 0 817 72 0 0 1"
      ;;
    114)
      test-tcas  "409 1 489 77 435 8384 1 243 953 0 0 1"
      ;;
    115)
      test-tcas  "316 0 331 57 780 4474 2 833 811 0 0 1"
      ;;
    116)
      test-tcas  "632 1 498 840 136 9487 2 264 62 1 0 1"
      ;;
    117)
      test-tcas  "230 1 350 566 471 6727 3 228 851 1 1 0"
      ;;
    118)
      test-tcas  "677 1 445 353 810 8854 3 375 772 1 0 0"
      ;;
esac
