#!/bin/bash
set -euo pipefail
SCRIPT_DIR=$(cd "$(dirname "${BASH_SOURCE[0]}")" && pwd)
test-tcas () {
    diff -q <(${ANGELIX_RUN:-eval} ./tcas $1) <($SCRIPT_DIR/../golden/tcas $1) > /dev/null
}

case "$1" in
    1)
      test-tcas  "534 1 729 95 579 3489 3 487 697 0 1 0"
      ;;
    2)
      test-tcas  "675 0 798 221 762 1991 1 281 470 0 1 0"
      ;;
    3)
      test-tcas  "900 1 869 498 831 3607 1 558 946 1 1 1"
      ;;
    4)
      test-tcas  "610 1 526 589 301 2128 0 619 364 1 0 1"
      ;;
    5)
      test-tcas  "61 0 198 387 993 8535 2 825 823 0 1 0"
      ;;
    6)
      test-tcas  "912 1 889 995 915 6096 0 770 576 1 0 1"
      ;;
    7)
      test-tcas  "7 0 803 65 477 7162 3 429 329 0 0 0"
      ;;
    8)
      test-tcas  "962 0 982 348 976 2434 1 697 446 1 1 1"
      ;;
    9)
      test-tcas  "10 0 185 434 902 5786 1 299 342 0 1 0"
      ;;
    10)
      test-tcas  "691 1 207 272 616 895 2 278 110 1 0 1"
      ;;
    11)
      test-tcas  "556 0 610 415 230 140 0 104 516 0 0 1"
      ;;
    12)
      test-tcas  "894 1 503 735 193 1254 0 784 953 1 1 1"
      ;;
    13)
      test-tcas  "731 0 473 850 104 3288 2 414 685 1 0 0"
      ;;
    14)
      test-tcas  "917 0 118 560 576 394 2 153 901 0 1 0"
      ;;
    15)
      test-tcas  "995 1 791 227 709 9814 3 799 493 1 1 1"
      ;;
    16)
      test-tcas  "831 1 182 278 725 9341 2 921 368 0 1 0"
      ;;
    17)
      test-tcas  "568 0 236 857 731 9247 2 863 180 1 0 1"
      ;;
    18)
      test-tcas  "383 1 598 75 246 4429 3 906 938 0 0 1"
      ;;
    19)
      test-tcas  "854 0 327 330 251 4140 3 423 740 1 0 0"
      ;;
    20)
      test-tcas  "319 1 15 796 876 9280 2 8 104 1 1 0"
      ;;
    21)
      test-tcas  "617 1 681 377 622 742 2 326 884 0 1 1"
      ;;
    22)
      test-tcas  "899 1 885 249 97 6771 1 725 635 1 1 1"
      ;;
    23)
      test-tcas  "849 1 444 485 682 2685 2 634 522 1 0 0"
      ;;
    24)
      test-tcas  "671 0 871 283 334 2673 0 248 408 0 1 1"
      ;;
    25)
      test-tcas  "532 0 305 871 857 617 3 151 702 0 0 0"
      ;;
    26)
      test-tcas  "837 1 121 372 426 5143 1 230 754 1 0 1"
      ;;
    27)
      test-tcas  "754 1 722 669 991 3220 0 527 212 0 0 1"
      ;;
    28)
      test-tcas  "781 0 166 683 322 6742 3 597 678 0 1 0"
      ;;
    29)
      test-tcas  "854 1 241 441 961 7527 1 420 291 1 0 0"
      ;;
    30)
      test-tcas  "582 1 452 865 208 8161 2 993 487 0 1 0"
      ;;
    31)
      test-tcas  "572 1 57 360 425 8980 2 443 148 1 0 1"
      ;;
    32)
      test-tcas  "592 0 774 31 512 5346 2 724 687 0 0 1"
      ;;
    33)
      test-tcas  "384 1 198 678 254 4154 0 883 243 0 0 1"
      ;;
    34)
      test-tcas  "395 1 112 674 473 4178 3 304 197 1 0 0"
      ;;
    35)
      test-tcas  "479 0 963 329 485 1579 1 412 524 1 0 1"
      ;;
    36)
      test-tcas  "727 0 651 483 246 9414 1 961 220 0 0 1"
      ;;
    37)
      test-tcas  "82 0 512 770 869 8583 2 283 65 1 1 1"
      ;;
    38)
      test-tcas  "184 1 970 304 723 7047 2 697 331 0 0 0"
      ;;
    39)
      test-tcas  "60 0 732 432 333 4599 2 726 820 1 0 1"
      ;;
    40)
      test-tcas  "779 0 688 718 528 1784 0 774 622 1 1 0"
      ;;
    41)
      test-tcas  "17 0 780 358 933 3847 0 548 428 0 0 1"
      ;;
    42)
      test-tcas  "691 1 57 969 884 3799 3 723 971 1 0 0"
      ;;
    43)
      test-tcas  "332 1 929 912 120 2839 3 136 267 1 1 1"
      ;;
    44)
      test-tcas  "762 0 282 223 303 1466 3 224 752 0 0 0"
      ;;
    45)
      test-tcas  "831 0 602 649 400 628 1 373 220 0 1 1"
      ;;
    46)
      test-tcas  "581 0 564 384 293 9232 3 483 570 0 1 1"
      ;;
    47)
      test-tcas  "46 1 747 700 705 2226 1 181 841 1 0 1"
      ;;
    48)
      test-tcas  "220 0 135 957 531 2315 0 938 848 1 1 0"
      ;;
    49)
      test-tcas  "257 0 915 286 50 8133 3 673 868 0 1 0"
      ;;
    50)
      test-tcas  "947 0 806 676 218 2418 2 416 327 0 0 1"
      ;;
    51)
      test-tcas  "776 1 702 217 305 5393 1 149 299 1 1 0"
      ;;
    52)
      test-tcas  "500 1 768 890 533 1116 3 87 810 1 0 1"
      ;;
    53)
      test-tcas  "158 0 425 466 148 8123 3 415 454 0 1 1"
      ;;
    54)
      test-tcas  "725 1 674 928 420 122 3 830 735 1 1 0"
      ;;
    55)
      test-tcas  "298 1 177 193 538 7921 0 157 749 1 1 0"
      ;;
    56)
      test-tcas  "683 1 264 926 130 86 1 858 380 1 0 1"
      ;;
    57)
      test-tcas  "613 1 642 814 259 7114 1 339 113 1 1 0"
      ;;
    58)
      test-tcas  "515 0 38 852 237 2131 2 703 789 1 0 1"
      ;;
    59)
      test-tcas  "750 0 316 972 387 243 2 875 252 0 1 1"
      ;;
    60)
      test-tcas  "673 1 734 700 63 8787 2 941 743 1 1 1"
      ;;
    61)
      test-tcas  "530 1 6 514 727 1740 0 41 216 1 0 0"
      ;;
    62)
      test-tcas  "314 1 644 92 719 3507 3 224 342 0 0 1"
      ;;
    63)
      test-tcas  "73 1 763 835 569 213 2 362 959 1 1 1"
      ;;
    64)
      test-tcas  "950 0 1 759 207 458 0 513 32 0 1 1"
      ;;
    65)
      test-tcas  "296 0 614 189 315 2275 0 953 843 1 1 0"
      ;;
    66)
      test-tcas  "664 1 971 649 287 8742 1 593 139 0 0 1"
      ;;
    67)
      test-tcas  "248 0 750 823 817 1341 0 546 292 0 1 0"
      ;;
    68)
      test-tcas  "482 1 7 617 54 7756 0 229 248 0 0 1"
      ;;
    69)
      test-tcas  "965 1 43 41 498 9328 0 686 34 1 0 0"
      ;;
    70)
      test-tcas  "704 0 562 948 428 2838 0 581 994 0 0 1"
      ;;
    71)
      test-tcas  "808 0 34 557 569 1689 2 820 645 0 0 0"
      ;;
    72)
      test-tcas  "294 1 450 190 999 2914 2 714 85 0 0 0"
      ;;
    73)
      test-tcas  "476 0 775 735 929 8697 1 263 327 1 0 1"
      ;;
    74)
      test-tcas  "630 0 333 18 935 4293 1 330 642 0 0 1"
      ;;
    75)
      test-tcas  "140 1 175 574 569 8432 0 278 134 0 1 0"
      ;;
    76)
      test-tcas  "203 0 133 117 898 7314 3 60 169 0 1 1"
      ;;
    77)
      test-tcas  "412 0 712 549 550 9382 1 729 86 1 0 1"
      ;;
    78)
      test-tcas  "78 0 346 316 168 5007 3 924 738 0 1 1"
      ;;
    79)
      test-tcas  "73 1 674 656 881 3088 0 73 875 1 1 0"
      ;;
    80)
      test-tcas  "208 0 545 447 418 5466 1 830 203 0 1 0"
      ;;
    81)
      test-tcas  "790 1 297 269 875 9776 3 631 109 0 1 1"
      ;;
    82)
      test-tcas  "901 1 568 667 858 2095 3 197 527 0 0 0"
      ;;
    83)
      test-tcas  "246 1 446 670 805 2399 2 405 298 1 0 0"
      ;;
    84)
      test-tcas  "42 1 160 215 669 8417 1 65 531 0 0 1"
      ;;
    85)
      test-tcas  "390 0 725 344 928 7006 2 891 23 1 0 0"
      ;;
    86)
      test-tcas  "867 0 85 843 951 6625 1 308 667 1 0 0"
      ;;
    87)
      test-tcas  "767 1 148 410 214 9893 2 642 999 0 1 0"
      ;;
    88)
      test-tcas  "386 0 955 395 623 1555 1 787 600 1 0 0"
      ;;
    89)
      test-tcas  "111 0 760 786 341 4444 2 547 965 0 0 0"
      ;;
    90)
      test-tcas  "763 0 305 265 974 4256 3 563 716 1 1 1"
      ;;
    91)
      test-tcas  "657 1 851 939 792 3098 2 62 623 0 1 1"
      ;;
    92)
      test-tcas  "239 1 661 726 818 1843 0 519 841 1 0 0"
      ;;
    93)
      test-tcas  "874 1 638 336 115 2383 3 875 46 0 1 0"
      ;;
    94)
      test-tcas  "410 1 625 336 448 2804 3 994 777 0 1 1"
      ;;
    95)
      test-tcas  "569 0 563 942 686 1423 3 731 285 1 0 0"
      ;;
    96)
      test-tcas  "951 0 227 928 845 9457 1 296 457 1 0 1"
      ;;
    97)
      test-tcas  "550 0 584 375 536 6876 3 398 100 0 1 0"
      ;;
    98)
      test-tcas  "90 0 70 901 830 1711 1 187 806 0 1 0"
      ;;
    99)
      test-tcas  "310 0 101 575 71 9706 2 10 26 1 1 0"
      ;;
    100)
      test-tcas  "420 0 12 786 123 8843 0 694 623 0 1 1"
      ;;
    101)
      test-tcas  "428 0 408 90 759 1740 2 261 223 0 1 1"
      ;;
    102)
      test-tcas  "876 1 412 340 493 8435 3 872 72 0 0 1"
      ;;
    103)
      test-tcas  "631 0 798 328 116 2423 0 183 803 1 1 1"
      ;;
    104)
      test-tcas  "937 0 196 619 459 4186 0 346 590 1 0 0"
      ;;
    105)
      test-tcas  "721 1 714 398 544 8718 3 492 591 0 0 1"
      ;;
    106)
      test-tcas  "385 0 252 786 239 6750 0 760 293 0 1 1"
      ;;
    107)
      test-tcas  "813 1 580 378 872 3560 2 724 513 0 0 0"
      ;;
    108)
      test-tcas  "206 1 918 623 889 4296 2 478 211 0 0 0"
      ;;
    109)
      test-tcas  "595 0 200 122 655 815 2 647 67 1 0 1"
      ;;
    110)
      test-tcas  "429 1 580 973 847 1965 1 139 914 1 0 1"
      ;;
    111)
      test-tcas  "533 1 867 962 562 7156 0 684 560 0 0 1"
      ;;
    112)
      test-tcas  "13 1 631 604 310 1903 2 938 364 1 0 0"
      ;;
    113)
      test-tcas  "251 1 553 916 426 3794 3 320 91 0 1 0"
      ;;
    114)
      test-tcas  "78 1 311 214 162 8050 2 716 58 1 1 1"
      ;;
    115)
      test-tcas  "516 1 839 240 783 3498 3 718 442 0 1 1"
      ;;
    116)
      test-tcas  "64 0 188 572 392 2368 2 234 794 1 1 0"
      ;;
    117)
      test-tcas  "527 1 449 453 972 827 3 46 357 0 0 1"
      ;;
    118)
      test-tcas  "645 1 286 5 208 1681 0 223 632 0 1 0"
      ;;
esac
