#!/bin/bash
set -euo pipefail
SCRIPT_DIR=$(cd "$(dirname "${BASH_SOURCE[0]}")" && pwd)
test-tcas () {
    diff -q <(${ANGELIX_RUN:-eval} ./tcas $1) <($SCRIPT_DIR/../golden/tcas $1) > /dev/null
}

case "$1" in
    1)
      test-tcas  "556 1 387 118 267 4091 1 369 439 0 1 1"
      ;;
    2)
      test-tcas  "752 0 530 625 946 5836 0 478 659 1 1 1"
      ;;
    3)
      test-tcas  "298 1 509 212 419 9183 1 193 268 1 0 0"
      ;;
    4)
      test-tcas  "119 1 393 565 776 4857 0 105 164 1 0 0"
      ;;
    5)
      test-tcas  "211 0 989 427 367 3804 3 13 933 1 0 0"
      ;;
    6)
      test-tcas  "59 1 677 990 702 273 1 459 61 1 0 1"
      ;;
    7)
      test-tcas  "979 1 953 770 632 9158 1 638 342 1 1 0"
      ;;
    8)
      test-tcas  "724 1 559 595 488 5905 3 819 146 1 0 1"
      ;;
    9)
      test-tcas  "526 0 178 393 497 9535 1 29 558 1 1 1"
      ;;
    10)
      test-tcas  "943 0 625 163 757 2577 0 943 207 0 1 0"
      ;;
    11)
      test-tcas  "407 1 287 790 356 5819 0 777 655 0 0 0"
      ;;
    12)
      test-tcas  "242 1 174 220 912 915 2 321 686 1 0 0"
      ;;
    13)
      test-tcas  "155 1 440 975 757 9867 0 287 589 1 0 0"
      ;;
    14)
      test-tcas  "748 0 584 66 393 7411 1 723 685 0 1 1"
      ;;
    15)
      test-tcas  "519 1 670 978 480 185 3 402 786 1 1 0"
      ;;
    16)
      test-tcas  "68 1 969 657 707 5446 2 904 121 0 0 1"
      ;;
    17)
      test-tcas  "809 1 247 293 206 1837 2 456 389 0 1 1"
      ;;
    18)
      test-tcas  "454 0 656 67 951 5441 0 558 121 1 1 1"
      ;;
    19)
      test-tcas  "779 1 710 113 615 6009 3 983 377 1 0 1"
      ;;
    20)
      test-tcas  "840 0 242 524 754 816 3 895 971 1 1 0"
      ;;
    21)
      test-tcas  "766 1 450 463 985 7162 0 553 989 0 1 1"
      ;;
    22)
      test-tcas  "562 0 239 234 856 8947 3 430 194 1 1 0"
      ;;
    23)
      test-tcas  "20 0 980 585 608 8206 2 481 168 0 0 0"
      ;;
    24)
      test-tcas  "846 1 568 480 761 8785 1 848 590 0 0 0"
      ;;
    25)
      test-tcas  "426 1 285 191 609 6621 0 376 958 1 0 0"
      ;;
    26)
      test-tcas  "385 1 418 731 174 9335 0 53 303 1 0 0"
      ;;
    27)
      test-tcas  "79 1 880 419 978 6949 1 774 71 1 1 1"
      ;;
    28)
      test-tcas  "578 0 230 738 154 5657 2 744 237 0 0 1"
      ;;
    29)
      test-tcas  "392 0 469 622 909 7606 0 316 54 1 1 1"
      ;;
    30)
      test-tcas  "253 0 815 839 210 1580 3 141 409 1 1 1"
      ;;
    31)
      test-tcas  "706 0 343 318 748 2420 3 225 777 0 1 1"
      ;;
    32)
      test-tcas  "957 0 874 970 754 804 3 699 47 0 1 0"
      ;;
    33)
      test-tcas  "587 0 893 938 141 9838 0 44 164 0 0 0"
      ;;
    34)
      test-tcas  "123 1 423 100 642 570 3 927 521 1 0 1"
      ;;
    35)
      test-tcas  "266 1 894 198 198 5234 2 873 399 0 0 0"
      ;;
    36)
      test-tcas  "707 0 891 76 735 4586 1 667 420 0 1 1"
      ;;
    37)
      test-tcas  "916 1 419 218 750 4240 0 586 24 0 1 0"
      ;;
    38)
      test-tcas  "101 0 903 101 683 4368 2 432 355 1 1 1"
      ;;
    39)
      test-tcas  "724 0 554 739 24 7527 1 754 651 0 0 0"
      ;;
    40)
      test-tcas  "404 0 10 342 377 704 2 660 315 0 1 1"
      ;;
    41)
      test-tcas  "947 1 267 42 304 9983 1 264 228 0 0 1"
      ;;
    42)
      test-tcas  "379 0 864 375 784 9392 1 998 643 1 0 0"
      ;;
    43)
      test-tcas  "412 1 91 428 410 9697 0 850 59 0 0 0"
      ;;
    44)
      test-tcas  "666 0 628 474 91 7956 3 959 959 0 0 1"
      ;;
    45)
      test-tcas  "145 0 503 357 71 4691 2 28 24 0 0 1"
      ;;
    46)
      test-tcas  "74 1 603 943 374 2502 0 565 611 0 0 0"
      ;;
    47)
      test-tcas  "90 0 120 613 502 7826 0 167 711 1 1 1"
      ;;
    48)
      test-tcas  "24 1 352 9 238 6408 2 834 462 0 0 0"
      ;;
    49)
      test-tcas  "122 1 127 90 775 2812 2 660 390 0 0 1"
      ;;
    50)
      test-tcas  "483 0 830 971 124 5010 1 206 111 0 1 1"
      ;;
    51)
      test-tcas  "779 0 548 60 803 6751 1 446 42 1 0 0"
      ;;
    52)
      test-tcas  "936 0 270 610 233 2984 0 274 844 1 0 0"
      ;;
    53)
      test-tcas  "442 0 258 26 2 7147 2 355 895 0 0 0"
      ;;
    54)
      test-tcas  "247 0 858 73 264 3591 2 417 917 0 1 1"
      ;;
    55)
      test-tcas  "890 0 873 515 973 3806 3 997 149 1 0 0"
      ;;
    56)
      test-tcas  "469 0 437 731 429 1464 2 206 972 0 1 1"
      ;;
    57)
      test-tcas  "444 1 907 424 762 8557 1 191 855 0 0 0"
      ;;
    58)
      test-tcas  "924 1 768 722 417 3125 2 659 678 1 1 1"
      ;;
    59)
      test-tcas  "136 0 822 761 535 8230 3 162 147 0 0 0"
      ;;
    60)
      test-tcas  "144 1 96 172 290 1902 0 736 906 1 0 0"
      ;;
    61)
      test-tcas  "614 1 867 901 725 8816 3 967 260 0 0 1"
      ;;
    62)
      test-tcas  "473 0 48 314 480 6437 2 653 31 1 0 1"
      ;;
    63)
      test-tcas  "724 0 845 696 1 1234 1 915 59 1 1 1"
      ;;
    64)
      test-tcas  "432 0 109 4 352 4451 3 880 158 0 1 0"
      ;;
    65)
      test-tcas  "978 1 181 64 604 1645 2 925 997 0 1 1"
      ;;
    66)
      test-tcas  "145 0 201 338 35 5961 1 933 379 1 1 1"
      ;;
    67)
      test-tcas  "339 0 948 896 899 1734 1 81 738 0 1 0"
      ;;
    68)
      test-tcas  "420 0 117 377 458 2611 1 305 357 0 1 0"
      ;;
    69)
      test-tcas  "46 1 717 394 203 6897 2 850 853 0 0 0"
      ;;
    70)
      test-tcas  "293 1 828 189 798 2316 2 149 826 1 1 1"
      ;;
    71)
      test-tcas  "408 1 383 196 214 2751 1 691 328 0 1 1"
      ;;
    72)
      test-tcas  "129 1 922 706 793 882 0 571 830 1 0 0"
      ;;
    73)
      test-tcas  "778 0 345 888 627 2914 1 50 803 1 0 0"
      ;;
    74)
      test-tcas  "581 1 686 108 602 4793 0 625 768 0 1 0"
      ;;
    75)
      test-tcas  "152 1 681 767 742 3468 3 958 758 1 0 0"
      ;;
    76)
      test-tcas  "999 0 593 737 192 1837 2 383 584 0 1 0"
      ;;
    77)
      test-tcas  "91 0 202 952 153 2045 2 715 88 1 0 1"
      ;;
    78)
      test-tcas  "110 1 213 746 413 8759 0 671 653 1 0 0"
      ;;
    79)
      test-tcas  "921 1 527 202 845 1961 1 394 770 0 0 1"
      ;;
    80)
      test-tcas  "29 0 792 990 243 7609 2 338 212 0 1 1"
      ;;
    81)
      test-tcas  "400 1 558 50 253 4329 3 150 571 0 0 1"
      ;;
    82)
      test-tcas  "953 1 32 862 884 4976 1 150 393 0 0 0"
      ;;
    83)
      test-tcas  "317 1 995 101 130 3583 2 544 988 1 0 1"
      ;;
    84)
      test-tcas  "79 1 820 81 664 785 2 682 192 0 1 0"
      ;;
    85)
      test-tcas  "698 0 784 606 286 4340 3 394 885 0 0 1"
      ;;
    86)
      test-tcas  "599 0 921 644 943 5830 1 796 941 0 1 1"
      ;;
    87)
      test-tcas  "600 0 621 664 524 24 0 854 512 1 1 0"
      ;;
    88)
      test-tcas  "832 1 897 427 474 9727 0 571 112 1 0 0"
      ;;
    89)
      test-tcas  "662 1 913 659 348 6200 1 717 861 1 1 1"
      ;;
    90)
      test-tcas  "810 0 763 169 917 3476 3 790 526 0 1 1"
      ;;
    91)
      test-tcas  "881 1 825 786 268 4022 2 171 558 0 0 1"
      ;;
    92)
      test-tcas  "919 1 148 822 451 3292 1 333 293 1 1 0"
      ;;
    93)
      test-tcas  "305 0 300 773 777 1751 2 486 743 0 1 1"
      ;;
    94)
      test-tcas  "382 0 961 481 691 4902 1 88 50 1 1 1"
      ;;
    95)
      test-tcas  "596 0 189 156 319 4749 3 363 627 1 0 0"
      ;;
    96)
      test-tcas  "698 0 830 401 361 9979 2 233 332 0 0 1"
      ;;
    97)
      test-tcas  "655 1 880 703 829 6897 3 925 690 0 1 1"
      ;;
    98)
      test-tcas  "323 0 831 803 400 8896 0 998 143 0 1 0"
      ;;
    99)
      test-tcas  "770 0 65 860 663 8856 1 581 708 1 0 0"
      ;;
    100)
      test-tcas  "200 0 262 475 490 6481 3 250 50 0 1 1"
      ;;
    101)
      test-tcas  "972 1 522 308 0 1105 3 244 61 0 1 0"
      ;;
    102)
      test-tcas  "938 0 469 378 160 9942 1 523 380 0 0 0"
      ;;
    103)
      test-tcas  "563 1 54 989 32 2183 3 634 23 1 0 0"
      ;;
    104)
      test-tcas  "730 0 999 750 951 658 2 344 345 0 1 1"
      ;;
    105)
      test-tcas  "3 1 982 224 521 5070 0 646 983 1 0 0"
      ;;
    106)
      test-tcas  "323 0 582 438 328 4011 0 944 156 0 0 0"
      ;;
    107)
      test-tcas  "607 0 810 748 543 7131 0 9 798 0 1 1"
      ;;
    108)
      test-tcas  "628 1 707 426 276 3919 3 741 468 0 1 1"
      ;;
    109)
      test-tcas  "766 0 958 795 505 1552 2 723 713 1 1 0"
      ;;
    110)
      test-tcas  "773 0 802 805 806 1286 0 166 722 0 1 1"
      ;;
    111)
      test-tcas  "615 0 708 573 736 704 2 6 577 1 0 0"
      ;;
    112)
      test-tcas  "697 0 280 664 795 8017 3 715 200 0 1 0"
      ;;
    113)
      test-tcas  "375 0 731 742 258 4363 3 719 271 0 0 1"
      ;;
    114)
      test-tcas  "595 1 966 614 874 789 3 315 886 1 0 0"
      ;;
    115)
      test-tcas  "792 0 851 747 527 8208 0 513 569 0 0 0"
      ;;
    116)
      test-tcas  "784 0 664 950 306 1266 3 372 439 1 0 0"
      ;;
    117)
      test-tcas  "397 1 917 107 248 534 3 176 873 0 0 0"
      ;;
    118)
      test-tcas  "836 1 872 670 58 1922 3 91 865 1 1 0"
      ;;
esac
