#!/bin/bash
set -euo pipefail
SCRIPT_DIR=$(cd "$(dirname "${BASH_SOURCE[0]}")" && pwd)
test-tcas () {
    diff -q <(${ANGELIX_RUN:-eval} ./tcas $1) <($SCRIPT_DIR/../golden/tcas $1) > /dev/null
}

case "$1" in
    1)
      test-tcas  "365 0 272 31 791 7287 2 620 814 0 0 0"
      ;;
    2)
      test-tcas  "850 0 499 22 874 4320 1 457 238 0 1 0"
      ;;
    3)
      test-tcas  "861 0 206 77 945 7588 3 577 190 0 1 1"
      ;;
    4)
      test-tcas  "956 1 548 384 175 7729 2 752 887 0 0 0"
      ;;
    5)
      test-tcas  "153 0 932 616 772 1860 2 165 639 1 0 1"
      ;;
    6)
      test-tcas  "834 1 759 368 496 6791 3 993 355 1 1 0"
      ;;
    7)
      test-tcas  "333 1 142 343 978 4038 1 264 620 1 1 0"
      ;;
    8)
      test-tcas  "52 0 314 479 218 6515 2 352 855 0 0 0"
      ;;
    9)
      test-tcas  "319 0 95 325 801 9750 3 199 12 1 1 0"
      ;;
    10)
      test-tcas  "974 0 321 763 936 4235 0 593 597 1 1 0"
      ;;
    11)
      test-tcas  "763 0 493 473 262 372 1 715 466 1 1 1"
      ;;
    12)
      test-tcas  "42 0 97 479 605 3124 2 632 822 0 0 1"
      ;;
    13)
      test-tcas  "100 1 118 658 443 174 0 452 211 1 1 1"
      ;;
    14)
      test-tcas  "515 1 131 175 708 4961 1 541 990 1 0 0"
      ;;
    15)
      test-tcas  "435 0 117 559 851 4495 1 391 767 1 0 1"
      ;;
    16)
      test-tcas  "496 0 719 405 648 1320 0 626 699 1 1 1"
      ;;
    17)
      test-tcas  "226 1 62 616 200 9374 2 16 262 0 1 1"
      ;;
    18)
      test-tcas  "315 0 557 567 820 4873 2 416 139 1 0 1"
      ;;
    19)
      test-tcas  "947 0 190 684 186 5565 3 164 312 1 0 0"
      ;;
    20)
      test-tcas  "591 1 778 587 40 4977 1 676 186 0 0 0"
      ;;
    21)
      test-tcas  "194 0 441 245 77 2368 0 790 647 1 0 1"
      ;;
    22)
      test-tcas  "554 1 216 436 310 4231 1 804 433 1 0 0"
      ;;
    23)
      test-tcas  "930 0 192 286 186 9202 2 144 942 1 1 1"
      ;;
    24)
      test-tcas  "448 0 896 705 93 5174 3 207 746 1 0 0"
      ;;
    25)
      test-tcas  "814 0 823 192 567 5358 3 64 555 1 0 0"
      ;;
    26)
      test-tcas  "85 1 18 724 561 8822 2 521 167 1 0 1"
      ;;
    27)
      test-tcas  "815 0 493 273 490 854 1 390 117 0 0 1"
      ;;
    28)
      test-tcas  "886 0 940 951 511 9195 2 770 236 1 1 0"
      ;;
    29)
      test-tcas  "562 1 776 761 535 3816 3 721 165 0 1 0"
      ;;
    30)
      test-tcas  "964 0 933 611 901 546 2 836 62 0 1 0"
      ;;
    31)
      test-tcas  "125 0 35 398 367 2336 1 987 289 0 0 1"
      ;;
    32)
      test-tcas  "91 1 709 823 197 6447 0 825 706 0 0 1"
      ;;
    33)
      test-tcas  "191 0 666 969 524 1215 0 579 464 1 1 1"
      ;;
    34)
      test-tcas  "622 0 985 683 993 2420 2 200 710 1 0 0"
      ;;
    35)
      test-tcas  "805 1 617 375 786 6527 2 13 546 1 0 1"
      ;;
    36)
      test-tcas  "682 1 605 47 594 6299 1 783 848 1 1 1"
      ;;
    37)
      test-tcas  "155 1 795 115 959 3441 2 353 103 0 1 0"
      ;;
    38)
      test-tcas  "215 1 964 984 507 2991 2 975 412 1 0 1"
      ;;
    39)
      test-tcas  "86 1 270 268 138 5227 0 884 49 1 1 1"
      ;;
    40)
      test-tcas  "700 0 767 131 62 2824 2 808 615 0 1 0"
      ;;
    41)
      test-tcas  "293 1 393 346 774 3862 2 752 781 1 0 1"
      ;;
    42)
      test-tcas  "619 0 362 442 575 5163 3 676 941 0 0 1"
      ;;
    43)
      test-tcas  "392 1 234 614 131 5191 0 569 747 0 0 0"
      ;;
    44)
      test-tcas  "999 0 181 41 792 1461 2 862 495 0 1 0"
      ;;
    45)
      test-tcas  "320 0 957 729 938 4056 1 197 676 1 0 0"
      ;;
    46)
      test-tcas  "594 1 32 178 534 4445 1 204 708 1 0 0"
      ;;
    47)
      test-tcas  "768 1 35 817 333 7316 2 197 885 0 1 1"
      ;;
    48)
      test-tcas  "551 1 266 512 754 2592 2 513 943 1 1 0"
      ;;
    49)
      test-tcas  "584 0 435 326 398 5214 0 680 399 1 0 1"
      ;;
    50)
      test-tcas  "605 0 73 193 457 1603 2 595 841 0 1 1"
      ;;
    51)
      test-tcas  "357 1 153 282 884 3992 3 531 792 1 1 1"
      ;;
    52)
      test-tcas  "161 0 425 489 177 7028 2 989 480 1 1 1"
      ;;
    53)
      test-tcas  "624 0 757 775 929 5200 1 240 991 0 1 1"
      ;;
    54)
      test-tcas  "805 1 428 928 962 4737 3 765 669 0 1 1"
      ;;
    55)
      test-tcas  "404 1 793 813 861 9627 2 828 454 0 0 1"
      ;;
    56)
      test-tcas  "92 1 78 189 68 8415 1 995 946 1 1 0"
      ;;
    57)
      test-tcas  "3 1 222 872 394 6276 1 577 452 1 1 1"
      ;;
    58)
      test-tcas  "674 0 717 216 811 5759 3 760 120 1 0 1"
      ;;
    59)
      test-tcas  "296 1 252 761 808 9325 1 576 378 1 0 0"
      ;;
    60)
      test-tcas  "95 1 658 300 269 7551 0 776 414 1 0 0"
      ;;
    61)
      test-tcas  "929 0 218 660 919 8491 2 284 305 0 0 1"
      ;;
    62)
      test-tcas  "824 0 783 96 796 6299 2 17 536 0 1 1"
      ;;
    63)
      test-tcas  "141 0 383 423 929 734 0 610 230 1 1 0"
      ;;
    64)
      test-tcas  "359 1 89 806 537 3616 3 936 269 0 1 0"
      ;;
    65)
      test-tcas  "162 0 807 520 470 3734 3 225 698 1 1 0"
      ;;
    66)
      test-tcas  "462 1 468 21 401 8016 1 119 381 0 0 1"
      ;;
    67)
      test-tcas  "377 1 661 202 427 4056 3 106 774 0 1 1"
      ;;
    68)
      test-tcas  "864 0 227 938 177 7318 3 515 943 0 0 0"
      ;;
    69)
      test-tcas  "709 1 639 767 347 5455 3 522 538 0 0 0"
      ;;
    70)
      test-tcas  "7 0 103 938 763 2322 2 557 376 0 0 1"
      ;;
    71)
      test-tcas  "923 1 335 12 525 5224 1 955 578 0 1 0"
      ;;
    72)
      test-tcas  "644 0 786 760 691 953 0 814 806 0 0 0"
      ;;
    73)
      test-tcas  "796 1 733 246 85 9044 0 685 158 0 0 0"
      ;;
    74)
      test-tcas  "380 0 228 744 404 4531 2 2 537 1 1 0"
      ;;
    75)
      test-tcas  "356 1 196 446 627 7238 1 15 22 0 0 1"
      ;;
    76)
      test-tcas  "466 0 222 878 981 379 0 479 731 1 1 0"
      ;;
    77)
      test-tcas  "633 0 589 439 267 7878 2 369 29 0 0 0"
      ;;
    78)
      test-tcas  "440 1 35 628 261 7408 2 572 618 1 0 0"
      ;;
    79)
      test-tcas  "631 1 423 191 149 4669 2 744 77 0 0 0"
      ;;
    80)
      test-tcas  "411 1 101 782 570 3902 2 335 800 0 1 1"
      ;;
    81)
      test-tcas  "460 1 156 572 743 30 3 250 996 0 0 0"
      ;;
    82)
      test-tcas  "91 1 26 787 488 9141 3 610 479 0 0 0"
      ;;
    83)
      test-tcas  "833 0 41 201 512 6325 0 708 382 1 0 0"
      ;;
    84)
      test-tcas  "873 1 435 314 370 3079 0 475 688 1 0 0"
      ;;
    85)
      test-tcas  "379 1 150 221 767 643 1 546 554 1 1 1"
      ;;
    86)
      test-tcas  "545 1 402 23 557 726 3 459 845 0 1 0"
      ;;
    87)
      test-tcas  "464 0 472 120 788 1086 0 472 94 1 0 0"
      ;;
    88)
      test-tcas  "462 1 493 768 483 434 1 104 197 0 0 0"
      ;;
    89)
      test-tcas  "474 1 211 934 533 4970 2 651 660 0 0 1"
      ;;
    90)
      test-tcas  "243 1 670 716 131 7761 2 749 994 0 1 1"
      ;;
    91)
      test-tcas  "765 0 679 464 511 1893 3 368 33 1 1 0"
      ;;
    92)
      test-tcas  "323 0 580 115 528 9086 0 636 451 0 1 1"
      ;;
    93)
      test-tcas  "712 0 416 342 635 7073 1 410 580 0 1 0"
      ;;
    94)
      test-tcas  "938 0 975 682 234 1663 3 683 838 0 0 1"
      ;;
    95)
      test-tcas  "577 1 419 54 148 2911 3 642 606 1 1 0"
      ;;
    96)
      test-tcas  "357 1 293 860 20 9295 2 547 255 1 1 1"
      ;;
    97)
      test-tcas  "130 0 634 288 922 9191 3 515 267 0 1 1"
      ;;
    98)
      test-tcas  "442 1 650 401 196 5292 0 823 930 1 1 1"
      ;;
    99)
      test-tcas  "229 0 78 200 728 4853 0 478 19 1 1 1"
      ;;
    100)
      test-tcas  "862 0 751 28 268 6918 2 478 110 1 1 0"
      ;;
    101)
      test-tcas  "808 1 234 453 277 6771 2 533 780 0 0 0"
      ;;
    102)
      test-tcas  "527 1 498 134 892 7986 2 891 867 0 1 1"
      ;;
    103)
      test-tcas  "969 0 619 146 133 3463 1 406 273 0 1 0"
      ;;
    104)
      test-tcas  "77 1 291 776 315 8785 3 93 393 1 1 1"
      ;;
    105)
      test-tcas  "129 0 635 980 796 4160 0 67 235 0 0 1"
      ;;
    106)
      test-tcas  "489 0 287 411 756 5024 1 64 614 1 0 1"
      ;;
    107)
      test-tcas  "427 0 119 263 550 6171 2 585 447 1 1 1"
      ;;
    108)
      test-tcas  "137 0 141 137 418 9977 2 196 190 1 0 0"
      ;;
    109)
      test-tcas  "823 0 205 618 884 5965 3 537 791 0 0 1"
      ;;
    110)
      test-tcas  "872 0 971 399 93 6488 2 276 232 0 1 0"
      ;;
    111)
      test-tcas  "614 1 403 497 577 1907 3 463 764 1 0 0"
      ;;
    112)
      test-tcas  "944 0 571 393 551 8037 3 592 299 1 1 0"
      ;;
    113)
      test-tcas  "290 0 13 852 754 9074 1 94 173 1 0 0"
      ;;
    114)
      test-tcas  "854 1 136 656 163 544 0 25 519 0 1 1"
      ;;
    115)
      test-tcas  "953 1 282 573 500 9081 0 323 940 0 0 0"
      ;;
    116)
      test-tcas  "439 0 3 570 457 9074 3 215 882 0 0 1"
      ;;
    117)
      test-tcas  "721 0 921 549 847 346 3 169 227 1 0 1"
      ;;
    118)
      test-tcas  "787 1 168 753 561 6144 1 184 58 0 0 0"
      ;;
esac
