#!/bin/bash
set -euo pipefail
SCRIPT_DIR=$(cd "$(dirname "${BASH_SOURCE[0]}")" && pwd)
test-tcas () {
    diff -q <(${ANGELIX_RUN:-eval} ./tcas $1) <($SCRIPT_DIR/../golden/tcas $1) > /dev/null
}

case "$1" in
    1)
      test-tcas  "808 1 484 610 796 3764 1 409 421 1 0 1"
      ;;
    2)
      test-tcas  "173 1 412 287 356 3080 3 912 491 0 1 0"
      ;;
    3)
      test-tcas  "929 1 328 423 97 8031 1 479 3 0 0 1"
      ;;
    4)
      test-tcas  "639 0 466 28 933 1737 0 138 783 1 0 1"
      ;;
    5)
      test-tcas  "450 0 527 904 338 3885 1 919 738 0 0 1"
      ;;
    6)
      test-tcas  "649 0 767 117 180 5616 2 717 378 0 0 0"
      ;;
    7)
      test-tcas  "516 0 654 993 41 1713 3 993 401 1 0 1"
      ;;
    8)
      test-tcas  "898 1 774 504 602 9319 2 945 71 0 0 0"
      ;;
    9)
      test-tcas  "318 1 932 853 9 3475 0 337 370 1 1 0"
      ;;
    10)
      test-tcas  "644 0 891 919 236 5529 3 722 872 0 0 1"
      ;;
    11)
      test-tcas  "189 0 897 57 207 905 2 279 998 0 1 1"
      ;;
    12)
      test-tcas  "731 1 65 577 964 7841 0 947 698 0 1 1"
      ;;
    13)
      test-tcas  "248 1 853 993 407 8520 2 984 755 1 1 0"
      ;;
    14)
      test-tcas  "206 1 190 877 38 8536 2 477 744 0 0 0"
      ;;
    15)
      test-tcas  "985 1 454 877 831 9805 3 699 254 0 0 1"
      ;;
    16)
      test-tcas  "517 1 246 140 718 5921 2 550 260 1 1 1"
      ;;
    17)
      test-tcas  "383 1 957 28 291 7514 1 638 537 1 0 1"
      ;;
    18)
      test-tcas  "542 0 366 651 109 8424 3 820 747 1 0 0"
      ;;
    19)
      test-tcas  "482 1 948 313 579 1450 3 276 240 1 1 1"
      ;;
    20)
      test-tcas  "951 1 253 543 592 5043 1 417 814 1 1 1"
      ;;
    21)
      test-tcas  "469 0 625 907 96 9642 0 81 513 1 0 1"
      ;;
    22)
      test-tcas  "630 1 634 286 467 4347 0 669 185 0 0 1"
      ;;
    23)
      test-tcas  "692 1 915 780 963 1314 2 953 804 1 0 1"
      ;;
    24)
      test-tcas  "185 0 694 828 662 6637 2 402 611 1 1 0"
      ;;
    25)
      test-tcas  "210 1 9 548 128 2538 3 924 894 1 1 0"
      ;;
    26)
      test-tcas  "754 1 661 643 659 6445 3 962 676 1 1 0"
      ;;
    27)
      test-tcas  "745 0 109 609 187 7979 3 856 792 1 1 0"
      ;;
    28)
      test-tcas  "636 0 978 232 976 4993 1 368 749 1 1 1"
      ;;
    29)
      test-tcas  "169 0 453 701 939 4618 0 201 364 0 0 0"
      ;;
    30)
      test-tcas  "469 1 755 846 851 4786 3 237 574 0 0 1"
      ;;
    31)
      test-tcas  "884 1 918 294 916 5870 2 84 821 0 1 0"
      ;;
    32)
      test-tcas  "975 1 426 455 984 975 3 401 249 1 1 0"
      ;;
    33)
      test-tcas  "726 0 777 461 368 6974 3 227 433 0 1 0"
      ;;
    34)
      test-tcas  "487 0 789 252 464 6627 3 352 579 0 1 0"
      ;;
    35)
      test-tcas  "257 1 393 140 476 5068 1 518 93 1 0 0"
      ;;
    36)
      test-tcas  "792 1 881 204 256 1577 2 924 66 0 1 1"
      ;;
    37)
      test-tcas  "577 0 931 924 766 9846 2 227 600 1 0 0"
      ;;
    38)
      test-tcas  "994 0 357 441 859 6989 2 865 15 1 1 0"
      ;;
    39)
      test-tcas  "8 0 389 803 979 3187 3 153 776 1 0 1"
      ;;
    40)
      test-tcas  "435 0 301 502 14 281 0 199 516 1 1 0"
      ;;
    41)
      test-tcas  "293 1 501 484 896 8663 0 242 810 0 0 0"
      ;;
    42)
      test-tcas  "886 1 679 719 581 7566 0 539 289 0 0 1"
      ;;
    43)
      test-tcas  "169 0 326 222 863 4324 0 438 418 1 0 0"
      ;;
    44)
      test-tcas  "526 1 836 267 956 3250 3 729 638 1 1 1"
      ;;
    45)
      test-tcas  "427 0 587 279 4 4650 2 796 718 0 0 0"
      ;;
    46)
      test-tcas  "440 1 739 650 645 8943 3 507 21 1 1 0"
      ;;
    47)
      test-tcas  "857 1 55 450 377 81 2 149 926 0 0 1"
      ;;
    48)
      test-tcas  "649 1 900 665 882 6328 0 49 969 0 1 1"
      ;;
    49)
      test-tcas  "666 1 544 279 569 5011 1 835 246 0 1 1"
      ;;
    50)
      test-tcas  "900 0 155 102 380 1135 2 576 355 1 0 1"
      ;;
    51)
      test-tcas  "268 1 338 880 471 7655 2 275 586 1 0 1"
      ;;
    52)
      test-tcas  "722 1 732 728 627 7871 3 415 261 0 1 1"
      ;;
    53)
      test-tcas  "545 1 78 520 230 7678 1 434 949 0 0 1"
      ;;
    54)
      test-tcas  "498 0 301 311 315 7453 3 169 941 0 0 0"
      ;;
    55)
      test-tcas  "972 0 451 357 630 9997 2 422 645 0 1 1"
      ;;
    56)
      test-tcas  "536 1 934 738 787 2393 1 891 613 1 1 1"
      ;;
    57)
      test-tcas  "202 0 215 984 388 5634 1 782 675 0 1 1"
      ;;
    58)
      test-tcas  "397 1 155 469 627 6684 0 426 97 0 1 0"
      ;;
    59)
      test-tcas  "8 1 386 696 122 3044 3 239 925 0 0 0"
      ;;
    60)
      test-tcas  "972 0 516 892 751 33 3 320 528 0 1 0"
      ;;
    61)
      test-tcas  "685 1 629 616 980 5799 3 923 28 1 1 0"
      ;;
    62)
      test-tcas  "56 1 391 328 631 8595 3 935 643 1 0 1"
      ;;
    63)
      test-tcas  "285 1 178 88 175 5024 2 366 13 0 0 0"
      ;;
    64)
      test-tcas  "403 0 909 726 527 6846 3 700 401 1 1 1"
      ;;
    65)
      test-tcas  "318 0 832 996 933 7500 3 777 136 0 1 0"
      ;;
    66)
      test-tcas  "531 0 211 327 824 7756 2 618 911 0 1 0"
      ;;
    67)
      test-tcas  "777 0 840 899 581 2821 0 396 477 0 0 0"
      ;;
    68)
      test-tcas  "753 1 481 813 881 904 0 453 934 0 1 0"
      ;;
    69)
      test-tcas  "609 1 731 148 794 5497 0 928 213 1 0 0"
      ;;
    70)
      test-tcas  "189 0 408 734 978 681 2 252 437 1 0 0"
      ;;
    71)
      test-tcas  "20 0 409 372 226 422 2 361 651 0 0 0"
      ;;
    72)
      test-tcas  "753 0 36 228 263 9232 0 79 968 0 1 0"
      ;;
    73)
      test-tcas  "209 0 46 999 35 2585 1 676 427 1 0 0"
      ;;
    74)
      test-tcas  "360 1 175 314 789 1293 3 147 820 1 1 1"
      ;;
    75)
      test-tcas  "419 0 614 710 43 4430 1 235 461 0 0 1"
      ;;
    76)
      test-tcas  "855 1 801 289 44 553 1 718 252 0 0 1"
      ;;
    77)
      test-tcas  "428 0 88 973 529 6770 0 870 564 1 0 0"
      ;;
    78)
      test-tcas  "402 1 149 6 568 9710 3 455 260 0 0 0"
      ;;
    79)
      test-tcas  "838 0 645 68 895 1642 3 958 803 1 0 1"
      ;;
    80)
      test-tcas  "335 1 401 56 548 8857 2 97 628 1 0 0"
      ;;
    81)
      test-tcas  "797 0 408 245 712 8009 3 997 999 1 1 0"
      ;;
    82)
      test-tcas  "708 1 191 134 493 9346 3 635 278 0 0 0"
      ;;
    83)
      test-tcas  "11 1 548 930 879 3706 0 477 979 1 1 1"
      ;;
    84)
      test-tcas  "62 1 323 114 386 2790 1 376 147 1 0 0"
      ;;
    85)
      test-tcas  "183 0 803 121 907 9525 2 51 461 1 1 0"
      ;;
    86)
      test-tcas  "121 0 412 622 903 7336 0 554 99 0 1 1"
      ;;
    87)
      test-tcas  "236 1 723 383 558 3844 2 311 673 1 0 1"
      ;;
    88)
      test-tcas  "449 0 370 111 595 5868 1 387 610 1 1 1"
      ;;
    89)
      test-tcas  "950 1 189 83 341 8690 0 668 104 1 1 1"
      ;;
    90)
      test-tcas  "287 1 925 742 147 3283 3 736 225 1 1 0"
      ;;
    91)
      test-tcas  "881 1 40 788 621 644 2 135 983 0 1 1"
      ;;
    92)
      test-tcas  "79 0 601 577 71 2499 3 765 36 1 1 1"
      ;;
    93)
      test-tcas  "681 0 833 956 319 2477 3 28 376 0 0 0"
      ;;
    94)
      test-tcas  "431 1 848 873 483 1320 1 258 672 1 1 0"
      ;;
    95)
      test-tcas  "191 1 72 340 466 3924 2 873 8 1 0 0"
      ;;
    96)
      test-tcas  "501 0 258 505 805 4840 0 484 552 1 0 1"
      ;;
    97)
      test-tcas  "937 1 452 742 91 2486 1 30 192 1 0 1"
      ;;
    98)
      test-tcas  "57 1 37 783 530 499 0 785 391 0 0 1"
      ;;
    99)
      test-tcas  "884 0 929 31 209 7668 2 828 478 0 1 0"
      ;;
    100)
      test-tcas  "712 1 186 208 424 5467 1 269 213 0 1 1"
      ;;
    101)
      test-tcas  "581 1 674 578 882 4540 0 234 900 1 0 0"
      ;;
    102)
      test-tcas  "73 0 59 929 768 8492 3 258 359 1 0 1"
      ;;
    103)
      test-tcas  "64 0 221 497 619 5030 1 321 937 0 1 0"
      ;;
    104)
      test-tcas  "804 1 238 938 530 861 2 422 244 1 1 1"
      ;;
    105)
      test-tcas  "140 0 364 358 602 7845 1 79 560 0 0 1"
      ;;
    106)
      test-tcas  "846 0 907 278 585 3623 2 713 850 0 1 0"
      ;;
    107)
      test-tcas  "921 1 622 269 480 408 0 345 985 0 1 1"
      ;;
    108)
      test-tcas  "295 1 166 782 336 725 1 531 210 0 0 0"
      ;;
    109)
      test-tcas  "728 0 310 481 737 8729 3 858 11 1 1 0"
      ;;
    110)
      test-tcas  "680 0 949 145 386 209 2 759 377 0 0 1"
      ;;
    111)
      test-tcas  "741 0 554 912 876 3590 3 751 53 1 1 0"
      ;;
    112)
      test-tcas  "633 1 507 321 108 8113 3 575 614 1 1 0"
      ;;
    113)
      test-tcas  "12 1 775 257 909 3948 2 974 248 0 1 0"
      ;;
    114)
      test-tcas  "216 1 615 556 243 2230 0 192 819 0 1 1"
      ;;
    115)
      test-tcas  "713 1 481 565 908 967 1 448 251 0 1 0"
      ;;
    116)
      test-tcas  "372 1 951 563 905 5379 3 927 415 0 0 1"
      ;;
    117)
      test-tcas  "737 1 408 454 611 8556 1 963 597 1 0 1"
      ;;
    118)
      test-tcas  "270 1 326 624 596 315 0 256 211 1 1 1"
      ;;
esac
