#!/bin/bash
set -euo pipefail
SCRIPT_DIR=$(cd "$(dirname "${BASH_SOURCE[0]}")" && pwd)
test-tcas () {
    diff -q <(${ANGELIX_RUN:-eval} ./tcas $1) <($SCRIPT_DIR/../golden/tcas $1) > /dev/null
}

case "$1" in
    1)
      test-tcas  "403 1 167 183 768 5450 2 397 192 0 1 0"
      ;;
    2)
      test-tcas  "955 1 781 28 941 2999 0 419 390 0 0 0"
      ;;
    3)
      test-tcas  "519 1 107 277 292 8708 0 881 415 0 0 1"
      ;;
    4)
      test-tcas  "433 0 94 954 684 5117 1 516 735 1 1 0"
      ;;
    5)
      test-tcas  "828 1 99 107 844 9011 0 455 238 1 0 0"
      ;;
    6)
      test-tcas  "416 1 860 147 83 4793 2 879 134 1 1 1"
      ;;
    7)
      test-tcas  "774 1 314 59 708 9594 3 56 365 0 0 0"
      ;;
    8)
      test-tcas  "353 0 714 415 553 1443 3 128 512 0 0 0"
      ;;
    9)
      test-tcas  "118 0 123 226 809 770 3 943 967 1 0 0"
      ;;
    10)
      test-tcas  "513 0 518 156 128 2811 0 439 988 0 0 0"
      ;;
    11)
      test-tcas  "354 0 508 425 906 4349 1 711 193 0 1 1"
      ;;
    12)
      test-tcas  "212 1 67 896 661 2379 2 822 102 1 1 1"
      ;;
    13)
      test-tcas  "900 1 610 316 515 5009 0 708 448 1 1 1"
      ;;
    14)
      test-tcas  "899 0 318 572 993 5976 1 125 240 1 0 1"
      ;;
    15)
      test-tcas  "751 0 764 955 630 3725 0 598 842 1 0 0"
      ;;
    16)
      test-tcas  "857 0 628 3 286 3943 0 616 784 0 0 0"
      ;;
    17)
      test-tcas  "511 1 630 353 513 895 0 974 496 1 1 0"
      ;;
    18)
      test-tcas  "597 1 743 239 918 7731 1 195 791 0 1 1"
      ;;
    19)
      test-tcas  "956 0 270 867 115 9247 1 254 599 0 0 0"
      ;;
    20)
      test-tcas  "205 1 491 762 620 2292 3 579 237 1 0 0"
      ;;
    21)
      test-tcas  "566 1 282 495 906 9187 2 288 415 0 0 1"
      ;;
    22)
      test-tcas  "221 1 442 709 763 8141 2 13 120 0 1 0"
      ;;
    23)
      test-tcas  "683 1 341 399 166 1658 0 391 621 1 0 0"
      ;;
    24)
      test-tcas  "804 0 992 585 974 9439 0 352 972 1 0 0"
      ;;
    25)
      test-tcas  "211 0 765 233 24 6171 1 741 683 0 1 1"
      ;;
    26)
      test-tcas  "265 1 608 165 489 6982 1 578 558 0 1 1"
      ;;
    27)
      test-tcas  "35 0 938 96 799 4091 1 337 151 0 1 0"
      ;;
    28)
      test-tcas  "222 1 218 518 920 7452 2 70 828 1 0 1"
      ;;
    29)
      test-tcas  "570 1 718 193 413 9820 0 986 75 0 0 0"
      ;;
    30)
      test-tcas  "957 0 978 375 342 2801 1 219 386 0 0 0"
      ;;
    31)
      test-tcas  "108 1 183 511 953 4972 2 994 927 0 0 0"
      ;;
    32)
      test-tcas  "741 0 882 274 881 6132 3 196 44 1 0 0"
      ;;
    33)
      test-tcas  "886 1 299 106 639 3181 1 531 730 1 0 0"
      ;;
    34)
      test-tcas  "180 0 969 185 216 2953 3 950 244 1 0 0"
      ;;
    35)
      test-tcas  "39 1 394 808 768 5639 0 850 282 0 0 1"
      ;;
    36)
      test-tcas  "880 1 84 563 655 9157 3 771 386 1 0 0"
      ;;
    37)
      test-tcas  "851 1 526 428 413 9989 0 825 662 0 1 1"
      ;;
    38)
      test-tcas  "960 0 441 40 719 9613 0 977 362 1 0 0"
      ;;
    39)
      test-tcas  "992 1 104 786 924 7698 3 506 434 0 0 1"
      ;;
    40)
      test-tcas  "225 0 455 187 385 3714 0 564 844 1 1 1"
      ;;
    41)
      test-tcas  "626 1 371 135 527 7508 0 622 205 0 0 0"
      ;;
    42)
      test-tcas  "19 1 587 52 422 6771 2 877 101 0 0 0"
      ;;
    43)
      test-tcas  "591 0 599 808 554 5103 2 259 470 0 0 0"
      ;;
    44)
      test-tcas  "78 1 170 437 470 8602 2 643 404 0 0 0"
      ;;
    45)
      test-tcas  "52 0 107 161 111 1595 3 136 904 1 0 1"
      ;;
    46)
      test-tcas  "896 1 454 88 803 3197 1 928 313 0 0 1"
      ;;
    47)
      test-tcas  "291 1 454 135 216 5956 3 201 518 0 0 0"
      ;;
    48)
      test-tcas  "426 1 348 269 917 5813 3 848 372 1 1 0"
      ;;
    49)
      test-tcas  "563 0 412 11 703 8998 1 476 351 1 1 0"
      ;;
    50)
      test-tcas  "133 0 590 406 385 6382 1 105 22 0 1 0"
      ;;
    51)
      test-tcas  "185 0 575 183 438 9043 0 367 614 0 0 0"
      ;;
    52)
      test-tcas  "718 1 325 762 631 586 1 676 773 1 1 0"
      ;;
    53)
      test-tcas  "269 1 717 25 637 1872 1 873 455 1 0 0"
      ;;
    54)
      test-tcas  "28 1 324 323 554 2465 2 229 912 0 1 0"
      ;;
    55)
      test-tcas  "767 1 238 175 326 92 2 412 759 0 1 0"
      ;;
    56)
      test-tcas  "970 0 314 369 153 4945 2 81 318 0 1 0"
      ;;
    57)
      test-tcas  "756 0 322 807 248 9527 0 187 659 0 0 1"
      ;;
    58)
      test-tcas  "455 0 171 410 588 7123 1 788 141 0 1 1"
      ;;
    59)
      test-tcas  "119 0 645 717 739 2754 3 323 666 1 1 0"
      ;;
    60)
      test-tcas  "675 1 933 444 334 9707 3 677 431 0 0 1"
      ;;
    61)
      test-tcas  "54 1 755 309 392 2400 2 196 594 0 0 1"
      ;;
    62)
      test-tcas  "250 0 873 736 355 2449 3 904 965 0 1 0"
      ;;
    63)
      test-tcas  "55 0 470 774 528 9319 0 670 698 1 1 1"
      ;;
    64)
      test-tcas  "38 1 121 563 453 9968 2 856 850 1 1 0"
      ;;
    65)
      test-tcas  "315 0 892 82 783 3259 3 182 680 0 1 1"
      ;;
    66)
      test-tcas  "661 0 554 634 223 4800 0 973 679 0 1 1"
      ;;
    67)
      test-tcas  "691 1 919 561 346 6151 2 885 503 1 1 0"
      ;;
    68)
      test-tcas  "21 1 931 121 276 9068 2 315 283 1 0 0"
      ;;
    69)
      test-tcas  "669 1 324 182 646 622 0 287 161 0 0 1"
      ;;
    70)
      test-tcas  "370 0 522 511 645 8624 3 452 379 0 0 0"
      ;;
    71)
      test-tcas  "975 1 790 843 523 8854 2 87 833 0 0 0"
      ;;
    72)
      test-tcas  "710 1 694 724 553 6031 3 492 645 0 1 0"
      ;;
    73)
      test-tcas  "780 1 483 239 188 9415 2 167 89 1 0 0"
      ;;
    74)
      test-tcas  "576 1 189 191 945 1264 0 323 35 0 1 0"
      ;;
    75)
      test-tcas  "638 1 34 145 503 2163 1 929 59 1 1 0"
      ;;
    76)
      test-tcas  "494 0 78 858 465 1479 0 412 351 1 1 0"
      ;;
    77)
      test-tcas  "589 0 22 180 383 3852 3 425 745 1 0 0"
      ;;
    78)
      test-tcas  "648 1 621 290 793 3736 1 699 386 1 1 0"
      ;;
    79)
      test-tcas  "102 1 327 374 355 9559 1 993 878 1 1 0"
      ;;
    80)
      test-tcas  "563 0 508 348 503 7027 2 448 176 0 1 0"
      ;;
    81)
      test-tcas  "750 0 946 123 575 7535 3 328 3 1 1 1"
      ;;
    82)
      test-tcas  "838 0 219 127 872 2487 0 103 143 1 1 1"
      ;;
    83)
      test-tcas  "823 0 138 347 842 7617 1 210 704 0 0 1"
      ;;
    84)
      test-tcas  "222 0 477 99 293 3152 2 485 188 0 0 1"
      ;;
    85)
      test-tcas  "256 1 997 925 399 5795 1 313 132 0 0 0"
      ;;
    86)
      test-tcas  "575 1 29 677 231 7127 2 902 17 1 0 0"
      ;;
    87)
      test-tcas  "576 1 808 736 567 75 1 821 262 1 1 1"
      ;;
    88)
      test-tcas  "518 0 231 626 862 540 3 997 242 1 1 1"
      ;;
    89)
      test-tcas  "759 0 798 884 511 5241 1 776 545 0 1 0"
      ;;
    90)
      test-tcas  "803 1 178 49 840 9139 1 403 59 0 1 1"
      ;;
    91)
      test-tcas  "182 0 128 914 670 6631 3 373 866 1 0 1"
      ;;
    92)
      test-tcas  "693 0 337 865 843 9908 1 538 538 0 0 1"
      ;;
    93)
      test-tcas  "79 0 243 115 648 5555 3 647 987 1 0 1"
      ;;
    94)
      test-tcas  "911 1 944 6 825 6563 0 107 817 0 0 1"
      ;;
    95)
      test-tcas  "174 0 923 218 611 1467 2 245 887 0 1 0"
      ;;
    96)
      test-tcas  "938 0 620 769 131 5302 1 137 754 0 1 1"
      ;;
    97)
      test-tcas  "405 1 649 73 487 8499 2 247 661 0 0 0"
      ;;
    98)
      test-tcas  "706 0 949 18 905 9663 2 623 812 0 1 0"
      ;;
    99)
      test-tcas  "909 0 140 122 499 6499 2 216 916 0 1 0"
      ;;
    100)
      test-tcas  "979 0 995 198 461 5875 0 106 240 0 1 1"
      ;;
    101)
      test-tcas  "689 0 155 747 838 9155 0 939 802 1 1 0"
      ;;
    102)
      test-tcas  "968 0 988 350 511 2559 3 749 825 1 0 0"
      ;;
    103)
      test-tcas  "619 1 937 816 507 4356 1 562 122 0 1 1"
      ;;
    104)
      test-tcas  "970 1 662 580 451 1139 2 759 773 0 1 1"
      ;;
    105)
      test-tcas  "727 0 877 2 640 4388 2 51 184 0 0 1"
      ;;
    106)
      test-tcas  "68 1 975 683 99 5851 0 200 503 1 0 0"
      ;;
    107)
      test-tcas  "900 0 282 698 834 6082 3 195 292 0 0 1"
      ;;
    108)
      test-tcas  "204 1 187 866 566 4693 2 541 393 0 1 1"
      ;;
    109)
      test-tcas  "440 0 323 598 281 3543 3 595 79 0 1 1"
      ;;
    110)
      test-tcas  "145 0 534 776 164 5204 1 510 787 1 1 0"
      ;;
    111)
      test-tcas  "149 1 549 278 753 8565 0 330 67 1 1 1"
      ;;
    112)
      test-tcas  "146 1 967 274 539 1427 3 66 788 1 1 0"
      ;;
    113)
      test-tcas  "835 0 549 347 729 6358 3 266 147 0 1 0"
      ;;
    114)
      test-tcas  "360 1 706 661 428 922 3 585 646 1 0 0"
      ;;
    115)
      test-tcas  "438 0 625 986 205 6696 2 191 876 0 0 0"
      ;;
    116)
      test-tcas  "271 1 563 305 721 3208 2 563 762 0 0 0"
      ;;
    117)
      test-tcas  "167 1 585 955 984 3112 1 231 776 1 0 1"
      ;;
    118)
      test-tcas  "709 1 290 865 735 3489 2 421 635 1 0 0"
      ;;
esac
