#!/bin/bash
set -euo pipefail
SCRIPT_DIR=$(cd "$(dirname "${BASH_SOURCE[0]}")" && pwd)
test-tcas () {
    diff -q <(${ANGELIX_RUN:-eval} ./tcas $1) <($SCRIPT_DIR/../golden/tcas $1) > /dev/null
}

case "$1" in
    1)
      test-tcas  "907 1 221 800 340 5763 2 355 533 0 1 0"
      ;;
    2)
      test-tcas  "532 0 402 961 680 3267 2 370 603 1 0 0"
      ;;
    3)
      test-tcas  "996 0 304 566 613 1304 0 179 141 1 1 0"
      ;;
    4)
      test-tcas  "470 1 902 200 178 7067 1 151 936 0 1 0"
      ;;
    5)
      test-tcas  "936 0 300 891 366 4064 1 635 426 0 0 1"
      ;;
    6)
      test-tcas  "374 1 72 624 613 8973 0 229 867 1 0 0"
      ;;
    7)
      test-tcas  "130 1 46 113 128 3271 0 529 729 1 0 0"
      ;;
    8)
      test-tcas  "905 1 360 122 545 7549 2 319 689 1 0 1"
      ;;
    9)
      test-tcas  "500 1 887 845 622 3950 3 634 389 0 1 0"
      ;;
    10)
      test-tcas  "725 0 602 970 486 3102 3 546 396 1 0 1"
      ;;
    11)
      test-tcas  "731 1 919 942 360 6316 3 665 804 0 0 0"
      ;;
    12)
      test-tcas  "515 1 668 727 667 1626 3 457 372 0 0 0"
      ;;
    13)
      test-tcas  "383 1 55 975 19 3519 0 305 275 1 1 0"
      ;;
    14)
      test-tcas  "806 1 742 948 754 902 1 56 201 1 0 1"
      ;;
    15)
      test-tcas  "361 1 87 863 486 5969 3 282 870 0 1 0"
      ;;
    16)
      test-tcas  "265 0 522 454 484 8237 2 997 945 1 0 1"
      ;;
    17)
      test-tcas  "468 0 166 533 650 2991 2 770 771 0 1 1"
      ;;
    18)
      test-tcas  "262 0 890 170 458 1851 0 320 507 1 1 0"
      ;;
    19)
      test-tcas  "17 1 353 762 311 5058 0 624 858 0 0 1"
      ;;
    20)
      test-tcas  "838 1 836 811 569 382 1 368 920 0 1 0"
      ;;
    21)
      test-tcas  "751 1 183 567 805 2331 3 203 490 0 1 1"
      ;;
    22)
      test-tcas  "437 0 688 899 788 7527 0 775 681 1 0 1"
      ;;
    23)
      test-tcas  "519 0 381 810 210 7760 3 800 723 1 1 0"
      ;;
    24)
      test-tcas  "978 1 933 907 309 1290 1 654 477 0 0 0"
      ;;
    25)
      test-tcas  "480 1 174 865 225 5484 2 940 449 1 1 0"
      ;;
    26)
      test-tcas  "162 1 179 505 259 9836 1 381 911 0 0 1"
      ;;
    27)
      test-tcas  "776 0 851 525 85 7765 0 58 174 0 0 1"
      ;;
    28)
      test-tcas  "86 1 48 207 468 8452 3 604 84 0 1 1"
      ;;
    29)
      test-tcas  "929 0 499 503 122 6212 2 310 426 1 1 1"
      ;;
    30)
      test-tcas  "538 0 37 896 30 4589 2 369 137 1 1 0"
      ;;
    31)
      test-tcas  "437 1 67 181 815 5527 0 546 26 1 1 0"
      ;;
    32)
      test-tcas  "574 1 653 14 625 497 0 494 114 0 1 1"
      ;;
    33)
      test-tcas  "292 1 201 492 447 521 2 688 687 1 0 1"
      ;;
    34)
      test-tcas  "229 0 354 420 844 5431 1 585 740 0 1 0"
      ;;
    35)
      test-tcas  "413 1 494 62 717 9632 1 38 689 1 1 0"
      ;;
    36)
      test-tcas  "470 0 91 171 991 1923 1 326 979 1 1 0"
      ;;
    37)
      test-tcas  "212 0 81 15 912 705 2 271 601 0 1 1"
      ;;
    38)
      test-tcas  "752 1 501 746 97 3121 1 928 481 0 0 1"
      ;;
    39)
      test-tcas  "785 1 747 63 506 7257 1 131 280 1 0 0"
      ;;
    40)
      test-tcas  "773 1 32 481 114 674 2 883 256 1 0 0"
      ;;
    41)
      test-tcas  "443 1 963 773 269 5982 3 78 632 0 1 0"
      ;;
    42)
      test-tcas  "283 0 554 205 542 5166 0 393 201 0 1 1"
      ;;
    43)
      test-tcas  "587 1 515 148 266 8734 1 421 865 1 1 1"
      ;;
    44)
      test-tcas  "71 1 243 362 948 3581 1 132 321 1 1 1"
      ;;
    45)
      test-tcas  "129 0 655 916 338 4730 3 670 207 1 0 0"
      ;;
    46)
      test-tcas  "453 0 782 117 115 804 3 205 761 0 1 0"
      ;;
    47)
      test-tcas  "967 1 927 143 917 1215 3 147 333 0 0 1"
      ;;
    48)
      test-tcas  "903 1 174 211 812 4639 1 465 990 0 1 0"
      ;;
    49)
      test-tcas  "222 0 100 84 294 3333 0 95 965 0 0 0"
      ;;
    50)
      test-tcas  "655 1 708 580 392 6339 1 552 755 0 0 0"
      ;;
    51)
      test-tcas  "231 1 864 383 686 6442 2 810 393 0 0 1"
      ;;
    52)
      test-tcas  "386 1 866 996 725 1147 0 303 659 1 0 0"
      ;;
    53)
      test-tcas  "525 0 218 33 705 6623 3 555 884 0 0 1"
      ;;
    54)
      test-tcas  "356 1 231 241 177 5828 2 422 459 0 0 0"
      ;;
    55)
      test-tcas  "262 1 706 708 94 7613 0 263 209 0 0 0"
      ;;
    56)
      test-tcas  "582 0 664 578 620 2696 0 533 451 1 1 1"
      ;;
    57)
      test-tcas  "864 1 936 372 825 4920 0 296 787 0 1 0"
      ;;
    58)
      test-tcas  "914 1 318 533 716 2120 2 26 542 0 0 1"
      ;;
    59)
      test-tcas  "819 0 25 302 929 350 0 773 151 1 1 0"
      ;;
    60)
      test-tcas  "131 1 259 243 933 8007 2 301 865 0 0 1"
      ;;
    61)
      test-tcas  "892 1 917 888 640 2685 3 218 732 0 1 1"
      ;;
    62)
      test-tcas  "387 1 759 887 44 3247 0 331 38 0 0 1"
      ;;
    63)
      test-tcas  "217 0 718 885 738 2776 0 558 190 0 1 0"
      ;;
    64)
      test-tcas  "634 1 537 963 77 4622 1 650 433 1 0 0"
      ;;
    65)
      test-tcas  "13 0 476 969 168 3762 2 712 769 1 1 1"
      ;;
    66)
      test-tcas  "864 1 494 414 954 9162 2 180 53 1 0 0"
      ;;
    67)
      test-tcas  "883 0 80 750 313 9686 3 299 408 0 0 0"
      ;;
    68)
      test-tcas  "287 1 749 881 293 6447 0 507 873 1 0 0"
      ;;
    69)
      test-tcas  "950 0 181 632 512 8229 2 218 588 0 0 0"
      ;;
    70)
      test-tcas  "786 1 997 568 106 3837 1 519 748 1 1 1"
      ;;
    71)
      test-tcas  "293 1 321 143 687 5820 2 115 146 0 0 0"
      ;;
    72)
      test-tcas  "273 1 499 517 377 4144 2 517 254 0 1 0"
      ;;
    73)
      test-tcas  "425 1 662 640 174 5849 0 0 539 1 1 0"
      ;;
    74)
      test-tcas  "777 0 238 269 748 7705 3 213 56 0 0 0"
      ;;
    75)
      test-tcas  "785 0 23 503 132 3241 2 521 279 0 0 0"
      ;;
    76)
      test-tcas  "403 1 41 197 789 3381 2 223 662 1 0 1"
      ;;
    77)
      test-tcas  "480 1 93 226 110 1121 0 657 536 1 1 0"
      ;;
    78)
      test-tcas  "477 1 701 10 586 5454 0 967 670 0 0 0"
      ;;
    79)
      test-tcas  "756 0 38 33 658 7814 0 854 118 1 0 0"
      ;;
    80)
      test-tcas  "520 0 402 200 638 5923 1 96 867 0 1 1"
      ;;
    81)
      test-tcas  "924 0 877 901 50 4934 1 842 332 0 1 1"
      ;;
    82)
      test-tcas  "881 0 977 430 267 4183 3 840 772 0 1 0"
      ;;
    83)
      test-tcas  "732 0 328 135 520 9783 3 673 438 1 0 1"
      ;;
    84)
      test-tcas  "145 0 813 138 53 8588 3 912 498 0 1 1"
      ;;
    85)
      test-tcas  "403 0 20 876 567 7824 1 712 682 0 1 0"
      ;;
    86)
      test-tcas  "676 1 416 863 998 6891 0 858 21 1 1 1"
      ;;
    87)
      test-tcas  "822 1 248 182 229 3454 1 627 145 0 1 0"
      ;;
    88)
      test-tcas  "885 0 962 49 421 5039 3 978 221 1 1 0"
      ;;
    89)
      test-tcas  "609 1 694 568 400 9830 3 599 879 1 0 0"
      ;;
    90)
      test-tcas  "94 0 350 355 793 6336 3 225 298 1 0 0"
      ;;
    91)
      test-tcas  "48 0 766 140 562 978 3 306 63 1 0 1"
      ;;
    92)
      test-tcas  "94 1 563 715 15 5443 0 699 418 1 0 0"
      ;;
    93)
      test-tcas  "110 0 493 713 532 1949 1 404 169 0 1 0"
      ;;
    94)
      test-tcas  "754 1 381 664 849 4234 2 632 698 0 0 0"
      ;;
    95)
      test-tcas  "52 1 128 543 81 5233 3 552 351 1 1 0"
      ;;
    96)
      test-tcas  "285 1 735 707 497 8970 3 3 875 1 1 0"
      ;;
    97)
      test-tcas  "311 1 882 571 526 4203 1 211 552 0 0 1"
      ;;
    98)
      test-tcas  "18 1 238 717 550 813 1 163 283 0 1 0"
      ;;
    99)
      test-tcas  "689 0 464 304 656 6812 0 753 53 0 0 1"
      ;;
    100)
      test-tcas  "798 1 707 648 794 4149 2 108 969 1 1 0"
      ;;
    101)
      test-tcas  "46 0 333 729 601 5294 2 628 449 1 1 1"
      ;;
    102)
      test-tcas  "349 1 693 55 598 9722 2 297 82 0 1 0"
      ;;
    103)
      test-tcas  "991 0 837 887 485 108 1 605 272 0 1 0"
      ;;
    104)
      test-tcas  "222 0 333 200 866 2075 2 133 862 1 1 1"
      ;;
    105)
      test-tcas  "296 0 658 6 982 8870 3 348 759 0 1 0"
      ;;
    106)
      test-tcas  "171 0 52 740 783 3283 0 512 853 1 0 0"
      ;;
    107)
      test-tcas  "15 0 227 319 127 3507 0 843 477 0 0 1"
      ;;
    108)
      test-tcas  "71 0 924 274 840 7468 0 65 195 1 0 1"
      ;;
    109)
      test-tcas  "538 1 28 954 985 1391 0 430 794 1 0 0"
      ;;
    110)
      test-tcas  "732 0 710 243 863 3103 0 984 88 1 0 0"
      ;;
    111)
      test-tcas  "66 1 964 549 34 8674 0 456 436 0 1 1"
      ;;
    112)
      test-tcas  "210 1 900 963 28 2579 1 568 795 0 1 1"
      ;;
    113)
      test-tcas  "223 0 190 450 370 6591 2 812 586 1 0 0"
      ;;
    114)
      test-tcas  "476 0 267 793 94 1036 3 880 784 0 0 1"
      ;;
    115)
      test-tcas  "805 1 99 659 87 3947 3 862 282 1 0 0"
      ;;
    116)
      test-tcas  "543 0 753 696 329 8955 1 140 873 1 0 1"
      ;;
    117)
      test-tcas  "880 1 365 896 439 1551 1 533 76 1 1 1"
      ;;
    118)
      test-tcas  "414 1 717 714 873 5492 1 756 461 1 0 0"
      ;;
esac
