#!/bin/bash
set -euo pipefail
SCRIPT_DIR=$(cd "$(dirname "${BASH_SOURCE[0]}")" && pwd)
test-tcas () {
    diff -q <(${ANGELIX_RUN:-eval} ./tcas $1) <($SCRIPT_DIR/../golden/tcas $1) > /dev/null
}

case "$1" in
    1)
      test-tcas  "964 0 278 830 715 7534 3 356 411 0 0 0"
      ;;
    2)
      test-tcas  "17 0 843 461 801 8271 3 620 159 1 1 1"
      ;;
    3)
      test-tcas  "639 1 120 69 317 6335 2 720 81 1 1 1"
      ;;
    4)
      test-tcas  "618 1 772 325 908 1500 3 714 777 0 0 0"
      ;;
    5)
      test-tcas  "670 0 485 831 111 5873 3 173 468 0 1 0"
      ;;
    6)
      test-tcas  "531 1 362 896 113 7549 1 393 350 1 1 0"
      ;;
    7)
      test-tcas  "613 1 281 950 12 4847 2 916 230 0 0 1"
      ;;
    8)
      test-tcas  "90 1 539 326 564 9344 2 355 144 0 0 0"
      ;;
    9)
      test-tcas  "400 0 440 469 293 707 0 403 284 1 1 1"
      ;;
    10)
      test-tcas  "601 0 684 576 45 2000 2 336 608 0 0 0"
      ;;
    11)
      test-tcas  "749 1 493 195 633 837 0 414 795 1 1 0"
      ;;
    12)
      test-tcas  "664 0 253 407 140 9306 3 195 958 0 0 1"
      ;;
    13)
      test-tcas  "854 1 237 950 685 4133 1 52 499 1 0 1"
      ;;
    14)
      test-tcas  "219 0 516 957 48 8012 1 2 920 1 0 1"
      ;;
    15)
      test-tcas  "307 0 609 836 509 3421 1 387 76 1 0 0"
      ;;
    16)
      test-tcas  "385 0 678 371 516 1602 0 982 465 0 1 0"
      ;;
    17)
      test-tcas  "440 0 185 160 428 1628 3 717 515 0 0 0"
      ;;
    18)
      test-tcas  "422 1 899 218 576 7726 2 409 608 0 0 1"
      ;;
    19)
      test-tcas  "545 1 908 841 135 7147 3 701 669 0 0 0"
      ;;
    20)
      test-tcas  "383 0 964 674 45 5978 2 833 578 0 0 1"
      ;;
    21)
      test-tcas  "667 0 953 428 130 6318 1 816 451 1 1 1"
      ;;
    22)
      test-tcas  "290 0 621 705 979 5191 3 217 965 0 1 0"
      ;;
    23)
      test-tcas  "924 1 857 71 806 3468 3 895 372 0 0 1"
      ;;
    24)
      test-tcas  "893 1 852 733 534 1941 0 856 643 1 1 1"
      ;;
    25)
      test-tcas  "551 1 308 53 762 1413 1 703 372 1 1 1"
      ;;
    26)
      test-tcas  "357 0 584 501 935 4427 2 178 545 0 1 0"
      ;;
    27)
      test-tcas  "108 0 213 745 164 7887 1 799 128 0 1 0"
      ;;
    28)
      test-tcas  "429 0 598 135 497 8412 1 782 631 0 1 0"
      ;;
    29)
      test-tcas  "573 1 959 80 228 5798 1 156 314 1 1 1"
      ;;
    30)
      test-tcas  "929 1 659 624 906 4411 2 326 607 1 1 0"
      ;;
    31)
      test-tcas  "243 0 972 906 156 7757 2 273 493 1 1 1"
      ;;
    32)
      test-tcas  "623 0 118 203 198 7789 3 101 224 0 0 1"
      ;;
    33)
      test-tcas  "665 1 993 829 86 7801 1 751 587 0 1 0"
      ;;
    34)
      test-tcas  "814 0 503 359 143 5971 2 428 234 1 0 1"
      ;;
    35)
      test-tcas  "26 1 672 389 898 5750 2 582 151 1 1 1"
      ;;
    36)
      test-tcas  "222 1 860 460 982 9421 0 197 322 0 1 1"
      ;;
    37)
      test-tcas  "727 1 409 685 932 2114 3 607 864 0 1 1"
      ;;
    38)
      test-tcas  "965 1 855 214 715 5592 2 185 599 1 1 1"
      ;;
    39)
      test-tcas  "55 0 534 798 955 3989 2 895 961 1 1 0"
      ;;
    40)
      test-tcas  "746 1 898 460 389 7504 1 991 457 0 0 0"
      ;;
    41)
      test-tcas  "191 0 252 628 946 4878 1 13 556 1 0 1"
      ;;
    42)
      test-tcas  "526 0 802 5 82 1147 2 691 897 0 0 0"
      ;;
    43)
      test-tcas  "968 0 960 981 525 3842 3 414 32 0 1 0"
      ;;
    44)
      test-tcas  "305 1 743 500 548 8384 2 589 613 1 1 0"
      ;;
    45)
      test-tcas  "107 1 843 34 96 1944 0 438 976 1 0 1"
      ;;
    46)
      test-tcas  "793 1 518 575 695 4526 0 641 438 1 0 0"
      ;;
    47)
      test-tcas  "861 0 873 515 36 6385 3 635 340 1 0 1"
      ;;
    48)
      test-tcas  "78 1 385 718 369 2276 0 431 961 0 0 0"
      ;;
    49)
      test-tcas  "274 1 606 217 499 5284 2 414 782 1 0 0"
      ;;
    50)
      test-tcas  "588 1 974 635 136 6195 0 796 394 0 0 1"
      ;;
    51)
      test-tcas  "503 0 407 692 656 8522 0 230 384 1 0 0"
      ;;
    52)
      test-tcas  "949 0 51 57 3 4401 2 445 6 0 1 1"
      ;;
    53)
      test-tcas  "903 1 995 232 452 2575 1 799 207 0 0 0"
      ;;
    54)
      test-tcas  "535 0 126 238 293 6657 0 203 715 0 1 1"
      ;;
    55)
      test-tcas  "821 0 443 505 206 9777 0 69 365 1 1 1"
      ;;
    56)
      test-tcas  "807 0 190 619 104 532 2 703 639 1 0 0"
      ;;
    57)
      test-tcas  "308 0 16 425 613 4940 0 925 578 0 0 0"
      ;;
    58)
      test-tcas  "754 1 69 384 70 9833 2 665 699 0 0 0"
      ;;
    59)
      test-tcas  "181 0 494 146 992 4745 3 863 409 0 1 1"
      ;;
    60)
      test-tcas  "6 1 178 896 362 1954 3 86 597 1 1 1"
      ;;
    61)
      test-tcas  "150 1 849 247 845 7862 3 113 614 1 1 1"
      ;;
    62)
      test-tcas  "460 1 669 246 129 3358 3 971 723 1 0 1"
      ;;
    63)
      test-tcas  "952 1 437 502 41 6204 2 936 327 1 1 0"
      ;;
    64)
      test-tcas  "477 0 247 375 833 4842 0 447 845 1 0 0"
      ;;
    65)
      test-tcas  "694 0 66 809 224 256 3 81 14 0 1 1"
      ;;
    66)
      test-tcas  "976 1 162 534 173 786 2 371 635 1 1 1"
      ;;
    67)
      test-tcas  "851 0 596 156 245 3903 2 631 401 0 1 0"
      ;;
    68)
      test-tcas  "14 1 135 25 546 9051 3 782 356 0 0 1"
      ;;
esac
