#!/bin/bash
set -euo pipefail
SCRIPT_DIR=$(cd "$(dirname "${BASH_SOURCE[0]}")" && pwd)
test-tcas () {
    diff -q <(${ANGELIX_RUN:-eval} ./tcas $1) <($SCRIPT_DIR/../golden/tcas $1) > /dev/null
}

case "$1" in
    1)
      test-tcas  "863 1 784 436 969 7479 3 201 976 0 1 1"
      ;;
    2)
      test-tcas  "665 1 90 156 861 7604 3 611 749 1 1 0"
      ;;
    3)
      test-tcas  "152 0 739 194 219 6813 3 277 620 0 1 1"
      ;;
    4)
      test-tcas  "393 0 312 446 48 8101 1 500 398 0 0 0"
      ;;
    5)
      test-tcas  "852 0 226 206 590 8873 2 525 120 0 1 1"
      ;;
    6)
      test-tcas  "196 0 691 144 995 6979 2 898 727 1 1 0"
      ;;
    7)
      test-tcas  "576 0 273 702 977 6735 3 158 764 0 1 1"
      ;;
    8)
      test-tcas  "638 1 714 786 738 6984 2 691 856 0 1 0"
      ;;
    9)
      test-tcas  "962 1 650 665 254 2939 1 762 932 0 1 0"
      ;;
    10)
      test-tcas  "238 0 588 429 62 2870 2 360 641 1 1 0"
      ;;
    11)
      test-tcas  "394 1 968 368 986 9736 1 601 65 0 1 1"
      ;;
    12)
      test-tcas  "942 0 271 980 692 6595 2 21 751 0 0 1"
      ;;
    13)
      test-tcas  "118 0 24 277 703 3028 2 120 176 1 1 1"
      ;;
    14)
      test-tcas  "931 0 165 350 412 7892 3 43 101 0 1 1"
      ;;
    15)
      test-tcas  "938 1 520 34 785 1533 3 248 839 0 0 1"
      ;;
    16)
      test-tcas  "565 0 206 758 803 8023 1 489 187 1 1 1"
      ;;
    17)
      test-tcas  "926 1 522 480 287 5183 1 328 826 1 0 0"
      ;;
    18)
      test-tcas  "524 1 348 781 536 6960 3 812 135 0 0 1"
      ;;
    19)
      test-tcas  "817 0 289 946 243 9292 0 770 838 1 0 0"
      ;;
    20)
      test-tcas  "452 1 696 990 388 6791 3 547 534 0 1 0"
      ;;
    21)
      test-tcas  "49 0 329 254 260 3507 2 763 10 0 1 1"
      ;;
    22)
      test-tcas  "670 1 778 263 439 6604 2 947 348 0 0 0"
      ;;
    23)
      test-tcas  "598 0 820 172 478 7080 1 648 116 1 0 0"
      ;;
    24)
      test-tcas  "761 1 695 108 112 6641 0 793 465 1 0 1"
      ;;
    25)
      test-tcas  "72 0 750 265 182 4464 2 772 677 1 1 1"
      ;;
    26)
      test-tcas  "81 0 168 596 998 1979 1 821 708 0 0 0"
      ;;
    27)
      test-tcas  "726 0 412 360 636 7776 1 927 380 0 1 1"
      ;;
    28)
      test-tcas  "519 0 692 738 656 8522 0 508 347 1 1 0"
      ;;
    29)
      test-tcas  "348 1 117 105 948 5134 1 713 512 1 1 0"
      ;;
    30)
      test-tcas  "48 0 336 392 807 6574 0 157 435 0 0 1"
      ;;
    31)
      test-tcas  "182 1 243 318 26 6412 2 410 334 0 0 0"
      ;;
    32)
      test-tcas  "886 0 893 47 620 9767 1 513 513 0 1 1"
      ;;
    33)
      test-tcas  "342 1 3 101 919 407 3 197 581 1 0 1"
      ;;
    34)
      test-tcas  "324 1 411 76 14 9614 3 369 510 0 1 0"
      ;;
    35)
      test-tcas  "379 1 540 935 129 9975 3 820 514 1 1 0"
      ;;
    36)
      test-tcas  "528 0 327 283 165 8469 1 870 879 1 1 1"
      ;;
    37)
      test-tcas  "955 1 228 212 671 4129 3 33 224 0 0 0"
      ;;
    38)
      test-tcas  "871 1 715 855 645 6156 2 490 290 0 1 0"
      ;;
    39)
      test-tcas  "792 1 301 930 965 8645 0 415 103 0 0 1"
      ;;
    40)
      test-tcas  "612 0 381 34 890 8050 3 901 435 1 1 0"
      ;;
    41)
      test-tcas  "340 1 173 507 857 9186 0 392 679 0 1 1"
      ;;
    42)
      test-tcas  "970 1 819 132 912 4881 1 172 746 1 1 0"
      ;;
    43)
      test-tcas  "838 0 76 933 323 3476 3 562 241 1 0 0"
      ;;
    44)
      test-tcas  "908 0 253 688 455 7028 1 55 99 0 1 0"
      ;;
    45)
      test-tcas  "709 0 890 726 681 1539 3 664 945 0 1 0"
      ;;
    46)
      test-tcas  "190 1 281 891 18 8585 2 276 803 1 0 1"
      ;;
    47)
      test-tcas  "477 0 282 399 352 5533 1 765 321 0 0 1"
      ;;
    48)
      test-tcas  "504 1 846 598 436 8974 1 92 431 0 0 1"
      ;;
    49)
      test-tcas  "621 0 518 420 487 3202 1 532 386 1 1 1"
      ;;
    50)
      test-tcas  "730 1 555 525 944 2361 2 540 306 1 1 1"
      ;;
    51)
      test-tcas  "71 1 587 854 22 1463 3 651 773 1 1 1"
      ;;
    52)
      test-tcas  "641 0 570 466 918 7673 3 113 708 1 1 0"
      ;;
    53)
      test-tcas  "265 0 491 178 960 9164 2 751 576 1 0 0"
      ;;
    54)
      test-tcas  "615 1 576 629 720 4473 0 832 87 1 0 0"
      ;;
    55)
      test-tcas  "961 1 832 969 946 519 2 417 837 1 1 0"
      ;;
    56)
      test-tcas  "151 0 579 416 330 2470 2 908 871 1 1 1"
      ;;
    57)
      test-tcas  "227 0 61 430 441 3261 3 131 869 0 0 0"
      ;;
    58)
      test-tcas  "258 0 518 251 700 4939 0 482 652 0 0 1"
      ;;
    59)
      test-tcas  "301 1 12 976 58 8025 3 229 824 0 0 0"
      ;;
    60)
      test-tcas  "18 1 940 289 18 8822 0 145 825 0 1 1"
      ;;
    61)
      test-tcas  "250 1 602 337 855 7987 0 226 226 0 0 1"
      ;;
    62)
      test-tcas  "889 0 240 95 306 6792 1 201 981 1 0 0"
      ;;
    63)
      test-tcas  "616 1 798 903 664 288 2 78 365 0 0 0"
      ;;
    64)
      test-tcas  "547 1 210 639 50 9036 1 894 612 1 0 1"
      ;;
    65)
      test-tcas  "477 1 237 262 749 3254 3 241 766 0 0 0"
      ;;
    66)
      test-tcas  "341 1 888 186 775 5049 2 71 942 0 1 1"
      ;;
    67)
      test-tcas  "608 1 122 155 354 5955 3 600 148 0 1 0"
      ;;
    68)
      test-tcas  "647 0 958 936 770 8205 1 971 938 0 1 1"
      ;;
esac
