#!/bin/bash
set -euo pipefail
SCRIPT_DIR=$(cd "$(dirname "${BASH_SOURCE[0]}")" && pwd)
test-tcas () {
    diff -q <(${ANGELIX_RUN:-eval} ./tcas $1) <($SCRIPT_DIR/../golden/tcas $1) > /dev/null
}

case "$1" in
    1)
      test-tcas  "321 0 459 726 760 9063 2 100 567 1 0 0"
      ;;
    2)
      test-tcas  "414 1 24 927 902 9058 1 426 407 1 1 1"
      ;;
    3)
      test-tcas  "506 1 924 493 351 6146 1 693 389 0 0 0"
      ;;
    4)
      test-tcas  "187 0 728 267 947 9011 2 281 493 0 0 0"
      ;;
    5)
      test-tcas  "125 1 325 956 765 1734 1 652 235 1 1 0"
      ;;
    6)
      test-tcas  "350 1 950 676 739 8409 2 216 962 0 0 1"
      ;;
    7)
      test-tcas  "537 0 641 204 947 9253 1 861 570 0 0 0"
      ;;
    8)
      test-tcas  "732 1 735 508 780 3470 0 211 126 0 1 0"
      ;;
    9)
      test-tcas  "736 0 839 724 404 4756 3 419 472 1 1 0"
      ;;
    10)
      test-tcas  "354 1 289 822 342 5608 3 528 695 1 1 0"
      ;;
    11)
      test-tcas  "930 0 384 747 567 6558 0 155 340 0 0 1"
      ;;
    12)
      test-tcas  "996 1 715 856 390 6122 3 395 522 0 0 0"
      ;;
    13)
      test-tcas  "528 0 593 901 419 6605 2 498 520 0 0 1"
      ;;
    14)
      test-tcas  "168 0 58 833 196 9924 0 984 126 0 1 1"
      ;;
    15)
      test-tcas  "827 0 89 37 549 6332 3 403 914 0 1 0"
      ;;
    16)
      test-tcas  "417 1 534 574 454 7350 3 36 711 1 1 1"
      ;;
    17)
      test-tcas  "972 1 847 304 91 2291 1 312 877 1 0 1"
      ;;
    18)
      test-tcas  "136 0 79 622 951 5552 3 709 578 0 0 0"
      ;;
    19)
      test-tcas  "992 1 573 820 201 9323 0 360 953 1 0 0"
      ;;
    20)
      test-tcas  "339 0 570 855 95 3512 3 500 142 1 0 0"
      ;;
    21)
      test-tcas  "968 1 433 526 35 1543 1 280 269 0 0 0"
      ;;
    22)
      test-tcas  "53 1 352 788 882 7196 2 323 968 0 1 1"
      ;;
    23)
      test-tcas  "645 0 341 56 394 3913 3 740 642 1 1 0"
      ;;
    24)
      test-tcas  "288 1 932 43 80 3865 1 90 525 0 1 1"
      ;;
    25)
      test-tcas  "49 1 345 732 474 9685 1 65 709 1 0 1"
      ;;
    26)
      test-tcas  "752 1 977 694 711 7083 3 379 578 0 1 0"
      ;;
    27)
      test-tcas  "907 1 823 997 402 1469 2 563 632 1 0 1"
      ;;
    28)
      test-tcas  "746 1 968 446 136 6429 0 31 411 0 0 0"
      ;;
    29)
      test-tcas  "943 0 500 904 504 6215 0 913 194 1 1 0"
      ;;
    30)
      test-tcas  "932 0 140 880 288 8438 1 767 314 0 1 1"
      ;;
    31)
      test-tcas  "349 0 538 477 466 6886 3 346 344 0 1 1"
      ;;
    32)
      test-tcas  "900 1 586 214 880 7809 0 162 8 0 0 0"
      ;;
    33)
      test-tcas  "995 1 174 50 846 6069 3 563 497 0 0 0"
      ;;
    34)
      test-tcas  "718 0 634 301 636 386 1 570 957 1 1 1"
      ;;
    35)
      test-tcas  "173 0 679 912 606 9336 0 622 142 1 0 0"
      ;;
    36)
      test-tcas  "897 0 869 821 856 1948 2 836 738 0 1 0"
      ;;
    37)
      test-tcas  "961 0 613 863 592 8589 1 248 583 1 1 0"
      ;;
    38)
      test-tcas  "466 0 439 902 869 9319 2 883 903 1 0 1"
      ;;
    39)
      test-tcas  "486 0 629 500 171 8198 0 289 855 0 0 0"
      ;;
    40)
      test-tcas  "70 0 487 607 195 2837 1 524 30 1 1 0"
      ;;
    41)
      test-tcas  "660 1 327 343 428 9179 3 274 132 1 0 1"
      ;;
    42)
      test-tcas  "301 0 856 24 459 1691 3 78 881 0 0 1"
      ;;
    43)
      test-tcas  "202 0 897 130 625 9196 1 296 182 1 0 1"
      ;;
    44)
      test-tcas  "664 0 421 917 378 6160 3 631 855 0 1 0"
      ;;
    45)
      test-tcas  "987 1 550 872 856 8664 0 679 681 1 0 1"
      ;;
    46)
      test-tcas  "896 1 681 143 374 3268 2 41 177 0 1 0"
      ;;
    47)
      test-tcas  "51 1 985 507 69 5722 0 153 442 0 0 1"
      ;;
    48)
      test-tcas  "543 1 475 319 620 4891 3 13 494 1 0 0"
      ;;
    49)
      test-tcas  "793 1 383 250 902 5342 3 482 871 0 1 1"
      ;;
    50)
      test-tcas  "992 1 942 436 581 9823 0 850 828 1 0 1"
      ;;
    51)
      test-tcas  "200 0 679 969 7 364 1 786 201 1 1 1"
      ;;
    52)
      test-tcas  "393 1 101 398 361 3839 2 704 48 1 1 1"
      ;;
    53)
      test-tcas  "131 0 108 183 805 4722 3 2 321 1 0 1"
      ;;
    54)
      test-tcas  "148 0 676 687 406 4272 1 426 318 1 0 0"
      ;;
    55)
      test-tcas  "993 1 264 521 845 1621 2 208 254 0 1 1"
      ;;
    56)
      test-tcas  "904 1 16 639 380 8127 1 354 185 0 1 0"
      ;;
    57)
      test-tcas  "355 0 181 732 207 1972 3 771 596 0 1 0"
      ;;
    58)
      test-tcas  "236 1 265 19 265 5258 2 626 254 1 1 0"
      ;;
    59)
      test-tcas  "299 1 168 578 632 818 2 536 471 0 1 1"
      ;;
    60)
      test-tcas  "448 0 120 888 7 629 0 863 627 1 0 0"
      ;;
    61)
      test-tcas  "596 0 402 218 315 2056 3 521 808 0 1 0"
      ;;
    62)
      test-tcas  "177 0 819 957 247 2183 3 304 536 1 0 0"
      ;;
    63)
      test-tcas  "975 0 529 903 536 4214 1 832 12 1 1 0"
      ;;
    64)
      test-tcas  "741 0 223 899 965 3343 2 738 871 0 1 1"
      ;;
    65)
      test-tcas  "89 0 754 84 570 2559 3 758 317 1 1 1"
      ;;
    66)
      test-tcas  "404 0 110 334 78 1675 2 826 509 0 1 1"
      ;;
    67)
      test-tcas  "942 1 188 267 561 5309 3 277 400 0 0 1"
      ;;
    68)
      test-tcas  "996 0 63 456 315 7716 0 641 655 1 1 0"
      ;;
esac
