#!/bin/bash
set -euo pipefail
SCRIPT_DIR=$(cd "$(dirname "${BASH_SOURCE[0]}")" && pwd)
test-tcas () {
    diff -q <(${ANGELIX_RUN:-eval} ./tcas $1) <($SCRIPT_DIR/../golden/tcas $1) > /dev/null
}

case "$1" in
    1)
      test-tcas  "8 0 862 946 240 3927 3 313 763 0 0 0"
      ;;
    2)
      test-tcas  "544 1 914 638 916 2655 1 653 652 1 1 1"
      ;;
    3)
      test-tcas  "723 1 73 603 655 5164 1 89 511 0 0 0"
      ;;
    4)
      test-tcas  "285 1 523 880 862 1158 3 402 799 0 0 1"
      ;;
    5)
      test-tcas  "852 1 384 986 608 6491 1 959 529 0 1 0"
      ;;
    6)
      test-tcas  "482 1 373 686 106 3307 0 974 402 1 0 0"
      ;;
    7)
      test-tcas  "567 0 572 344 410 1960 0 404 648 0 0 0"
      ;;
    8)
      test-tcas  "19 0 300 673 390 5089 0 247 27 0 1 0"
      ;;
    9)
      test-tcas  "731 1 968 855 819 6447 1 507 846 1 1 1"
      ;;
    10)
      test-tcas  "476 0 28 369 182 6471 0 903 287 0 1 1"
      ;;
    11)
      test-tcas  "399 1 941 444 488 3261 3 372 675 1 0 1"
      ;;
    12)
      test-tcas  "314 1 282 850 91 1356 3 604 692 0 1 0"
      ;;
    13)
      test-tcas  "30 1 835 781 165 1744 3 327 825 1 0 1"
      ;;
    14)
      test-tcas  "862 1 664 793 84 4690 1 634 621 0 0 0"
      ;;
    15)
      test-tcas  "432 0 815 252 574 2314 1 583 595 0 1 1"
      ;;
    16)
      test-tcas  "789 1 393 388 53 439 2 314 800 1 1 0"
      ;;
    17)
      test-tcas  "713 0 336 979 99 8923 0 290 308 0 1 0"
      ;;
    18)
      test-tcas  "929 0 254 785 486 6643 0 743 966 1 0 1"
      ;;
    19)
      test-tcas  "779 0 212 183 702 1391 0 169 932 0 1 1"
      ;;
    20)
      test-tcas  "637 1 329 21 282 6260 1 679 586 1 0 1"
      ;;
    21)
      test-tcas  "149 1 482 460 707 2560 3 156 450 0 0 0"
      ;;
    22)
      test-tcas  "65 0 371 590 984 5007 3 618 817 1 0 0"
      ;;
    23)
      test-tcas  "108 0 549 770 362 7753 1 742 748 0 0 1"
      ;;
    24)
      test-tcas  "19 1 891 121 957 9918 0 381 83 0 0 0"
      ;;
    25)
      test-tcas  "484 1 312 203 327 6479 2 941 50 1 0 0"
      ;;
    26)
      test-tcas  "290 1 313 807 290 4820 1 755 935 1 1 0"
      ;;
    27)
      test-tcas  "578 1 234 830 497 8857 2 74 180 0 0 1"
      ;;
    28)
      test-tcas  "619 1 775 563 449 1438 3 24 93 1 1 1"
      ;;
    29)
      test-tcas  "12 0 594 190 805 1715 1 788 171 0 0 1"
      ;;
    30)
      test-tcas  "692 0 429 59 954 7355 1 412 822 0 1 1"
      ;;
    31)
      test-tcas  "539 1 347 242 905 1826 2 19 6 0 0 1"
      ;;
    32)
      test-tcas  "827 0 313 82 614 4518 2 783 43 0 1 0"
      ;;
    33)
      test-tcas  "75 0 353 806 903 6240 1 810 516 1 0 1"
      ;;
    34)
      test-tcas  "244 0 153 908 98 4507 1 128 839 1 1 1"
      ;;
    35)
      test-tcas  "501 0 896 843 521 2179 3 172 712 0 0 0"
      ;;
    36)
      test-tcas  "78 0 674 611 855 9295 2 666 241 0 0 0"
      ;;
    37)
      test-tcas  "983 0 737 97 350 1444 2 436 79 1 0 1"
      ;;
    38)
      test-tcas  "533 1 253 502 680 8676 2 609 473 0 1 0"
      ;;
    39)
      test-tcas  "876 0 159 932 109 6814 3 759 601 1 0 0"
      ;;
    40)
      test-tcas  "831 1 27 119 446 8111 3 896 26 0 1 0"
      ;;
    41)
      test-tcas  "450 0 707 403 34 375 1 734 566 1 0 0"
      ;;
    42)
      test-tcas  "865 1 773 466 766 3168 1 471 246 0 0 0"
      ;;
    43)
      test-tcas  "990 0 609 890 836 6255 1 276 400 0 0 0"
      ;;
    44)
      test-tcas  "691 0 155 424 638 9292 1 895 310 1 1 0"
      ;;
    45)
      test-tcas  "49 0 68 837 841 2732 1 228 84 1 0 1"
      ;;
    46)
      test-tcas  "282 0 194 523 327 8102 0 354 767 0 0 1"
      ;;
    47)
      test-tcas  "856 1 917 412 248 1149 1 359 906 1 0 1"
      ;;
    48)
      test-tcas  "180 1 24 504 25 3930 3 392 20 0 0 1"
      ;;
    49)
      test-tcas  "192 1 326 145 638 1628 3 701 601 0 0 1"
      ;;
    50)
      test-tcas  "960 0 299 363 60 6819 1 889 432 0 1 0"
      ;;
    51)
      test-tcas  "229 0 543 854 139 8026 3 395 134 1 0 0"
      ;;
    52)
      test-tcas  "648 0 819 796 684 677 0 139 927 0 0 1"
      ;;
    53)
      test-tcas  "127 0 879 416 905 7096 1 489 671 0 0 1"
      ;;
    54)
      test-tcas  "507 1 238 246 719 7809 2 40 266 1 0 1"
      ;;
    55)
      test-tcas  "419 1 400 190 809 9318 2 371 499 0 0 1"
      ;;
    56)
      test-tcas  "832 1 924 973 582 3541 1 743 377 1 0 1"
      ;;
    57)
      test-tcas  "447 1 41 160 500 1361 3 761 937 0 1 0"
      ;;
    58)
      test-tcas  "660 1 314 838 474 7133 1 297 410 0 0 0"
      ;;
    59)
      test-tcas  "385 0 110 88 228 2632 0 461 507 0 1 1"
      ;;
    60)
      test-tcas  "557 1 372 725 754 7702 2 105 410 1 0 0"
      ;;
    61)
      test-tcas  "632 1 394 256 85 874 0 285 894 0 0 0"
      ;;
    62)
      test-tcas  "866 1 960 796 781 6366 3 246 754 0 0 1"
      ;;
    63)
      test-tcas  "588 0 335 592 581 4282 0 853 472 0 0 1"
      ;;
    64)
      test-tcas  "85 0 242 12 749 8318 2 982 777 0 1 0"
      ;;
    65)
      test-tcas  "101 0 981 248 679 88 3 190 428 0 1 1"
      ;;
    66)
      test-tcas  "267 0 436 584 285 1038 3 991 211 0 1 1"
      ;;
    67)
      test-tcas  "117 0 695 924 719 2080 1 309 751 0 0 0"
      ;;
    68)
      test-tcas  "602 0 519 320 852 7356 1 154 356 0 0 0"
      ;;
esac
