#!/bin/bash
set -euo pipefail
SCRIPT_DIR=$(cd "$(dirname "${BASH_SOURCE[0]}")" && pwd)
test-tcas () {
    diff -q <(${ANGELIX_RUN:-eval} ./tcas $1) <($SCRIPT_DIR/../golden/tcas $1) > /dev/null
}

case "$1" in
    1)
      test-tcas  "432 1 346 500 983 9207 1 893 852 1 1 1"
      ;;
    2)
      test-tcas  "763 1 650 198 352 2691 2 571 957 0 0 0"
      ;;
    3)
      test-tcas  "835 0 616 585 363 7808 2 750 814 1 1 0"
      ;;
    4)
      test-tcas  "80 1 245 830 363 8614 2 862 176 0 1 0"
      ;;
    5)
      test-tcas  "187 0 917 804 372 65 3 366 649 0 1 0"
      ;;
    6)
      test-tcas  "689 0 471 953 856 9209 1 155 313 0 1 1"
      ;;
    7)
      test-tcas  "163 1 698 720 127 1137 1 848 666 1 1 0"
      ;;
    8)
      test-tcas  "638 1 867 482 560 5412 1 469 284 1 1 1"
      ;;
    9)
      test-tcas  "443 1 360 156 322 6917 3 752 915 0 0 0"
      ;;
    10)
      test-tcas  "792 0 789 379 78 4204 2 591 259 0 1 0"
      ;;
    11)
      test-tcas  "775 0 124 570 329 8509 2 78 673 1 0 0"
      ;;
    12)
      test-tcas  "132 1 317 102 532 7646 0 49 276 0 0 1"
      ;;
    13)
      test-tcas  "261 0 774 407 972 921 2 150 609 0 0 1"
      ;;
    14)
      test-tcas  "310 1 657 968 587 4147 2 119 912 1 0 1"
      ;;
    15)
      test-tcas  "965 0 558 883 435 7642 3 244 455 1 0 1"
      ;;
    16)
      test-tcas  "631 1 412 57 409 4896 1 846 966 1 0 0"
      ;;
    17)
      test-tcas  "146 0 741 965 988 5289 0 65 244 0 0 0"
      ;;
    18)
      test-tcas  "942 0 362 498 401 895 1 321 345 0 1 1"
      ;;
    19)
      test-tcas  "712 0 582 491 488 5007 0 437 462 1 1 0"
      ;;
    20)
      test-tcas  "94 0 642 246 769 8519 0 681 614 0 1 1"
      ;;
    21)
      test-tcas  "696 0 748 695 857 9794 2 801 664 1 1 1"
      ;;
    22)
      test-tcas  "960 1 453 709 268 4023 2 570 890 1 0 0"
      ;;
    23)
      test-tcas  "847 0 417 589 978 9430 3 379 395 1 0 0"
      ;;
    24)
      test-tcas  "179 1 689 830 682 9947 3 34 59 1 1 0"
      ;;
    25)
      test-tcas  "654 1 592 954 715 7204 0 118 485 0 0 0"
      ;;
    26)
      test-tcas  "98 0 122 472 865 8824 1 100 478 0 1 1"
      ;;
    27)
      test-tcas  "373 1 377 900 3 5097 3 758 38 0 0 1"
      ;;
    28)
      test-tcas  "596 1 36 223 430 2142 2 486 643 0 1 1"
      ;;
    29)
      test-tcas  "884 1 245 251 207 6620 0 635 695 0 1 1"
      ;;
    30)
      test-tcas  "741 0 426 967 397 4973 2 213 508 1 0 0"
      ;;
    31)
      test-tcas  "457 0 534 206 206 8977 0 76 996 1 1 0"
      ;;
    32)
      test-tcas  "492 0 181 832 375 9213 1 57 405 1 0 1"
      ;;
    33)
      test-tcas  "743 1 706 35 884 8729 3 490 909 0 0 1"
      ;;
    34)
      test-tcas  "880 1 858 367 114 850 3 112 761 1 0 1"
      ;;
    35)
      test-tcas  "571 0 117 768 4 7657 0 501 852 0 0 0"
      ;;
    36)
      test-tcas  "371 1 947 54 490 9202 0 912 77 0 0 1"
      ;;
    37)
      test-tcas  "372 0 314 117 634 7975 1 754 792 0 1 1"
      ;;
    38)
      test-tcas  "370 0 769 517 242 8539 1 860 842 1 0 0"
      ;;
    39)
      test-tcas  "302 0 123 119 600 8599 0 215 226 1 1 0"
      ;;
    40)
      test-tcas  "49 1 381 22 57 5035 0 947 357 1 1 0"
      ;;
    41)
      test-tcas  "396 0 36 212 651 6640 3 100 138 1 1 1"
      ;;
    42)
      test-tcas  "963 1 134 131 807 4473 0 972 654 1 1 0"
      ;;
    43)
      test-tcas  "315 1 659 743 282 798 3 772 245 0 0 0"
      ;;
    44)
      test-tcas  "145 0 766 615 17 8628 1 765 963 1 1 1"
      ;;
    45)
      test-tcas  "528 0 235 122 436 5844 1 221 107 0 1 1"
      ;;
    46)
      test-tcas  "628 0 169 980 893 763 3 134 421 1 1 1"
      ;;
    47)
      test-tcas  "981 1 502 122 502 9865 1 965 930 1 0 1"
      ;;
    48)
      test-tcas  "605 0 218 210 482 3169 1 513 984 1 1 1"
      ;;
    49)
      test-tcas  "595 1 401 35 337 8454 3 508 128 0 1 1"
      ;;
    50)
      test-tcas  "657 1 291 588 786 2175 2 551 728 1 0 0"
      ;;
    51)
      test-tcas  "162 0 385 675 244 2520 2 681 984 0 1 1"
      ;;
    52)
      test-tcas  "766 0 384 693 909 8556 2 111 2 0 0 0"
      ;;
    53)
      test-tcas  "459 1 360 464 116 8908 3 481 958 0 1 1"
      ;;
    54)
      test-tcas  "56 0 930 936 549 3779 0 424 113 0 1 1"
      ;;
    55)
      test-tcas  "660 0 499 64 180 5496 1 278 498 0 1 1"
      ;;
    56)
      test-tcas  "452 0 743 231 434 5001 3 359 513 1 1 1"
      ;;
    57)
      test-tcas  "364 0 455 307 62 4958 0 467 400 0 1 1"
      ;;
    58)
      test-tcas  "723 1 687 666 493 4263 0 59 679 0 0 0"
      ;;
    59)
      test-tcas  "821 1 728 384 104 3865 3 953 61 1 1 0"
      ;;
    60)
      test-tcas  "599 1 996 281 866 9799 2 413 123 0 1 1"
      ;;
    61)
      test-tcas  "177 1 200 540 134 6318 1 42 185 0 1 0"
      ;;
    62)
      test-tcas  "906 0 340 288 62 9903 2 96 257 0 0 0"
      ;;
    63)
      test-tcas  "805 1 98 738 157 3770 2 622 782 1 1 1"
      ;;
    64)
      test-tcas  "930 1 61 372 839 2262 1 155 33 1 0 1"
      ;;
    65)
      test-tcas  "58 1 902 40 634 5238 3 718 514 0 0 1"
      ;;
    66)
      test-tcas  "451 1 195 893 636 4209 0 379 588 1 0 1"
      ;;
    67)
      test-tcas  "10 1 950 676 334 4574 3 796 728 0 1 1"
      ;;
    68)
      test-tcas  "150 0 163 127 627 1812 0 926 309 1 1 0"
      ;;
esac
