#!/bin/bash
set -euo pipefail
SCRIPT_DIR=$(cd "$(dirname "${BASH_SOURCE[0]}")" && pwd)
test-tcas () {
    diff -q <(${ANGELIX_RUN:-eval} ./tcas $1) <($SCRIPT_DIR/../golden/tcas $1) > /dev/null
}

case "$1" in
    1)
      test-tcas  "233 0 625 450 926 8416 3 974 689 0 0 1"
      ;;
    2)
      test-tcas  "687 0 42 569 858 6708 2 721 177 1 1 1"
      ;;
    3)
      test-tcas  "122 0 214 268 230 5149 0 36 479 1 0 1"
      ;;
    4)
      test-tcas  "328 0 675 94 651 6974 3 862 461 1 0 1"
      ;;
    5)
      test-tcas  "298 0 758 580 342 9930 3 300 900 0 0 1"
      ;;
    6)
      test-tcas  "636 0 459 247 63 2826 1 368 113 0 1 1"
      ;;
    7)
      test-tcas  "302 0 44 486 881 1507 3 188 589 1 1 1"
      ;;
    8)
      test-tcas  "123 0 951 90 179 2955 2 42 977 0 0 1"
      ;;
    9)
      test-tcas  "530 0 103 273 488 1129 2 882 326 0 1 1"
      ;;
    10)
      test-tcas  "779 1 529 244 903 9069 2 92 867 0 1 1"
      ;;
    11)
      test-tcas  "607 0 429 672 758 8528 1 648 871 1 1 1"
      ;;
    12)
      test-tcas  "766 0 316 778 46 1211 1 189 177 1 0 1"
      ;;
    13)
      test-tcas  "273 0 769 245 709 4332 1 82 927 0 0 1"
      ;;
    14)
      test-tcas  "390 0 539 737 418 7841 1 115 794 0 0 1"
      ;;
    15)
      test-tcas  "395 0 305 461 777 1219 2 174 619 1 0 1"
      ;;
    16)
      test-tcas  "129 1 303 968 63 4249 0 47 803 1 0 1"
      ;;
    17)
      test-tcas  "996 1 299 254 637 8587 2 374 122 0 1 1"
      ;;
    18)
      test-tcas  "708 1 946 159 21 5330 3 753 756 0 1 1"
      ;;
    19)
      test-tcas  "456 0 542 93 321 8085 1 65 321 0 1 0"
      ;;
    20)
      test-tcas  "503 1 458 274 259 1302 3 264 514 1 1 0"
      ;;
    21)
      test-tcas  "242 1 153 872 426 9776 0 123 654 0 1 1"
      ;;
    22)
      test-tcas  "773 1 635 780 650 7401 0 795 929 1 0 1"
      ;;
    23)
      test-tcas  "826 0 580 153 404 1253 1 471 505 1 0 0"
      ;;
    24)
      test-tcas  "484 0 935 354 145 1120 0 979 867 0 0 0"
      ;;
    25)
      test-tcas  "678 1 862 562 210 4511 3 802 802 0 1 1"
      ;;
    26)
      test-tcas  "739 1 224 978 520 3036 3 687 343 1 0 0"
      ;;
    27)
      test-tcas  "447 1 473 373 804 7878 2 891 692 0 1 1"
      ;;
    28)
      test-tcas  "77 1 874 587 329 9797 2 986 776 0 0 1"
      ;;
    29)
      test-tcas  "749 0 339 581 287 2810 2 153 442 1 0 1"
      ;;
    30)
      test-tcas  "148 0 895 702 968 299 0 36 631 1 1 1"
      ;;
    31)
      test-tcas  "176 1 836 2 667 7851 3 375 941 0 1 1"
      ;;
    32)
      test-tcas  "530 1 67 695 966 8637 2 953 945 1 0 1"
      ;;
    33)
      test-tcas  "418 1 847 195 525 4572 2 789 454 0 0 0"
      ;;
    34)
      test-tcas  "695 1 263 627 901 9853 2 939 519 0 1 1"
      ;;
    35)
      test-tcas  "644 0 211 245 91 2785 2 900 494 1 1 1"
      ;;
    36)
      test-tcas  "389 1 408 807 574 7064 2 223 769 0 1 1"
      ;;
    37)
      test-tcas  "513 1 126 711 489 4836 1 737 978 0 1 0"
      ;;
    38)
      test-tcas  "946 1 784 501 335 1006 3 610 516 1 0 1"
      ;;
    39)
      test-tcas  "463 1 340 264 171 1295 2 451 19 0 0 1"
      ;;
    40)
      test-tcas  "271 1 624 460 683 5561 0 664 208 0 1 0"
      ;;
    41)
      test-tcas  "165 1 192 826 789 2827 3 421 21 1 1 0"
      ;;
    42)
      test-tcas  "544 0 191 178 540 5307 1 842 349 1 1 0"
      ;;
    43)
      test-tcas  "273 0 848 246 29 5568 1 289 946 0 0 0"
      ;;
    44)
      test-tcas  "865 0 799 49 836 3662 1 100 140 1 0 0"
      ;;
    45)
      test-tcas  "853 0 279 794 158 9796 1 592 900 0 1 1"
      ;;
    46)
      test-tcas  "382 0 471 852 275 2669 0 776 602 0 1 0"
      ;;
    47)
      test-tcas  "146 1 834 43 308 4217 0 908 411 0 0 1"
      ;;
    48)
      test-tcas  "651 1 178 210 442 7970 1 797 679 1 0 1"
      ;;
    49)
      test-tcas  "532 1 455 903 744 649 0 689 51 1 1 0"
      ;;
    50)
      test-tcas  "242 0 875 971 623 5040 3 486 94 1 0 0"
      ;;
    51)
      test-tcas  "835 0 878 871 642 6433 3 186 283 0 0 0"
      ;;
    52)
      test-tcas  "848 0 757 648 972 5219 0 528 969 1 0 1"
      ;;
    53)
      test-tcas  "374 1 388 777 129 4358 0 153 665 0 0 0"
      ;;
    54)
      test-tcas  "419 0 463 357 928 2608 3 884 464 1 0 1"
      ;;
    55)
      test-tcas  "367 0 949 580 600 2414 3 228 803 1 1 1"
      ;;
    56)
      test-tcas  "77 1 156 911 1 5379 2 690 952 1 1 1"
      ;;
    57)
      test-tcas  "599 0 784 990 572 8170 0 175 690 0 1 0"
      ;;
    58)
      test-tcas  "813 0 685 997 324 7551 0 440 491 0 1 1"
      ;;
    59)
      test-tcas  "485 1 735 987 595 5092 1 397 312 0 1 1"
      ;;
    60)
      test-tcas  "254 1 283 594 604 9796 2 996 605 0 1 1"
      ;;
    61)
      test-tcas  "901 1 971 494 969 598 1 388 667 1 1 1"
      ;;
    62)
      test-tcas  "984 0 493 50 362 317 3 216 632 0 1 0"
      ;;
    63)
      test-tcas  "444 0 871 781 281 8151 1 43 577 0 1 1"
      ;;
    64)
      test-tcas  "200 1 277 500 594 9368 2 237 154 0 0 0"
      ;;
    65)
      test-tcas  "979 0 155 369 43 8209 1 999 926 0 1 1"
      ;;
    66)
      test-tcas  "698 0 499 523 241 3451 2 722 277 1 1 1"
      ;;
    67)
      test-tcas  "643 1 587 488 906 5322 0 414 221 0 0 0"
      ;;
    68)
      test-tcas  "475 1 242 225 111 7767 3 598 756 1 1 1"
      ;;
esac
