#!/bin/bash
set -euo pipefail
SCRIPT_DIR=$(cd "$(dirname "${BASH_SOURCE[0]}")" && pwd)
test-tcas () {
    diff -q <(${ANGELIX_RUN:-eval} ./tcas $1) <($SCRIPT_DIR/../golden/tcas $1) > /dev/null
}

case "$1" in
    1)
      test-tcas  "758 1 7 477 960 6926 1 160 640 0 0 0"
      ;;
    2)
      test-tcas  "694 0 15 846 943 2417 3 471 809 1 0 0"
      ;;
    3)
      test-tcas  "556 1 443 464 282 896 1 52 902 1 1 0"
      ;;
    4)
      test-tcas  "816 0 960 111 840 5571 2 873 208 1 1 0"
      ;;
    5)
      test-tcas  "181 1 914 302 831 5085 1 924 108 0 0 1"
      ;;
    6)
      test-tcas  "141 0 949 221 72 3796 3 855 399 1 0 1"
      ;;
    7)
      test-tcas  "938 1 636 124 18 9565 0 7 459 1 0 1"
      ;;
    8)
      test-tcas  "224 0 647 823 353 8282 3 117 952 1 0 0"
      ;;
    9)
      test-tcas  "558 1 944 44 148 605 3 309 445 0 1 0"
      ;;
    10)
      test-tcas  "913 0 28 79 54 2282 3 782 152 1 0 1"
      ;;
    11)
      test-tcas  "647 0 713 258 671 5030 2 858 130 0 0 0"
      ;;
    12)
      test-tcas  "874 0 881 349 148 220 2 800 515 0 1 1"
      ;;
    13)
      test-tcas  "894 0 538 39 149 2593 1 986 950 0 0 1"
      ;;
    14)
      test-tcas  "238 0 919 143 693 5893 3 725 66 1 1 1"
      ;;
    15)
      test-tcas  "77 0 677 207 895 6634 0 114 835 1 1 0"
      ;;
    16)
      test-tcas  "47 0 104 569 417 6279 0 945 824 0 1 0"
      ;;
    17)
      test-tcas  "189 1 983 921 448 5792 1 765 721 0 1 1"
      ;;
    18)
      test-tcas  "447 1 78 742 193 9973 3 707 168 1 0 0"
      ;;
    19)
      test-tcas  "236 0 350 881 329 2049 2 752 749 1 1 1"
      ;;
    20)
      test-tcas  "795 1 801 860 492 1788 1 533 13 1 0 0"
      ;;
    21)
      test-tcas  "517 1 398 275 754 2886 2 774 724 0 1 0"
      ;;
    22)
      test-tcas  "125 1 776 928 100 7520 2 854 988 0 0 1"
      ;;
    23)
      test-tcas  "444 0 392 73 248 7803 2 871 623 0 0 1"
      ;;
    24)
      test-tcas  "652 1 489 326 660 5430 1 969 59 0 1 0"
      ;;
    25)
      test-tcas  "213 1 662 494 325 2003 3 463 234 1 1 1"
      ;;
    26)
      test-tcas  "249 0 918 695 867 3445 2 654 250 0 0 1"
      ;;
    27)
      test-tcas  "885 0 994 741 697 2498 0 928 214 0 0 1"
      ;;
    28)
      test-tcas  "80 0 250 862 342 3606 0 15 426 0 1 0"
      ;;
    29)
      test-tcas  "677 1 755 350 660 4408 2 944 136 0 1 1"
      ;;
    30)
      test-tcas  "820 1 166 758 528 7793 1 432 312 0 1 1"
      ;;
    31)
      test-tcas  "536 1 749 734 619 7737 2 53 332 0 1 1"
      ;;
    32)
      test-tcas  "154 1 318 547 138 1245 1 672 173 1 1 1"
      ;;
    33)
      test-tcas  "291 0 31 765 926 7393 0 163 587 0 0 1"
      ;;
    34)
      test-tcas  "475 1 868 436 985 2897 2 522 848 1 0 0"
      ;;
    35)
      test-tcas  "950 0 203 487 461 1727 1 954 998 0 1 0"
      ;;
    36)
      test-tcas  "984 1 216 871 234 4062 3 524 71 1 1 1"
      ;;
    37)
      test-tcas  "947 0 913 293 637 7363 3 403 547 1 0 1"
      ;;
    38)
      test-tcas  "596 0 279 99 406 9481 1 653 258 0 0 1"
      ;;
    39)
      test-tcas  "402 0 572 165 780 593 2 893 214 0 0 0"
      ;;
    40)
      test-tcas  "377 0 947 292 668 7256 3 36 198 1 1 1"
      ;;
    41)
      test-tcas  "692 0 518 808 49 8116 2 619 666 0 0 1"
      ;;
    42)
      test-tcas  "400 0 589 711 242 6708 2 37 325 1 0 1"
      ;;
    43)
      test-tcas  "905 1 141 771 333 2380 0 256 851 0 1 1"
      ;;
    44)
      test-tcas  "239 0 727 624 968 5657 1 313 520 1 0 1"
      ;;
    45)
      test-tcas  "980 1 703 898 818 9322 0 108 41 1 0 0"
      ;;
    46)
      test-tcas  "520 0 249 940 354 1176 3 668 604 1 0 0"
      ;;
    47)
      test-tcas  "583 0 843 699 148 8753 2 194 144 0 0 0"
      ;;
    48)
      test-tcas  "209 1 783 765 645 318 0 809 973 0 0 0"
      ;;
    49)
      test-tcas  "47 0 42 469 372 191 3 3 333 1 0 0"
      ;;
    50)
      test-tcas  "578 0 102 368 750 9856 3 325 54 0 1 1"
      ;;
    51)
      test-tcas  "910 0 503 263 97 9389 3 854 307 1 0 1"
      ;;
    52)
      test-tcas  "35 0 686 246 54 6552 0 500 514 0 0 0"
      ;;
    53)
      test-tcas  "889 1 226 52 545 3344 1 111 745 0 0 0"
      ;;
    54)
      test-tcas  "239 1 805 269 445 1977 3 784 405 1 1 0"
      ;;
    55)
      test-tcas  "312 0 263 662 444 4068 1 687 753 0 1 0"
      ;;
    56)
      test-tcas  "194 1 747 117 114 8413 0 14 681 0 0 1"
      ;;
    57)
      test-tcas  "359 0 387 321 928 3872 0 572 370 0 0 0"
      ;;
    58)
      test-tcas  "258 1 65 472 921 4853 2 737 768 0 1 1"
      ;;
    59)
      test-tcas  "631 0 691 918 891 7459 3 340 438 0 0 0"
      ;;
    60)
      test-tcas  "238 0 958 672 401 4626 2 209 124 0 0 0"
      ;;
    61)
      test-tcas  "880 0 849 312 473 8592 2 856 396 0 1 1"
      ;;
    62)
      test-tcas  "18 1 164 812 712 8664 3 918 973 0 1 1"
      ;;
    63)
      test-tcas  "955 0 47 265 608 1598 1 635 807 1 0 1"
      ;;
    64)
      test-tcas  "391 1 981 488 88 955 3 721 637 0 0 0"
      ;;
    65)
      test-tcas  "261 0 810 861 829 505 3 591 676 1 0 1"
      ;;
    66)
      test-tcas  "46 1 291 656 596 5170 0 932 162 1 0 1"
      ;;
    67)
      test-tcas  "307 1 247 490 750 1064 2 117 863 0 0 1"
      ;;
    68)
      test-tcas  "873 1 701 319 266 4026 1 956 167 1 1 0"
      ;;
esac
