#!/bin/bash
set -euo pipefail
SCRIPT_DIR=$(cd "$(dirname "${BASH_SOURCE[0]}")" && pwd)
test-tcas () {
    diff -q <(${ANGELIX_RUN:-eval} ./tcas $1) <($SCRIPT_DIR/../golden/tcas $1) > /dev/null
}

case "$1" in
    1)
      test-tcas  "430 1 58 863 871 7347 3 460 936 0 0 0"
      ;;
    2)
      test-tcas  "112 1 831 681 478 4319 1 826 140 0 1 1"
      ;;
    3)
      test-tcas  "573 0 751 7 166 1340 1 955 93 1 0 1"
      ;;
    4)
      test-tcas  "417 1 619 40 964 3523 0 118 98 1 0 1"
      ;;
    5)
      test-tcas  "985 1 480 624 313 8384 1 9 745 1 1 0"
      ;;
    6)
      test-tcas  "538 0 848 305 884 8915 0 291 537 0 0 0"
      ;;
    7)
      test-tcas  "179 1 293 643 815 7166 0 292 206 1 0 1"
      ;;
    8)
      test-tcas  "972 1 120 444 545 3092 2 317 581 1 0 0"
      ;;
    9)
      test-tcas  "796 1 869 660 451 6289 3 788 861 1 1 0"
      ;;
    10)
      test-tcas  "377 0 490 764 260 5926 0 147 756 0 1 0"
      ;;
    11)
      test-tcas  "446 0 490 419 669 6468 0 137 374 1 0 0"
      ;;
    12)
      test-tcas  "307 0 923 303 804 3788 2 719 833 1 1 0"
      ;;
    13)
      test-tcas  "77 0 961 855 69 7960 1 534 350 1 1 1"
      ;;
    14)
      test-tcas  "599 0 810 697 542 5402 3 376 164 1 0 1"
      ;;
    15)
      test-tcas  "457 0 23 359 458 4108 2 717 840 0 1 1"
      ;;
    16)
      test-tcas  "687 1 738 812 348 1441 0 866 512 1 0 1"
      ;;
    17)
      test-tcas  "674 0 88 162 229 4421 3 812 309 0 1 0"
      ;;
    18)
      test-tcas  "300 0 948 664 697 7555 0 298 612 1 0 0"
      ;;
    19)
      test-tcas  "739 0 335 986 61 3073 2 78 922 0 0 1"
      ;;
    20)
      test-tcas  "328 0 148 410 530 2944 3 736 972 0 0 1"
      ;;
    21)
      test-tcas  "700 1 486 374 183 1219 0 812 285 1 1 1"
      ;;
    22)
      test-tcas  "830 0 640 428 791 9144 1 305 649 0 0 1"
      ;;
    23)
      test-tcas  "856 0 815 348 697 4036 2 958 12 1 0 0"
      ;;
    24)
      test-tcas  "427 1 922 770 729 6171 2 986 3 1 0 1"
      ;;
    25)
      test-tcas  "966 1 211 286 713 5883 2 178 728 0 0 1"
      ;;
    26)
      test-tcas  "601 0 212 515 357 5671 0 486 671 1 1 1"
      ;;
    27)
      test-tcas  "557 1 331 192 285 9473 1 437 383 1 1 1"
      ;;
    28)
      test-tcas  "614 0 571 798 678 3215 1 838 258 0 1 0"
      ;;
    29)
      test-tcas  "715 0 177 745 393 7466 2 351 10 0 1 1"
      ;;
    30)
      test-tcas  "67 0 563 540 556 4408 2 645 494 0 0 1"
      ;;
    31)
      test-tcas  "970 1 635 778 482 7368 3 852 279 1 0 1"
      ;;
    32)
      test-tcas  "334 1 633 161 344 1940 3 105 848 1 1 0"
      ;;
    33)
      test-tcas  "154 1 800 106 278 3150 1 930 485 1 1 0"
      ;;
    34)
      test-tcas  "374 0 637 800 650 3238 2 223 849 1 0 1"
      ;;
    35)
      test-tcas  "348 1 130 837 903 9472 2 483 825 1 0 1"
      ;;
    36)
      test-tcas  "656 0 207 825 858 866 3 873 614 1 1 0"
      ;;
    37)
      test-tcas  "291 1 759 575 518 6919 0 558 103 1 1 1"
      ;;
    38)
      test-tcas  "202 1 885 644 269 318 1 599 310 0 1 0"
      ;;
    39)
      test-tcas  "869 1 499 177 3 9144 0 505 222 1 1 0"
      ;;
    40)
      test-tcas  "999 1 215 121 997 2361 3 314 579 0 0 0"
      ;;
    41)
      test-tcas  "567 0 369 947 402 5312 1 822 78 1 1 0"
      ;;
    42)
      test-tcas  "262 0 211 101 976 9561 3 300 137 0 1 1"
      ;;
    43)
      test-tcas  "983 1 693 435 151 3756 3 718 754 1 1 0"
      ;;
    44)
      test-tcas  "298 1 910 828 713 9161 2 154 71 0 1 1"
      ;;
    45)
      test-tcas  "798 1 69 239 319 5231 1 676 98 0 1 0"
      ;;
    46)
      test-tcas  "985 1 911 292 644 6940 0 596 558 1 0 1"
      ;;
    47)
      test-tcas  "810 0 793 463 366 6670 1 536 90 0 0 0"
      ;;
    48)
      test-tcas  "81 0 119 770 223 9211 2 278 22 1 0 1"
      ;;
    49)
      test-tcas  "906 1 518 723 158 8839 2 882 596 0 1 0"
      ;;
    50)
      test-tcas  "883 1 95 98 119 2612 0 998 963 0 1 0"
      ;;
    51)
      test-tcas  "93 1 225 875 241 3789 0 753 389 1 0 1"
      ;;
    52)
      test-tcas  "980 0 723 441 131 3820 2 985 949 0 0 0"
      ;;
    53)
      test-tcas  "961 0 811 843 618 509 3 969 564 0 0 1"
      ;;
    54)
      test-tcas  "78 1 104 604 698 3862 3 138 537 0 0 0"
      ;;
    55)
      test-tcas  "196 1 844 222 528 9669 3 577 704 0 1 0"
      ;;
    56)
      test-tcas  "169 1 880 142 125 4144 1 386 99 0 1 0"
      ;;
    57)
      test-tcas  "17 1 307 536 959 858 2 219 425 1 1 1"
      ;;
    58)
      test-tcas  "516 1 408 815 897 3868 0 560 809 0 0 0"
      ;;
    59)
      test-tcas  "656 1 379 324 916 8213 2 431 186 0 1 0"
      ;;
    60)
      test-tcas  "222 1 479 147 701 980 3 443 284 0 1 1"
      ;;
    61)
      test-tcas  "253 0 565 442 665 2840 0 160 447 1 0 0"
      ;;
    62)
      test-tcas  "355 0 500 137 25 1285 2 888 629 1 0 1"
      ;;
    63)
      test-tcas  "787 1 739 240 469 2923 0 25 595 1 0 0"
      ;;
    64)
      test-tcas  "902 1 342 377 458 2894 1 160 879 1 0 0"
      ;;
    65)
      test-tcas  "913 1 898 513 545 4919 2 91 215 0 1 0"
      ;;
    66)
      test-tcas  "24 1 269 126 60 5647 2 906 78 0 0 1"
      ;;
    67)
      test-tcas  "830 0 692 383 252 1737 2 200 605 1 1 1"
      ;;
    68)
      test-tcas  "373 1 652 100 427 7652 3 409 507 0 1 1"
      ;;
esac
