#!/bin/bash
set -euo pipefail
SCRIPT_DIR=$(cd "$(dirname "${BASH_SOURCE[0]}")" && pwd)
test-tcas () {
    diff -q <(${ANGELIX_RUN:-eval} ./tcas $1) <($SCRIPT_DIR/../golden/tcas $1) > /dev/null
}

case "$1" in
    1)
      test-tcas  "-8964 1 0 -4912 -9999 -9488 0 6256 -9616 0 2 0"
      ;;
    2)
      test-tcas  "-8350 1 0 -1840 6384 -6128 3 7280 -9008 0 2 0"
      ;;
    3)
      test-tcas  "-7152 1 0 240 -9088 -1072 1 8816 7184 2 2 0"
      ;;
    4)
      test-tcas  "-1777 1 0 -7984 -8192 -1936 0 -10000 -1904 0 2 0"
      ;;
    5)
      test-tcas  "-596 1 0 6240 7 -7216 2 6256 7280 0 2 0"
      ;;
    6)
      test-tcas  "-568 1 0 -1840 2367 3184 0 240 2288 0 2 0"
      ;;
    7)
      test-tcas  "-7185 1 0 4336 -9369 1360 3 240 4336 0 2 0"
      ;;
    8)
      test-tcas  "-1777 1 0 -7984 -8192 -1936 1 -10000 -1904 0 2 0"
      ;;
    9)
      test-tcas  "-1777 1 0 -7984 -8192 -1936 3 -10000 -1904 0 2 0"
      ;;
    10)
      test-tcas  "636 1 0 -4912 -398 -4913 0 6256 6356 0 2 0"
      ;;
    11)
      test-tcas  "650 1 0 -1840 385 -1841 3 7280 7380 0 2 0"
      ;;
    12)
      test-tcas  "648 1 0 240 -87 239 1 8816 8916 2 2 0"
      ;;
    13)
      test-tcas  "623 1 0 -7984 -391 -7983 0 -1903 -1904 0 2 0"
      ;;
    14)
      test-tcas  "604 1 0 6240 8 6239 2 6256 6356 0 2 0"
      ;;
    15)
      test-tcas  "632 1 0 -1840 568 -1841 0 400 500 0 2 0"
      ;;
    16)
      test-tcas  "615 1 0 4336 -368 4335 3 740 840 0 2 0"
      ;;
    17)
      test-tcas  "623 1 0 -7984 -391 -7983 1 -1903 -1904 0 2 0"
      ;;
    18)
      test-tcas  "623 1 0 -7984 -391 -7983 3 -1903 -1904 0 2 0"
      ;;
    19)
      test-tcas  "-1151 0 0 6376 -9471 9584 0 8304 -2320 0 2 0"
      ;;
    20)
      test-tcas  "-4177 1 0 -10000 -3838 -9104 0 6256 -1936 0 1 0"
      ;;
    21)
      test-tcas  "-2952 1 0 7280 219 6224 0 -3792 -10000 0 2 0"
      ;;
    22)
      test-tcas  "-16 1 0 6256 2299 -9744 0 401 -10000 0 2 0"
      ;;
    23)
      test-tcas  "6384 1 0 -10000 -7873 -1936 0 4336 -10000 0 1 0"
      ;;
    24)
      test-tcas  "649 1 0 6376 -470 6375 0 8304 8404 0 2 0"
      ;;
    25)
      test-tcas  "623 1 0 -10000 -237 -10001 0 6256 6356 0 2 0"
      ;;
    26)
      test-tcas  "648 1 0 7280 220 7281 0 -9999 -10000 0 2 0"
      ;;
    27)
      test-tcas  "1184 1 0 6256 500 6255 0 401 501 0 2 0"
      ;;
    28)
      test-tcas  "1584 1 0 -10000 -72 -10001 0 4336 4436 0 2 0"
      ;;
    29)
      test-tcas  "-1792 0 0 6256 -1024 4048 3 7349 -10000 0 2 0"
      ;;
    30)
      test-tcas  "-3552 1 0 6256 6391 2512 3 1136 -1840 0 1 0"
      ;;
    31)
      test-tcas  "-2952 1 0 7280 219 6224 3 -3792 -10000 0 2 0"
      ;;
    32)
      test-tcas  "-1024 1 0 6352 8192 -528 3 2288 -4528 0 2 0"
      ;;
    33)
      test-tcas  "6384 1 0 -10000 -7873 -1936 3 4336 -10000 0 1 0"
      ;;
    34)
      test-tcas  "608 1 0 6256 -423 6255 3 7349 7449 0 2 0"
      ;;
    35)
      test-tcas  "648 1 0 6256 392 6255 3 1136 1236 0 2 0"
      ;;
    36)
      test-tcas  "648 1 0 7280 220 7281 3 -9999 -10000 0 2 0"
      ;;
    37)
      test-tcas  "776 1 0 6352 393 6351 3 2288 2388 0 2 0"
      ;;
    38)
      test-tcas  "1584 1 0 -10000 -72 -10001 3 4336 4436 0 2 0"
      ;;
    39)
      test-tcas  "-8958 0 0 -5104 -2405 -1936 1 9841 -2320 0 2 0"
      ;;
    40)
      test-tcas  "-556 1 0 -1872 -1928 3184 1 3232 -912 0 1 0"
      ;;
    41)
      test-tcas  "-2952 1 0 7280 219 6224 1 -3792 -10000 0 2 0"
      ;;
    42)
      test-tcas  "4 1 0 3184 -9376 3280 1 6256 -1936 0 2 0"
      ;;
    43)
      test-tcas  "6384 1 0 -10000 -7873 -1936 1 4336 -10000 0 1 0"
      ;;
    44)
      test-tcas  "642 1 0 -5104 -4 -5105 1 9841 9941 0 2 0"
      ;;
    45)
      test-tcas  "644 1 0 -1872 -127 -1873 1 3232 3332 0 2 0"
      ;;
    46)
      test-tcas  "648 1 0 7280 220 7281 1 -9999 -10000 0 2 0"
      ;;
    47)
      test-tcas  "1204 1 0 3184 -375 3183 1 6256 6356 0 2 0"
      ;;
    48)
      test-tcas  "1584 1 0 -10000 -72 -10001 1 4336 4436 0 2 0"
      ;;
    49)
      test-tcas  "-2350 0 0 2384 -1200 2512 0 48 -560 0 2 0"
      ;;
    50)
      test-tcas  "-2956 1 0 7312 7975 6640 0 -1936 208 0 1 0"
      ;;
    51)
      test-tcas  "-4799 1 0 2288 1379 -1936 0 6896 272 0 2 0"
      ;;
    52)
      test-tcas  "-566 1 0 -1936 -8192 6160 0 -6128 6352 0 2 0"
      ;;
    53)
      test-tcas  "-6080 1 0 8400 456 1488 0 240 -816 0 2 0"
      ;;
    54)
      test-tcas  "10000 1 0 -9680 0 -1936 0 -10000 -1840 0 1 0"
      ;;
    55)
      test-tcas  "650 1 0 2384 1 2385 0 -559 -560 0 2 0"
      ;;
    56)
      test-tcas  "644 1 0 7312 176 7313 0 209 208 0 2 0"
      ;;
    57)
      test-tcas  "601 1 0 2288 180 2287 0 6896 6996 0 2 0"
      ;;
    58)
      test-tcas  "634 1 0 -1936 -391 -1937 0 400 500 0 2 0"
      ;;
    59)
      test-tcas  "1120 1 0 8400 457 8401 0 -815 -816 0 2 0"
      ;;
    60)
      test-tcas  "1600 1 0 -9680 1 -9679 0 -1839 -1840 0 2 0"
      ;;
    61)
      test-tcas  "-1160 0 0 -1808 -4032 7280 2 8208 6320 0 2 0"
      ;;
    62)
      test-tcas  "-1776 1 0 2288 -256 6256 2 6386 -10000 0 1 0"
      ;;
    63)
      test-tcas  "-2952 1 0 7280 219 6224 2 -3792 -10000 0 2 0"
      ;;
    64)
      test-tcas  "1 1 0 -624 2301 -9776 2 656 6352 0 2 0"
      ;;
    65)
      test-tcas  "6384 1 0 -10000 -7873 -1936 2 4336 -10000 0 1 0"
      ;;
    66)
      test-tcas  "640 1 0 -1808 -431 -1809 2 8208 8308 0 2 0"
      ;;
    67)
      test-tcas  "624 1 0 2288 -255 2287 2 6386 6486 0 2 0"
      ;;
    68)
      test-tcas  "648 1 0 7280 220 7281 2 -9999 -10000 0 2 0"
      ;;
    69)
      test-tcas  "1201 1 0 -624 502 -625 2 656 756 0 2 0"
      ;;
    70)
      test-tcas  "1584 1 0 -10000 -72 -10001 2 4336 4436 0 2 0"
      ;;
    71)
      test-tcas  "-576 0 0 -1936 0 4336 0 32 2288 0 2 0"
      ;;
    72)
      test-tcas  "-9576 1 0 -64 8951 -1904 0 48 7776 0 1 0"
      ;;
    73)
      test-tcas  "-1151 1 0 2448 -8192 -9008 0 6384 6256 0 2 0"
      ;;
    74)
      test-tcas  "-2976 1 0 3184 -510 -6368 0 80 16 0 2 0"
      ;;
    75)
      test-tcas  "7352 1 0 -10000 6384 -10000 0 208 8304 0 2 0"
      ;;
    76)
      test-tcas  "-8192 1 0 -5984 8960 -1872 0 -2320 -10000 0 1 0"
      ;;
    77)
      test-tcas  "624 1 0 -1936 1 -1937 0 400 500 0 2 0"
      ;;
    78)
      test-tcas  "624 1 0 -64 552 -65 0 400 500 0 2 0"
      ;;
    79)
      test-tcas  "649 1 0 2448 -391 2447 0 6384 6484 0 2 0"
      ;;
    80)
      test-tcas  "624 1 0 3184 -509 3185 0 17 16 0 2 0"
      ;;
    81)
      test-tcas  "1352 1 0 -10000 385 -10001 0 400 500 0 2 0"
      ;;
    82)
      test-tcas  "808 1 0 -5984 561 -5983 0 -9999 -10000 0 2 0"
      ;;
    83)
      test-tcas  "-4792 0 0 6128 9153 -6384 3 208 6256 0 2 0"
      ;;
    84)
      test-tcas  "-560 1 0 -1552 4455 6256 3 48 6256 0 1 0"
      ;;
    85)
      test-tcas  "-584 1 0 -8304 7108 -8208 3 6320 10000 0 2 0"
      ;;
    86)
      test-tcas  "-2976 1 0 -10000 -510 -6384 3 240 112 0 2 0"
      ;;
    87)
      test-tcas  "-8192 1 0 5200 -9632 -1552 3 464 6384 0 2 0"
      ;;
    88)
      test-tcas  "3192 1 0 -6032 -1407 -816 3 6160 -1456 0 1 0"
      ;;
    89)
      test-tcas  "608 1 0 6128 154 6127 3 740 840 0 2 0"
      ;;
    90)
      test-tcas  "640 1 0 -1552 256 -1553 3 740 840 0 2 0"
      ;;
    91)
      test-tcas  "616 1 0 -8304 509 -8305 3 6320 6420 0 2 0"
      ;;
    92)
      test-tcas  "624 1 0 -10000 -509 -9999 3 113 112 0 2 0"
      ;;
    93)
      test-tcas  "808 1 0 5200 -31 5199 3 740 840 0 2 0"
      ;;
    94)
      test-tcas  "1392 1 0 -6032 -206 -6033 3 6160 6260 0 2 0"
      ;;
    95)
      test-tcas  "-2350 0 0 2384 -1200 2512 1 48 -560 0 2 0"
      ;;
    96)
      test-tcas  "-2956 1 0 7312 7975 6640 1 -1936 208 0 1 0"
      ;;
    97)
      test-tcas  "-6560 1 0 -6320 1185 2288 1 8368 -3824 0 2 0"
      ;;
    98)
      test-tcas  "-6579 1 0 3184 6076 6320 1 -5296 8304 0 2 0"
      ;;
    99)
      test-tcas  "-6080 1 0 8400 456 1488 1 240 -816 0 2 0"
      ;;
    100)
      test-tcas  "-8176 1 0 -10000 6391 2640 1 3248 3312 0 1 0"
      ;;
    101)
      test-tcas  "650 1 0 2384 1 2385 1 -559 -560 0 2 0"
      ;;
    102)
      test-tcas  "644 1 0 7312 176 7313 1 209 208 0 2 0"
      ;;
    103)
      test-tcas  "640 1 0 -6320 586 -6321 1 8368 8468 0 2 0"
      ;;
    104)
      test-tcas  "621 1 0 3184 77 3183 1 500 600 0 2 0"
      ;;
    105)
      test-tcas  "1120 1 0 8400 457 8401 1 -815 -816 0 2 0"
      ;;
    106)
      test-tcas  "824 1 0 -10000 392 -10001 1 3248 3348 0 2 0"
      ;;
    107)
      test-tcas  "-2350 0 0 2384 -1200 2512 3 48 -560 0 2 0"
      ;;
    108)
      test-tcas  "-2956 1 0 7312 7975 6640 3 -1936 208 0 1 0"
      ;;
    109)
      test-tcas  "-8960 1 0 6352 7792 2288 3 1264 144 0 2 0"
      ;;
    110)
      test-tcas  "-8950 1 0 -4880 6384 3984 3 416 3184 0 2 0"
      ;;
    111)
      test-tcas  "-6080 1 0 2256 460 1360 3 736 -1392 0 2 0"
      ;;
    112)
      test-tcas  "-8704 1 0 -8304 -560 -10000 3 -9040 -9504 0 1 0"
      ;;
    113)
      test-tcas  "650 1 0 2384 1 2385 3 -559 -560 0 2 0"
      ;;
    114)
      test-tcas  "644 1 0 7312 176 7313 3 209 208 0 2 0"
      ;;
    115)
      test-tcas  "640 1 0 6352 593 6351 3 1264 1364 0 2 0"
      ;;
    116)
      test-tcas  "650 1 0 -4880 385 -4881 3 740 840 0 2 0"
      ;;
    117)
      test-tcas  "1120 1 0 2256 461 2257 3 -1391 -1392 0 2 0"
      ;;
    118)
      test-tcas  "896 1 0 -8304 -559 -8303 3 -9503 -9504 0 2 0"
      ;;
esac
