#!/bin/bash
set -euo pipefail
SCRIPT_DIR=$(cd "$(dirname "${BASH_SOURCE[0]}")" && pwd)
test-tcas () {
    diff -q <(${ANGELIX_RUN:-eval} ./tcas $1) <($SCRIPT_DIR/../golden/tcas $1) > /dev/null
}

case "$1" in
    1)
      test-tcas  "3252 1 0 3312 -2620 240 3 740 6256 0 2 1"
      ;;
    2)
      test-tcas  "1248 1 0 6336 -1329 6320 3 2288 2864 0 2 1"
      ;;
    3)
      test-tcas  "156 1 0 -8411 -484 -9948 0 6268 6384 0 2 1"
      ;;
    4)
      test-tcas  "272 1 0 8889 464 8888 0 7196 7408 0 2 1"
      ;;
    5)
      test-tcas  "247 1 0 -2855 550 -6439 3 6268 9388 0 2 0"
      ;;
    6)
      test-tcas  "225 1 0 4336 -681 -1936 3 2100 2288 0 2 1"
      ;;
    7)
      test-tcas  "-1886 1 0 -1872 150 -2832 2 2288 2544 0 2 0"
      ;;
    8)
      test-tcas  "81 1 0 8318 559 8287 2 8344 8416 0 2 0"
      ;;
    9)
      test-tcas  "48 1 0 -1936 -504 -10000 1 4348 6320 0 2 1"
      ;;
    10)
      test-tcas  "316 1 0 3312 316 240 3 740 6256 0 2 1"
      ;;
    11)
      test-tcas  "-40 1 0 6336 -40 6320 3 2288 2864 0 2 1"
      ;;
    12)
      test-tcas  "-164 1 0 -8411 -164 -9948 0 6268 6384 0 2 1"
      ;;
    13)
      test-tcas  "368 1 0 8889 368 8888 0 7196 7408 0 2 1"
      ;;
    14)
      test-tcas  "398 1 0 -2855 398 -6439 3 6268 9388 0 2 0"
      ;;
    15)
      test-tcas  "-228 1 0 4336 -228 -1936 3 2100 2288 0 2 1"
      ;;
    16)
      test-tcas  "-868 1 0 -1872 -868 -2832 2 2288 2544 0 2 0"
      ;;
    17)
      test-tcas  "320 1 0 8318 320 8287 2 8344 8416 0 2 0"
      ;;
    18)
      test-tcas  "-228 1 0 -1936 -228 -10000 1 4348 6320 0 2 1"
      ;;
    19)
      test-tcas  "544 1 0 -9936 602 -9998 3 4848 6256 0 2 1"
      ;;
    20)
      test-tcas  "52 1 0 6320 596 5360 3 8856 9980 0 2 1"
      ;;
    21)
      test-tcas  "9983 1 0 -912 -158 -8368 3 2016 3192 0 2 0"
      ;;
    22)
      test-tcas  "349 1 0 9424 -9564 2288 3 2224 2672 0 2 1"
      ;;
    23)
      test-tcas  "8428 1 0 2288 -8428 -1808 3 740 6320 0 2 0"
      ;;
    24)
      test-tcas  "544 1 0 -9967 602 -9967 3 4848 6256 0 2 1"
      ;;
    25)
      test-tcas  "324 1 0 6320 324 5360 3 8856 9980 0 2 1"
      ;;
    26)
      test-tcas  "4912 1 0 -912 4912 -8368 3 2016 3192 0 2 0"
      ;;
    27)
      test-tcas  "-4607 1 0 9424 -4607 2288 3 2224 2672 0 2 1"
      ;;
    28)
      test-tcas  "0 1 0 2288 0 -1808 3 740 6320 0 2 0"
      ;;
    29)
      test-tcas  "-104 1 0 6352 391 6256 3 2288 6320 0 2 1"
      ;;
    30)
      test-tcas  "9968 1 0 6256 -8944 5264 3 8212 8312 0 2 1"
      ;;
    31)
      test-tcas  "5919 1 0 8416 679 -7952 3 6168 6268 0 2 1"
      ;;
    32)
      test-tcas  "143 1 0 6352 143 6256 3 2288 6320 0 2 1"
      ;;
    33)
      test-tcas  "512 1 0 6256 512 5264 3 8212 8312 0 2 1"
      ;;
    34)
      test-tcas  "5919 1 0 232 679 232 3 6168 6268 0 2 1"
      ;;
    35)
      test-tcas  "-8328 1 0 -1808 6336 -1824 0 6044 6384 0 2 1"
      ;;
    36)
      test-tcas  "4224 1 0 7184 -8864 -9200 0 6392 6640 0 2 0"
      ;;
    37)
      test-tcas  "163 1 0 9847 541 6884 0 4252 6256 0 2 0"
      ;;
    38)
      test-tcas  "3151 1 0 6256 -2719 4320 0 8088 8188 0 2 1"
      ;;
    39)
      test-tcas  "-8328 1 0 -1816 6336 -1816 0 6044 6384 0 2 1"
      ;;
    40)
      test-tcas  "-2320 1 0 7184 -2320 -9200 0 6392 6640 0 2 0"
      ;;
    41)
      test-tcas  "352 1 0 9847 352 6884 0 4252 6256 0 2 0"
      ;;
    42)
      test-tcas  "216 1 0 6256 216 4320 0 8088 8188 0 2 1"
      ;;
    43)
      test-tcas  "-6127 1 0 -8048 7145 -8080 0 1496 1824 0 2 1"
      ;;
    44)
      test-tcas  "2880 1 0 -1936 -1856 -3854 0 7964 8068 0 2 1"
      ;;
    45)
      test-tcas  "-6076 1 0 6384 -140 6320 0 2128 3250 0 2 0"
      ;;
    46)
      test-tcas  "-9229 1 0 -6064 -6895 -10000 0 3992 6392 0 2 1"
      ;;
    47)
      test-tcas  "-6127 1 0 -8064 7145 -8064 0 1496 1824 0 2 1"
      ;;
    48)
      test-tcas  "512 1 0 -1936 512 -3854 0 7964 8068 0 2 1"
      ;;
    49)
      test-tcas  "-3108 1 0 6384 -3108 6320 0 2128 3250 0 2 0"
      ;;
    50)
      test-tcas  "-8062 1 0 -6064 -8062 -10000 0 3992 6392 0 2 1"
      ;;
    51)
      test-tcas  "-861 1 0 2288 1883 2224 3 6320 9336 0 2 0"
      ;;
    52)
      test-tcas  "-10000 1 0 9330 -7376 6290 3 2196 2300 0 2 1"
      ;;
    53)
      test-tcas  "513 1 0 -1936 7152 -10000 3 741 1008 0 2 1"
      ;;
    54)
      test-tcas  "-861 1 0 2256 1883 2256 3 6320 9336 0 2 0"
      ;;
    55)
      test-tcas  "-8688 1 0 9330 -8688 6290 3 2196 2300 0 2 1"
      ;;
    56)
      test-tcas  "513 1 0 -5968 7152 -5968 3 741 1008 0 2 1"
      ;;
    57)
      test-tcas  "-7604 1 0 240 7276 -7952 3 3868 6768 0 2 1"
      ;;
    58)
      test-tcas  "4864 1 0 3344 -4896 -752 3 6300 7408 0 2 1"
      ;;
    59)
      test-tcas  "84 1 0 -8178 553 -8179 3 2432 8432 0 2 1"
      ;;
    60)
      test-tcas  "397 1 0 -848 -9095 -1936 3 3980 7280 0 2 1"
      ;;
    61)
      test-tcas  "-7604 1 0 -3856 7276 -3856 3 3868 6768 0 2 1"
      ;;
    62)
      test-tcas  "-16 1 0 3344 -16 -752 3 6300 7408 0 2 1"
      ;;
    63)
      test-tcas  "318 1 0 -8178 318 -8179 3 2432 8432 0 2 1"
      ;;
    64)
      test-tcas  "-4349 1 0 -848 -4349 -1936 3 3980 7280 0 2 1"
      ;;
    65)
      test-tcas  "-8644 1 0 1 764 0 2 6256 6256 0 2 0"
      ;;
    66)
      test-tcas  "3760 1 0 -9039 -9888 -9040 2 4316 6320 0 2 1"
      ;;
    67)
      test-tcas  "23 1 0 -9091 581 -9188 2 4604 4721 0 2 1"
      ;;
    68)
      test-tcas  "-3694 1 0 -9104 7282 -9456 2 6396 6396 0 2 0"
      ;;
    69)
      test-tcas  "-8644 1 0 0 764 0 2 6256 6256 0 2 0"
      ;;
    70)
      test-tcas  "-3064 1 0 -9039 -3064 -9040 2 4316 6320 0 2 1"
      ;;
    71)
      test-tcas  "302 1 0 -9091 302 -9188 2 4604 4721 0 2 1"
      ;;
    72)
      test-tcas  "-3694 1 0 -9280 7282 -9280 2 6396 6396 0 2 0"
      ;;
    73)
      test-tcas  "0 1 0 6641 768 -10000 2 752 2288 0 2 1"
      ;;
    74)
      test-tcas  "887 1 0 3440 257 -1968 2 6356 8944 0 2 0"
      ;;
    75)
      test-tcas  "-64 1 0 4336 -392 2288 2 2300 10000 0 2 1"
      ;;
    76)
      test-tcas  "4751 1 0 -1936 2959 -2672 2 6396 8400 0 2 0"
      ;;
    77)
      test-tcas  "0 1 0 -1679 768 -1679 2 752 2288 0 2 1"
      ;;
    78)
      test-tcas  "572 1 0 3440 572 -1968 2 6356 8944 0 2 0"
      ;;
    79)
      test-tcas  "-228 1 0 4336 -228 2288 2 2300 10000 0 2 1"
      ;;
    80)
      test-tcas  "4751 1 0 -2304 2959 -2304 2 6396 8400 0 2 0"
      ;;
    81)
      test-tcas  "-9084 1 0 272 4051 144 1 4444 8432 0 2 1"
      ;;
    82)
      test-tcas  "311 1 0 4337 -885 4336 1 7960 8027 0 2 0"
      ;;
    83)
      test-tcas  "288 1 0 9401 480 7608 1 7100 7161 0 2 0"
      ;;
    84)
      test-tcas  "9970 1 0 -848 6670 -8736 1 6384 6384 0 2 0"
      ;;
    85)
      test-tcas  "-9084 1 0 208 4051 208 1 4444 8432 0 2 1"
      ;;
    86)
      test-tcas  "-287 1 0 4337 -287 4336 1 7960 8027 0 2 0"
      ;;
    87)
      test-tcas  "384 1 0 9401 384 7608 1 7100 7161 0 2 0"
      ;;
    88)
      test-tcas  "9970 1 0 -4792 6670 -4792 1 6384 6384 0 2 0"
      ;;
esac
