'0 0 0
5 3 1 0
'
'0 0 0
5 4 0
1 0
'
'0 0 0
'
'0 0 0
1 0
5 4 0
'
'0 0 0
3 4 0
1 0
'
'0 0 0
5 4 0
'
'0 0 0
6 4 0
4 0
'
'0 0 0
3 4 0
'
'0 0 0
7 4 0
'
'0 0 0
6 4 0
'
'1 0 0
5 4 00
'
'0 0 0
3 4 0
2 9 0
'
'2 0 0
5 4 0
1 0
'
'9 0 0
4 0
4 00
4 0
'
'9 7 0
4 0
2 0 0
4 0
'
'9 0 0
2 0 0
4 0
4 0
'
'9 0 0
'
'9 0 0
1 0
4 0
4 00
'
'9 0 0
3 4 0
4 0
'
'0 0 0
4 0
2 0 0
4 0
'
'1 0 9
2 0 0
4 0
2 0 0
'
'0 0 0
1 0
2 0 0
2 0 0
'
'0 9 8
4 0
2 0 0
4 0
'
'0 0 0
2 0 0
4 0
2 0 00
'
'2 0 0
5 4 0
'
'0 9 4
2 0 0
4 0
2 0 0
'
'0 0 9
4 0
2 0 0
4 0
'
'0 0 0
4 00
2 0 0
4 0
'
'3 0 0
5 4 00
4 0
'
'0 0 0
4 1
2 0 0
4 0
'
'0 0 0
1 4
2 9 0
2 0 0
'
'0 0 0
2 0 00
4 0
2 0 00
'
'0 0 0
4 01
2 0 0
4 00
'
'0 0 0
4 11
2 9 0
4 0
'
'0 1 0
1 3
2 0 0
2 0 0
'
'1 0 0
6 4 0
4 0
'
'0 0 0
2 1 0
4 0
2 0 0
'
'1 0 0
3 4 00
'
'1 0 0
3 4 00
4 0
'
'0 0 1
6 4 0
1 0
'
'0 0 2
1 2
2 0 0
2 0 0
'
'1 0 1
2 1 0
4 0
2 0 0
'
'0 0 3
1 2
2 0 0
2 0 0
'
'0 2 1
2 1 0
4 00
2 0 0
'
'1 0 2
2 1 10
4 0
2 0 0
'
'0 3 1
2 1 0
4 0
2 0 0
'
'0 0 2
3 4 0
'
