#!/bin/bash
set -euo pipefail
SCRIPT_DIR=$(cd "$(dirname "${BASH_SOURCE[0]}")" && pwd)
test-tcas () {
    diff -q <(${ANGELIX_RUN:-eval} ./tcas $1) <($SCRIPT_DIR/../golden/tcas $1) > /dev/null
}

case "$1" in
    1)
      test-tcas  "0 0 0 0 0 0 0 0 0 0 1 0"
      ;;
    2)
      test-tcas  "2272 1 0 6096 16 4336 0 -10000 6256 0 1 0"
      ;;
    3)
      test-tcas  "8368 1 1 16 -9104 2288 0 -52 5872 0 2 0"
      ;;
    4)
      test-tcas  "10000 1 1 5872 112 -5104 0 -8292 -10000 0 2 0"
      ;;
    5)
      test-tcas  "4048 1 1 -1762 288 -1762 0 -2276 -2192 0 2 0"
      ;;
    6)
      test-tcas  "6264 1 1 -3120 240 -10000 2 -8292 -3856 0 2 0"
      ;;
    7)
      test-tcas  "2288 1 1 2289 -8336 -5968 2 -60 -56 0 2 0"
      ;;
    8)
      test-tcas  "6368 1 1 -9991 240 -10000 3 2301 2400 0 2 0"
      ;;
    9)
      test-tcas  "2256 1 1 2545 240 2048 1 6396 6492 0 2 0"
      ;;
    10)
      test-tcas  "1016 1 1 6321 -6032 6320 2 6268 6368 0 2 0"
      ;;
    11)
      test-tcas  "6416 1 1 -10000 -7088 -9999 2 -104 -96 0 2 0"
      ;;
    12)
      test-tcas  "6264 1 1 -3120 240 -10000 0 -8292 -3856 0 2 0"
      ;;
    13)
      test-tcas  "2288 1 1 2289 -8336 -5968 1 -60 -56 0 2 0"
      ;;
    14)
      test-tcas  "1016 1 1 -1872 -6416 -5904 0 8828 9396 0 2 0"
      ;;
    15)
      test-tcas  "2288 1 1 2289 -8336 -5968 0 -60 -56 0 2 0"
      ;;
    16)
      test-tcas  "2288 1 1 -1935 -10000 -1952 2 6381 6464 0 2 0"
      ;;
    17)
      test-tcas  "6416 1 1 -10000 -7088 -9999 3 -104 -96 0 2 0"
      ;;
    18)
      test-tcas  "2288 1 1 2289 -8336 -5968 3 -60 -56 0 2 0"
      ;;
    19)
      test-tcas  "2288 1 1 7281 336 6208 0 1949 2048 0 2 0"
      ;;
    20)
      test-tcas  "3184 1 1 2288 80 5872 2 6368 6432 0 2 0"
      ;;
    21)
      test-tcas  "2288 1 1 -8048 80 -6032 1 1932 1932 0 2 0"
      ;;
    22)
      test-tcas  "6416 1 1 -10000 -7088 -9999 1 -104 -96 0 2 0"
      ;;
    23)
      test-tcas  "6416 1 1 -10000 -7088 -9999 0 -104 -96 0 2 0"
      ;;
    24)
      test-tcas  "6264 1 1 -3120 240 -10000 1 -8292 -3856 0 2 0"
      ;;
    25)
      test-tcas  "4920 1 1 -1936 80 -5936 1 6268 6768 0 2 0"
      ;;
    26)
      test-tcas  "4344 1 1 -912 -1456 -1808 3 8828 9200 0 2 0"
      ;;
    27)
      test-tcas  "6264 1 1 -3120 240 -10000 3 -8292 -3856 0 2 0"
      ;;
    28)
      test-tcas  "3184 1 1 -1712 -5008 -1583 2 -8 -6416 0 2 0"
      ;;
    29)
      test-tcas  "2288 1 1 80 80 752 2 2300 752 0 2 0"
      ;;
    30)
      test-tcas  "5296 1 1 2288 -1968 6385 0 1924 1925 0 2 0"
      ;;
    31)
      test-tcas  "3184 1 1 -1712 -5008 -1583 3 -8 -6416 0 2 0"
      ;;
    32)
      test-tcas  "752 1 1 -10000 -1936 -9104 0 8076 2288 0 2 0"
      ;;
    33)
      test-tcas  "3184 1 1 -1712 -5008 -1583 0 -8 -6416 0 2 0"
      ;;
    34)
      test-tcas  "3184 1 1 -1712 -5008 -1583 1 -8 -6416 0 2 0"
      ;;
    35)
      test-tcas  "2288 1 1 -9136 80 -6416 3 8416 8484 0 2 0"
      ;;
    36)
      test-tcas  "2288 1 1 -9104 336 -1808 1 2300 501 0 2 0"
      ;;
    37)
      test-tcas  "3312 1 1 3280 -6320 4336 3 8312 4336 0 2 1"
      ;;
esac
