#!/bin/bash
set -euo pipefail
SCRIPT_DIR=$(cd "$(dirname "${BASH_SOURCE[0]}")" && pwd)
test-tcas () {
    diff -q <(${ANGELIX_RUN:-eval} ./tcas $1) <($SCRIPT_DIR/../golden/tcas $1) > /dev/null
}

case "$1" in
    1)
      test-tcas  "3192 1 1 -1936 80 -2992 1 508 8176 0 2 0"
      ;;
    2)
      test-tcas  "1016 1 1 -6032 -10000 -7952 2 668 672 0 2 0"
      ;;
    3)
      test-tcas  "2288 1 1 -2032 80 -240 2 7280 672 0 2 1"
      ;;
    4)
      test-tcas  "624 1 1 -10000 -10000 -9998 1 10000 536 0 2 1"
      ;;
    5)
      test-tcas  "3192 1 1 -1936 80 -2992 2 648 8316 0 2 0"
      ;;
    6)
      test-tcas  "1016 1 1 -6032 -10000 -7952 3 768 772 0 2 0"
      ;;
    7)
      test-tcas  "2288 1 1 -2032 80 -240 3 7380 772 0 2 1"
      ;;
    8)
      test-tcas  "624 1 1 -10000 -10000 -9998 2 10140 676 0 2 1"
      ;;
    9)
      test-tcas  "2920 1 1 6256 80 2256 -2 501 501 0 2 0"
      ;;
    10)
      test-tcas  "6392 1 1 240 32 -1840 1 -8316 8048 0 2 0"
      ;;
    11)
      test-tcas  "6328 1 1 -1200 -10000 -1968 1 6262 6262 0 2 0"
      ;;
    12)
      test-tcas  "8424 1 1 3344 -6032 3232 -2 -266 -16 0 2 1"
      ;;
    13)
      test-tcas  "6392 1 1 240 32 -1840 2 -8176 8188 0 2 0"
      ;;
    14)
      test-tcas  "6328 1 1 -1200 -10000 -1968 2 6402 6402 0 2 0"
      ;;
    15)
      test-tcas  "1016 1 1 3248 528 -1072 -4 641 641 0 2 0"
      ;;
    16)
      test-tcas  "3112 1 1 2292 -6112 2288 2 2288 2400 0 2 1"
      ;;
    17)
      test-tcas  "2168 1 1 -9999 -10000 -10000 2 -8292 6364 0 2 0"
      ;;
    18)
      test-tcas  "7544 1 1 3313 -6416 2288 1 -202 -100 0 2 1"
      ;;
    19)
      test-tcas  "3112 1 1 2292 -6112 2288 3 2388 2500 0 2 1"
      ;;
    20)
      test-tcas  "2168 1 1 -9999 -10000 -10000 3 -8192 6464 0 2 0"
      ;;
    21)
      test-tcas  "7544 1 1 3313 -6416 2288 2 -62 40 0 2 1"
      ;;
    22)
      test-tcas  "7408 1 1 -10000 112 5808 -4 8000 660 0 2 1"
      ;;
    23)
      test-tcas  "3280 1 1 -6000 -10000 -1872 2 8084 6264 0 2 1"
      ;;
    24)
      test-tcas  "6256 1 1 -5488 368 -1359 2 -108 -108 0 2 1"
      ;;
    25)
      test-tcas  "3296 1 1 -10000 336 -9999 1 -8290 -50 0 2 0"
      ;;
    26)
      test-tcas  "3280 1 1 -6000 -10000 -1872 3 8184 6364 0 2 1"
      ;;
    27)
      test-tcas  "6256 1 1 -5488 368 -1359 3 -8 -8 0 2 1"
      ;;
    28)
      test-tcas  "3296 1 1 -10000 336 -9999 2 -8150 90 0 2 0"
      ;;
    29)
      test-tcas  "2288 1 1 -10000 -5904 -1551 -2 8084 528 0 2 1"
      ;;
    30)
      test-tcas  "6256 1 1 -10000 -5904 -5968 1 -144 -7696 0 2 0"
      ;;
    31)
      test-tcas  "1136 1 1 -896 528 -48 1 1165 1136 0 2 1"
      ;;
    32)
      test-tcas  "6256 1 1 2160 -10000 2289 0 -8314 -106 0 2 0"
      ;;
    33)
      test-tcas  "6256 1 1 -10000 -5904 -5968 2 -4 -7556 0 2 0"
      ;;
    34)
      test-tcas  "1136 1 1 -896 528 -48 2 1305 1276 0 2 1"
      ;;
    35)
      test-tcas  "6256 1 1 2160 -10000 2289 1 -8214 -6 0 2 0"
      ;;
esac
