#!/bin/bash
set -euo pipefail
SCRIPT_DIR=$(cd "$(dirname "${BASH_SOURCE[0]}")" && pwd)
test-tcas () {
    diff -q <(${ANGELIX_RUN:-eval} ./tcas $1) <($SCRIPT_DIR/../golden/tcas $1) > /dev/null
}

case "$1" in
    1)
      test-tcas  "973 1 214 444 481 6562 3 471 736 1 0 1"
      ;;
    2)
      test-tcas  "489 1 731 753 614 9383 1 372 281 0 1 1"
      ;;
    3)
      test-tcas  "849 0 404 77 718 2655 0 387 469 1 0 0"
      ;;
    4)
      test-tcas  "829 0 316 835 166 630 1 962 463 1 0 1"
      ;;
    5)
      test-tcas  "962 0 696 449 979 9861 2 47 693 0 0 0"
      ;;
    6)
      test-tcas  "79 1 611 342 538 5775 0 82 169 0 1 1"
      ;;
    7)
      test-tcas  "120 1 577 337 879 4972 0 962 920 1 0 0"
      ;;
    8)
      test-tcas  "625 1 501 94 6 7810 2 568 324 1 1 1"
      ;;
    9)
      test-tcas  "346 1 828 881 668 5680 0 936 186 0 0 0"
      ;;
    10)
      test-tcas  "562 1 768 67 272 5648 1 3 616 1 1 0"
      ;;
    11)
      test-tcas  "898 1 95 148 821 1896 3 35 50 1 1 0"
      ;;
    12)
      test-tcas  "783 1 242 819 139 8542 2 390 142 0 1 1"
      ;;
    13)
      test-tcas  "81 0 197 758 73 2035 2 133 736 0 0 0"
      ;;
    14)
      test-tcas  "963 0 131 180 937 3341 2 262 681 0 0 1"
      ;;
    15)
      test-tcas  "645 1 646 28 47 653 3 833 955 0 0 1"
      ;;
    16)
      test-tcas  "381 0 164 781 973 2217 2 205 268 1 0 1"
      ;;
    17)
      test-tcas  "813 1 113 334 917 6291 2 877 218 0 0 0"
      ;;
    18)
      test-tcas  "732 1 374 228 562 969 2 967 991 0 1 0"
      ;;
    19)
      test-tcas  "233 1 810 631 750 897 2 331 649 0 0 0"
      ;;
    20)
      test-tcas  "351 0 643 26 420 529 1 619 167 1 1 1"
      ;;
    21)
      test-tcas  "398 1 37 347 468 4693 3 143 632 1 1 0"
      ;;
    22)
      test-tcas  "522 0 361 548 471 6784 1 467 324 0 0 1"
      ;;
    23)
      test-tcas  "317 0 359 79 573 2856 0 888 801 0 1 0"
      ;;
    24)
      test-tcas  "785 0 806 639 363 6330 1 655 658 1 1 1"
      ;;
    25)
      test-tcas  "498 0 141 808 81 2872 0 784 185 0 0 0"
      ;;
    26)
      test-tcas  "408 1 91 678 224 8276 2 658 877 0 1 0"
      ;;
    27)
      test-tcas  "521 0 444 577 306 3948 0 286 542 0 0 0"
      ;;
    28)
      test-tcas  "444 0 800 165 460 4717 0 136 598 1 1 0"
      ;;
    29)
      test-tcas  "743 1 484 823 432 2326 3 849 185 0 0 0"
      ;;
    30)
      test-tcas  "46 1 651 167 639 4990 1 811 732 0 0 0"
      ;;
    31)
      test-tcas  "946 0 154 823 28 8882 1 682 831 1 1 1"
      ;;
    32)
      test-tcas  "944 1 804 191 748 1335 2 351 498 0 1 1"
      ;;
    33)
      test-tcas  "950 0 332 951 937 7880 1 550 268 0 1 0"
      ;;
    34)
      test-tcas  "273 1 666 306 370 6072 3 443 9 0 1 1"
      ;;
    35)
      test-tcas  "491 1 956 688 189 8227 2 975 896 0 0 1"
      ;;
    36)
      test-tcas  "146 1 296 594 573 2916 0 501 586 0 1 0"
      ;;
esac
