#!/bin/bash
set -euo pipefail
SCRIPT_DIR=$(cd "$(dirname "${BASH_SOURCE[0]}")" && pwd)
test-tcas () {
    diff -q <(${ANGELIX_RUN:-eval} ./tcas $1) <($SCRIPT_DIR/../golden/tcas $1) > /dev/null
}

case "$1" in
    1)
      test-tcas  "967 1 113 880 734 9262 3 810 287 0 1 0"
      ;;
    2)
      test-tcas  "294 0 543 232 274 260 0 765 864 0 1 0"
      ;;
    3)
      test-tcas  "469 0 297 466 276 8692 1 488 468 0 1 0"
      ;;
    4)
      test-tcas  "770 0 642 635 94 2493 2 363 175 1 1 1"
      ;;
    5)
      test-tcas  "556 1 271 168 174 6410 0 693 124 0 1 0"
      ;;
    6)
      test-tcas  "846 0 582 462 138 271 3 681 896 1 0 1"
      ;;
    7)
      test-tcas  "389 0 164 433 267 2845 2 616 176 1 1 1"
      ;;
    8)
      test-tcas  "40 0 259 62 604 4296 2 403 809 0 0 1"
      ;;
    9)
      test-tcas  "895 0 676 433 958 9529 1 203 792 0 1 1"
      ;;
    10)
      test-tcas  "509 1 123 714 338 3785 3 49 474 1 1 0"
      ;;
    11)
      test-tcas  "590 0 23 958 877 580 3 889 61 0 0 1"
      ;;
    12)
      test-tcas  "885 0 811 475 956 445 0 556 712 1 0 1"
      ;;
    13)
      test-tcas  "476 1 285 892 227 7065 1 659 772 1 1 1"
      ;;
    14)
      test-tcas  "444 0 894 853 331 5175 1 390 312 1 0 1"
      ;;
    15)
      test-tcas  "838 1 908 576 492 2038 1 676 846 1 0 0"
      ;;
    16)
      test-tcas  "35 1 132 274 761 1510 3 44 145 0 1 0"
      ;;
    17)
      test-tcas  "984 1 351 677 450 6515 1 923 236 0 0 0"
      ;;
    18)
      test-tcas  "457 0 827 559 371 2319 0 7 116 0 0 0"
      ;;
    19)
      test-tcas  "233 0 128 396 669 9166 3 581 357 1 0 1"
      ;;
    20)
      test-tcas  "211 0 173 874 560 8806 3 547 640 1 0 0"
      ;;
    21)
      test-tcas  "727 1 735 89 916 4988 1 116 339 0 0 1"
      ;;
    22)
      test-tcas  "812 1 706 869 552 3309 1 894 575 0 0 1"
      ;;
    23)
      test-tcas  "863 0 220 661 181 752 0 266 685 1 0 1"
      ;;
    24)
      test-tcas  "109 1 234 973 356 9945 0 662 795 1 0 1"
      ;;
    25)
      test-tcas  "406 0 379 316 218 7467 2 425 121 0 1 0"
      ;;
    26)
      test-tcas  "268 0 862 55 704 9607 1 608 839 0 1 1"
      ;;
    27)
      test-tcas  "590 0 829 496 816 2667 1 107 710 1 1 1"
      ;;
    28)
      test-tcas  "380 1 996 916 759 8342 0 59 313 1 0 1"
      ;;
    29)
      test-tcas  "769 0 463 109 223 7767 0 483 529 1 0 1"
      ;;
    30)
      test-tcas  "864 1 421 337 667 641 3 596 990 1 1 0"
      ;;
    31)
      test-tcas  "431 0 13 380 397 8285 3 182 484 0 1 1"
      ;;
    32)
      test-tcas  "93 0 860 630 249 1655 2 849 778 0 1 0"
      ;;
    33)
      test-tcas  "614 0 741 915 36 7185 0 839 44 1 0 1"
      ;;
    34)
      test-tcas  "943 1 600 926 410 4856 2 474 998 1 1 0"
      ;;
    35)
      test-tcas  "63 1 479 818 553 4117 2 92 986 0 0 1"
      ;;
    36)
      test-tcas  "185 0 81 647 45 4185 3 662 662 0 0 0"
      ;;
esac
