#!/bin/bash
set -euo pipefail
SCRIPT_DIR=$(cd "$(dirname "${BASH_SOURCE[0]}")" && pwd)
test-tcas () {
    diff -q <(${ANGELIX_RUN:-eval} ./tcas $1) <($SCRIPT_DIR/../golden/tcas $1) > /dev/null
}

case "$1" in
    1)
      test-tcas  "965 0 323 209 759 9554 1 790 989 0 0 1"
      ;;
    2)
      test-tcas  "510 0 285 167 735 3983 3 45 85 1 1 0"
      ;;
    3)
      test-tcas  "836 1 777 917 485 4717 1 534 218 0 0 0"
      ;;
    4)
      test-tcas  "101 1 602 70 171 969 1 116 689 1 0 1"
      ;;
    5)
      test-tcas  "433 1 26 397 60 8631 1 75 252 0 1 1"
      ;;
    6)
      test-tcas  "558 1 318 911 607 5873 1 540 628 1 1 1"
      ;;
    7)
      test-tcas  "20 1 519 106 54 4579 1 250 667 1 1 1"
      ;;
    8)
      test-tcas  "678 1 637 728 725 1123 3 897 661 0 0 1"
      ;;
    9)
      test-tcas  "132 1 418 202 617 7213 3 223 224 1 0 0"
      ;;
    10)
      test-tcas  "167 1 64 338 921 2135 2 899 747 1 1 0"
      ;;
    11)
      test-tcas  "420 1 421 383 730 1839 3 859 569 1 0 0"
      ;;
    12)
      test-tcas  "167 0 538 670 379 7775 1 331 736 0 0 0"
      ;;
    13)
      test-tcas  "355 0 878 243 697 9373 3 93 595 0 0 1"
      ;;
    14)
      test-tcas  "929 0 981 718 839 8426 3 766 356 1 1 1"
      ;;
    15)
      test-tcas  "923 1 996 426 341 1453 0 935 310 0 0 0"
      ;;
    16)
      test-tcas  "857 1 166 512 666 7399 2 831 496 1 0 0"
      ;;
    17)
      test-tcas  "641 0 170 70 649 2708 2 2 328 0 1 0"
      ;;
    18)
      test-tcas  "403 1 87 741 60 3935 3 28 990 1 1 0"
      ;;
    19)
      test-tcas  "520 1 741 321 838 9675 1 695 324 1 0 1"
      ;;
    20)
      test-tcas  "554 0 241 902 537 8531 1 378 401 1 1 0"
      ;;
    21)
      test-tcas  "810 1 718 919 76 8354 1 434 80 1 0 1"
      ;;
    22)
      test-tcas  "872 0 487 136 13 3840 2 397 529 0 0 1"
      ;;
    23)
      test-tcas  "653 0 257 119 341 4887 2 563 950 0 0 0"
      ;;
    24)
      test-tcas  "341 1 409 115 113 6892 0 160 627 1 0 0"
      ;;
    25)
      test-tcas  "985 1 948 455 141 6368 1 834 878 0 0 0"
      ;;
    26)
      test-tcas  "481 0 342 630 553 860 2 474 544 1 1 1"
      ;;
    27)
      test-tcas  "300 1 189 123 80 1266 2 583 298 1 0 0"
      ;;
    28)
      test-tcas  "472 1 489 759 698 7130 1 422 296 0 1 0"
      ;;
    29)
      test-tcas  "127 1 201 973 504 1450 0 10 546 0 0 0"
      ;;
    30)
      test-tcas  "259 0 780 760 663 915 3 775 774 0 0 0"
      ;;
    31)
      test-tcas  "327 1 478 394 700 319 0 179 618 1 0 1"
      ;;
    32)
      test-tcas  "886 1 417 66 544 6144 1 56 581 1 1 0"
      ;;
    33)
      test-tcas  "571 0 703 583 382 4020 0 631 392 0 1 1"
      ;;
    34)
      test-tcas  "512 1 246 29 658 7885 1 243 232 0 1 1"
      ;;
    35)
      test-tcas  "590 0 436 980 450 5255 0 759 672 1 1 1"
      ;;
    36)
      test-tcas  "866 0 386 290 871 3025 2 399 183 1 1 0"
      ;;
esac
