#!/bin/bash
set -euo pipefail
SCRIPT_DIR=$(cd "$(dirname "${BASH_SOURCE[0]}")" && pwd)
test-tcas () {
    diff -q <(${ANGELIX_RUN:-eval} ./tcas $1) <($SCRIPT_DIR/../golden/tcas $1) > /dev/null
}

case "$1" in
    1)
      test-tcas  "212 1 182 730 323 901 0 290 349 1 0 1"
      ;;
    2)
      test-tcas  "264 0 953 450 890 9251 0 59 225 1 0 0"
      ;;
    3)
      test-tcas  "632 0 229 153 500 7269 1 330 170 1 0 0"
      ;;
    4)
      test-tcas  "774 0 637 453 367 9092 3 192 162 0 1 1"
      ;;
    5)
      test-tcas  "975 0 516 444 968 7773 1 463 633 1 0 1"
      ;;
    6)
      test-tcas  "535 1 264 416 708 6183 2 830 764 0 0 0"
      ;;
    7)
      test-tcas  "706 0 769 786 158 9514 2 600 227 0 1 0"
      ;;
    8)
      test-tcas  "493 1 11 208 686 2771 3 366 455 1 1 1"
      ;;
    9)
      test-tcas  "264 0 978 338 844 3291 2 918 831 1 1 1"
      ;;
    10)
      test-tcas  "194 0 904 893 786 5916 2 431 908 1 0 1"
      ;;
    11)
      test-tcas  "70 0 608 293 249 6966 2 147 793 1 1 0"
      ;;
    12)
      test-tcas  "796 0 260 530 216 2631 3 663 193 1 0 0"
      ;;
    13)
      test-tcas  "62 1 339 788 319 7792 0 307 364 0 1 1"
      ;;
    14)
      test-tcas  "193 0 822 833 335 2626 2 165 235 0 1 1"
      ;;
    15)
      test-tcas  "982 1 725 265 729 6623 0 895 435 1 0 0"
      ;;
    16)
      test-tcas  "564 1 105 447 200 2845 3 719 633 0 0 1"
      ;;
    17)
      test-tcas  "841 1 411 140 464 9440 0 732 778 0 0 0"
      ;;
    18)
      test-tcas  "935 1 706 794 194 462 1 140 183 0 1 1"
      ;;
    19)
      test-tcas  "276 0 796 884 33 4123 3 963 244 0 0 0"
      ;;
    20)
      test-tcas  "569 1 596 727 913 3531 1 363 674 0 0 1"
      ;;
    21)
      test-tcas  "742 1 268 883 650 2892 0 945 612 1 1 1"
      ;;
    22)
      test-tcas  "258 1 654 484 776 963 3 115 781 0 1 0"
      ;;
    23)
      test-tcas  "744 0 412 659 952 3361 1 988 37 0 0 0"
      ;;
    24)
      test-tcas  "852 1 953 660 58 6002 2 284 120 1 1 1"
      ;;
    25)
      test-tcas  "542 0 820 334 72 3619 0 189 307 0 1 0"
      ;;
    26)
      test-tcas  "581 1 565 175 287 9897 0 345 811 0 0 0"
      ;;
    27)
      test-tcas  "58 1 386 424 163 9275 2 842 344 1 0 0"
      ;;
    28)
      test-tcas  "12 0 887 485 203 4935 0 435 97 1 0 0"
      ;;
    29)
      test-tcas  "901 1 234 322 667 2902 1 149 653 0 0 0"
      ;;
    30)
      test-tcas  "706 1 759 497 745 8515 3 941 865 0 0 1"
      ;;
    31)
      test-tcas  "729 1 656 89 925 8795 1 215 682 0 0 1"
      ;;
    32)
      test-tcas  "901 1 886 934 742 2459 2 709 131 0 1 1"
      ;;
    33)
      test-tcas  "400 0 698 378 951 8487 1 552 264 1 0 1"
      ;;
    34)
      test-tcas  "792 0 312 116 275 4212 1 221 817 0 1 0"
      ;;
    35)
      test-tcas  "592 0 290 641 427 4951 1 586 618 0 0 1"
      ;;
    36)
      test-tcas  "239 1 980 407 901 9146 2 354 392 0 1 1"
      ;;
esac
