#!/bin/bash
set -euo pipefail
SCRIPT_DIR=$(cd "$(dirname "${BASH_SOURCE[0]}")" && pwd)
test-tcas () {
    diff -q <(${ANGELIX_RUN:-eval} ./tcas $1) <($SCRIPT_DIR/../golden/tcas $1) > /dev/null
}

case "$1" in
    1)
      test-tcas  "851 0 240 812 486 6290 2 847 56 1 1 1"
      ;;
    2)
      test-tcas  "748 0 789 208 631 2736 2 628 803 0 0 0"
      ;;
    3)
      test-tcas  "794 1 365 647 485 2677 0 120 554 1 0 0"
      ;;
    4)
      test-tcas  "732 0 731 924 953 6879 2 975 834 1 0 1"
      ;;
    5)
      test-tcas  "772 1 977 550 349 1829 3 95 675 0 0 0"
      ;;
    6)
      test-tcas  "752 1 770 354 944 4667 0 483 139 1 0 0"
      ;;
    7)
      test-tcas  "287 1 655 787 543 1976 2 301 380 0 0 1"
      ;;
    8)
      test-tcas  "695 1 511 959 95 891 3 719 271 0 1 0"
      ;;
    9)
      test-tcas  "609 1 526 358 966 651 3 365 832 0 1 1"
      ;;
    10)
      test-tcas  "953 1 451 45 843 5860 3 253 529 1 1 1"
      ;;
    11)
      test-tcas  "278 1 371 703 45 9312 0 6 862 0 1 1"
      ;;
    12)
      test-tcas  "402 1 804 453 527 2219 2 945 707 1 1 0"
      ;;
    13)
      test-tcas  "803 0 593 653 890 3152 3 232 428 1 1 0"
      ;;
    14)
      test-tcas  "353 0 826 73 364 3882 1 711 969 1 0 1"
      ;;
    15)
      test-tcas  "670 0 867 862 991 606 0 375 910 1 1 0"
      ;;
    16)
      test-tcas  "699 1 534 577 45 2860 0 549 841 1 0 0"
      ;;
    17)
      test-tcas  "1 1 481 248 182 9545 0 850 354 0 1 0"
      ;;
    18)
      test-tcas  "746 0 4 8 818 2196 2 815 543 0 1 1"
      ;;
    19)
      test-tcas  "487 0 689 197 865 9644 0 773 10 0 1 1"
      ;;
    20)
      test-tcas  "458 0 663 102 155 5762 2 31 145 0 1 0"
      ;;
    21)
      test-tcas  "441 1 608 544 706 2922 1 832 785 1 1 0"
      ;;
    22)
      test-tcas  "90 0 229 493 355 8167 2 723 268 1 0 1"
      ;;
    23)
      test-tcas  "73 0 440 595 305 6946 1 35 449 1 1 1"
      ;;
    24)
      test-tcas  "451 1 245 179 703 499 0 58 332 1 1 1"
      ;;
    25)
      test-tcas  "353 0 93 694 551 7681 2 236 718 0 1 1"
      ;;
    26)
      test-tcas  "264 1 341 886 25 163 1 286 553 1 0 1"
      ;;
    27)
      test-tcas  "57 0 458 110 653 1495 1 561 550 1 0 0"
      ;;
    28)
      test-tcas  "363 0 671 221 750 5548 3 254 195 0 0 1"
      ;;
    29)
      test-tcas  "859 0 910 241 80 8295 0 138 274 1 0 0"
      ;;
    30)
      test-tcas  "706 0 177 750 846 8759 0 505 793 0 0 1"
      ;;
    31)
      test-tcas  "567 1 817 405 879 303 3 750 405 1 1 1"
      ;;
    32)
      test-tcas  "428 1 602 380 206 2174 2 710 330 1 1 0"
      ;;
    33)
      test-tcas  "872 1 100 729 114 3440 3 311 242 0 1 1"
      ;;
    34)
      test-tcas  "425 1 419 694 379 7045 3 468 600 1 1 1"
      ;;
    35)
      test-tcas  "195 1 139 901 396 841 2 291 616 0 0 1"
      ;;
    36)
      test-tcas  "193 0 98 116 714 4908 3 713 237 1 0 1"
      ;;
esac
