#!/bin/bash
set -euo pipefail
SCRIPT_DIR=$(cd "$(dirname "${BASH_SOURCE[0]}")" && pwd)
test-tcas () {
    diff -q <(${ANGELIX_RUN:-eval} ./tcas $1) <($SCRIPT_DIR/../golden/tcas $1) > /dev/null
}

case "$1" in
    1)
      test-tcas  "254 0 624 333 331 6087 3 379 361 1 1 0"
      ;;
    2)
      test-tcas  "443 1 476 785 139 3643 1 41 717 0 0 0"
      ;;
    3)
      test-tcas  "115 0 254 648 777 6553 2 332 565 0 0 0"
      ;;
    4)
      test-tcas  "254 0 783 401 763 1566 3 101 139 1 0 1"
      ;;
    5)
      test-tcas  "500 1 818 540 587 1925 0 409 314 1 1 0"
      ;;
    6)
      test-tcas  "727 1 423 980 69 8661 1 349 242 0 0 0"
      ;;
    7)
      test-tcas  "803 0 130 53 777 5847 1 546 8 0 0 0"
      ;;
    8)
      test-tcas  "439 0 964 638 743 945 1 725 941 1 1 1"
      ;;
    9)
      test-tcas  "248 1 696 563 161 6069 2 358 964 0 0 0"
      ;;
    10)
      test-tcas  "168 0 215 38 127 6474 3 77 978 1 1 0"
      ;;
    11)
      test-tcas  "329 1 819 688 597 9127 1 335 734 1 0 1"
      ;;
    12)
      test-tcas  "123 0 499 561 824 6616 1 688 944 1 0 0"
      ;;
    13)
      test-tcas  "875 0 862 474 323 33 0 38 533 1 0 1"
      ;;
    14)
      test-tcas  "898 0 274 55 179 8787 1 265 885 0 1 0"
      ;;
    15)
      test-tcas  "986 1 126 28 21 5514 1 812 819 0 1 1"
      ;;
    16)
      test-tcas  "532 1 685 455 396 466 1 82 652 0 0 0"
      ;;
    17)
      test-tcas  "373 0 34 21 498 1867 0 826 259 1 1 1"
      ;;
    18)
      test-tcas  "312 1 867 833 313 6771 0 174 375 0 1 0"
      ;;
    19)
      test-tcas  "851 1 574 724 116 972 0 476 611 0 1 1"
      ;;
    20)
      test-tcas  "209 1 80 653 88 6425 3 773 687 0 1 0"
      ;;
    21)
      test-tcas  "995 0 198 493 361 529 3 445 276 1 0 0"
      ;;
    22)
      test-tcas  "77 1 988 279 311 3405 1 380 607 1 0 1"
      ;;
    23)
      test-tcas  "235 1 628 879 187 7071 1 965 532 0 1 1"
      ;;
    24)
      test-tcas  "9 1 666 37 302 4076 1 159 194 0 0 0"
      ;;
    25)
      test-tcas  "883 0 274 775 24 2796 0 67 712 1 0 1"
      ;;
    26)
      test-tcas  "483 1 158 364 606 2121 0 563 377 1 0 1"
      ;;
    27)
      test-tcas  "864 0 199 263 580 9796 2 875 847 1 0 0"
      ;;
    28)
      test-tcas  "185 1 655 841 957 6069 2 360 592 1 0 1"
      ;;
    29)
      test-tcas  "167 1 840 97 832 7711 3 224 512 0 0 0"
      ;;
    30)
      test-tcas  "644 0 628 157 200 6728 1 483 105 1 0 0"
      ;;
    31)
      test-tcas  "268 1 940 965 834 3388 2 149 918 1 0 0"
      ;;
    32)
      test-tcas  "75 1 469 284 963 4318 0 359 174 1 1 0"
      ;;
    33)
      test-tcas  "38 0 373 974 242 3575 1 43 484 1 1 0"
      ;;
    34)
      test-tcas  "49 1 497 423 60 7630 1 653 420 1 0 1"
      ;;
    35)
      test-tcas  "908 1 827 998 674 4228 1 523 420 1 0 0"
      ;;
    36)
      test-tcas  "893 1 369 504 913 9984 3 577 55 0 1 1"
      ;;
esac
