#!/bin/bash
set -euo pipefail
SCRIPT_DIR=$(cd "$(dirname "${BASH_SOURCE[0]}")" && pwd)
test-tcas () {
    diff -q <(${ANGELIX_RUN:-eval} ./tcas $1) <($SCRIPT_DIR/../golden/tcas $1) > /dev/null
}

case "$1" in
    1)
      test-tcas  "947 1 904 958 288 1511 0 772 907 0 0 1"
      ;;
    2)
      test-tcas  "723 0 611 873 430 3103 1 44 254 0 0 1"
      ;;
    3)
      test-tcas  "426 1 20 967 583 4394 0 428 806 0 1 1"
      ;;
    4)
      test-tcas  "726 1 593 317 237 9225 1 418 633 0 0 1"
      ;;
    5)
      test-tcas  "631 1 546 390 607 2176 0 858 566 0 0 1"
      ;;
    6)
      test-tcas  "812 0 721 205 14 6970 1 761 397 0 1 1"
      ;;
    7)
      test-tcas  "60 0 795 832 31 1620 1 206 509 0 1 0"
      ;;
    8)
      test-tcas  "879 1 227 73 550 3324 0 322 301 1 0 1"
      ;;
    9)
      test-tcas  "882 0 955 642 816 65 1 860 956 1 0 1"
      ;;
    10)
      test-tcas  "113 0 892 790 262 5836 0 530 142 1 0 0"
      ;;
    11)
      test-tcas  "803 1 605 6 574 2258 2 969 169 1 0 0"
      ;;
    12)
      test-tcas  "164 0 224 208 883 1177 1 61 797 0 0 1"
      ;;
    13)
      test-tcas  "914 1 708 736 265 576 2 221 531 1 0 0"
      ;;
    14)
      test-tcas  "44 1 929 431 892 9798 0 277 616 1 0 0"
      ;;
    15)
      test-tcas  "44 1 768 149 123 9713 0 679 238 1 1 1"
      ;;
    16)
      test-tcas  "381 1 498 233 715 9022 0 967 540 0 0 1"
      ;;
    17)
      test-tcas  "377 1 106 722 936 9363 2 713 7 0 0 0"
      ;;
    18)
      test-tcas  "902 0 975 422 940 9344 3 545 591 0 1 0"
      ;;
    19)
      test-tcas  "351 0 452 426 80 973 0 326 567 1 1 1"
      ;;
    20)
      test-tcas  "309 1 232 192 71 1272 2 140 617 0 0 0"
      ;;
    21)
      test-tcas  "88 0 308 926 935 7114 2 413 945 1 0 0"
      ;;
    22)
      test-tcas  "897 0 338 764 578 2490 1 224 428 1 0 0"
      ;;
    23)
      test-tcas  "885 1 766 38 568 4526 0 751 797 0 0 0"
      ;;
    24)
      test-tcas  "596 0 828 845 257 7667 0 718 713 1 1 0"
      ;;
    25)
      test-tcas  "503 1 754 144 834 4378 3 754 318 0 1 0"
      ;;
    26)
      test-tcas  "278 1 962 707 152 5702 0 725 368 0 1 0"
      ;;
    27)
      test-tcas  "292 0 885 448 260 5831 3 295 468 0 0 0"
      ;;
    28)
      test-tcas  "501 0 283 931 572 1718 1 327 136 0 1 1"
      ;;
    29)
      test-tcas  "397 0 375 274 364 1417 0 134 546 0 1 1"
      ;;
    30)
      test-tcas  "60 1 67 99 939 3610 2 92 672 1 0 1"
      ;;
    31)
      test-tcas  "558 0 718 796 301 5322 0 747 359 0 1 0"
      ;;
    32)
      test-tcas  "979 1 469 988 496 5440 2 230 446 1 1 1"
      ;;
    33)
      test-tcas  "277 1 81 889 946 8108 1 594 507 0 0 1"
      ;;
    34)
      test-tcas  "849 1 452 54 134 2509 3 555 103 1 0 1"
      ;;
    35)
      test-tcas  "345 0 599 7 837 3943 1 126 542 1 1 0"
      ;;
    36)
      test-tcas  "619 1 823 244 842 5373 1 666 172 1 1 0"
      ;;
esac
