#!/bin/bash
set -euo pipefail
SCRIPT_DIR=$(cd "$(dirname "${BASH_SOURCE[0]}")" && pwd)
test-tcas () {
    diff -q <(${ANGELIX_RUN:-eval} ./tcas $1) <($SCRIPT_DIR/../golden/tcas $1) > /dev/null
}

case "$1" in
    1)
      test-tcas  "551 0 982 820 433 1713 0 146 827 0 0 0"
      ;;
    2)
      test-tcas  "143 0 527 605 830 5626 0 989 690 0 0 1"
      ;;
    3)
      test-tcas  "236 0 644 778 208 4895 2 66 532 1 1 1"
      ;;
    4)
      test-tcas  "486 0 37 559 550 4477 2 483 428 0 1 1"
      ;;
    5)
      test-tcas  "60 0 323 222 986 7275 0 712 302 0 1 1"
      ;;
    6)
      test-tcas  "595 0 384 631 644 4556 2 464 405 1 0 1"
      ;;
    7)
      test-tcas  "765 1 929 654 824 1858 1 799 15 1 0 0"
      ;;
    8)
      test-tcas  "182 0 383 216 883 704 1 471 533 1 1 1"
      ;;
    9)
      test-tcas  "712 0 600 473 890 2354 3 256 81 0 0 1"
      ;;
    10)
      test-tcas  "423 0 531 372 519 1605 3 780 409 0 0 0"
      ;;
    11)
      test-tcas  "448 0 74 755 964 6410 2 351 529 1 1 1"
      ;;
    12)
      test-tcas  "850 0 646 113 807 2762 3 228 883 0 1 1"
      ;;
    13)
      test-tcas  "335 1 795 210 735 3906 1 938 158 1 0 1"
      ;;
    14)
      test-tcas  "158 0 181 927 854 8511 1 390 925 1 1 0"
      ;;
    15)
      test-tcas  "3 0 704 954 13 3898 0 858 279 0 1 1"
      ;;
    16)
      test-tcas  "814 1 284 299 49 7898 0 281 422 1 1 1"
      ;;
    17)
      test-tcas  "656 0 899 42 261 6238 3 799 788 0 0 1"
      ;;
    18)
      test-tcas  "610 1 931 287 593 1691 3 14 790 1 0 1"
      ;;
    19)
      test-tcas  "460 0 636 914 66 6446 0 155 602 1 1 0"
      ;;
    20)
      test-tcas  "535 0 709 444 891 363 0 50 549 1 1 0"
      ;;
    21)
      test-tcas  "560 0 348 174 442 4870 2 673 715 0 0 0"
      ;;
    22)
      test-tcas  "611 0 67 624 807 5332 1 1 227 0 1 1"
      ;;
    23)
      test-tcas  "466 0 646 376 115 3710 1 926 371 1 0 0"
      ;;
    24)
      test-tcas  "585 0 112 472 57 8268 1 113 256 1 0 1"
      ;;
    25)
      test-tcas  "820 1 494 728 149 7937 3 929 136 1 1 1"
      ;;
    26)
      test-tcas  "593 0 277 637 246 5774 0 877 718 0 1 0"
      ;;
    27)
      test-tcas  "821 0 15 885 582 8681 3 403 873 1 1 1"
      ;;
    28)
      test-tcas  "216 0 436 3 309 9240 3 416 106 0 1 1"
      ;;
    29)
      test-tcas  "801 0 611 251 926 133 0 519 873 1 0 1"
      ;;
    30)
      test-tcas  "522 1 277 474 371 2181 3 583 468 1 1 1"
      ;;
    31)
      test-tcas  "727 0 371 455 699 3517 2 139 667 1 0 0"
      ;;
    32)
      test-tcas  "29 0 28 120 284 9859 1 918 569 1 0 1"
      ;;
    33)
      test-tcas  "637 1 937 918 352 4190 2 849 276 0 1 1"
      ;;
    34)
      test-tcas  "677 1 843 712 356 8496 2 906 978 0 1 0"
      ;;
    35)
      test-tcas  "266 0 308 684 238 418 1 350 904 0 1 0"
      ;;
    36)
      test-tcas  "240 1 434 948 35 3884 1 181 193 0 1 0"
      ;;
esac
