#!/bin/bash
set -euo pipefail
SCRIPT_DIR=$(cd "$(dirname "${BASH_SOURCE[0]}")" && pwd)
test-tcas () {
    diff -q <(${ANGELIX_RUN:-eval} ./tcas $1) <($SCRIPT_DIR/../golden/tcas $1) > /dev/null
}

case "$1" in
    1)
      test-tcas  "674 1 554 809 459 7895 0 240 421 0 0 1"
      ;;
    2)
      test-tcas  "125 0 938 880 406 9838 1 570 883 1 1 1"
      ;;
    3)
      test-tcas  "90 1 567 189 423 3220 3 850 87 0 0 1"
      ;;
    4)
      test-tcas  "482 1 152 327 19 9307 1 793 192 0 1 1"
      ;;
    5)
      test-tcas  "841 1 841 54 926 3717 1 166 804 0 0 1"
      ;;
    6)
      test-tcas  "970 1 917 341 446 1877 3 829 515 1 0 0"
      ;;
    7)
      test-tcas  "302 1 318 510 791 7908 3 331 206 0 0 0"
      ;;
    8)
      test-tcas  "349 1 944 978 383 9455 2 269 796 1 1 0"
      ;;
    9)
      test-tcas  "707 1 852 155 506 9957 1 613 812 1 1 1"
      ;;
    10)
      test-tcas  "100 1 957 133 947 4821 3 374 723 0 0 1"
      ;;
    11)
      test-tcas  "754 0 700 993 412 8780 2 194 351 0 0 1"
      ;;
    12)
      test-tcas  "80 1 327 867 417 8567 0 770 908 1 1 1"
      ;;
    13)
      test-tcas  "157 0 949 250 185 7757 3 436 321 1 1 1"
      ;;
    14)
      test-tcas  "860 0 463 562 690 9326 0 735 372 0 1 1"
      ;;
    15)
      test-tcas  "686 0 573 507 515 6071 3 419 7 1 0 1"
      ;;
    16)
      test-tcas  "392 0 785 456 466 9622 0 4 733 0 0 0"
      ;;
    17)
      test-tcas  "425 1 88 831 117 5251 1 803 498 0 1 0"
      ;;
    18)
      test-tcas  "878 0 350 336 427 2119 1 252 741 0 0 1"
      ;;
    19)
      test-tcas  "288 0 986 795 456 6969 3 291 447 0 0 0"
      ;;
    20)
      test-tcas  "987 0 460 441 919 3594 2 682 17 1 0 1"
      ;;
    21)
      test-tcas  "35 1 404 584 824 629 2 253 596 0 1 1"
      ;;
    22)
      test-tcas  "804 1 818 866 898 6420 2 380 177 0 1 0"
      ;;
    23)
      test-tcas  "313 0 730 586 659 1829 3 297 321 0 0 1"
      ;;
    24)
      test-tcas  "147 0 67 15 154 9888 2 356 680 0 0 0"
      ;;
    25)
      test-tcas  "472 1 88 146 238 5233 3 818 718 1 1 1"
      ;;
    26)
      test-tcas  "138 0 778 880 75 6144 2 442 83 0 0 0"
      ;;
    27)
      test-tcas  "175 1 913 396 139 7913 2 849 974 1 1 1"
      ;;
    28)
      test-tcas  "173 0 215 211 455 8068 3 458 548 0 0 0"
      ;;
    29)
      test-tcas  "66 0 47 327 94 1708 1 714 58 0 0 1"
      ;;
    30)
      test-tcas  "661 1 448 852 123 8894 0 322 766 1 0 1"
      ;;
    31)
      test-tcas  "3 1 78 528 137 5677 1 321 979 1 0 0"
      ;;
    32)
      test-tcas  "184 1 644 796 391 5866 0 19 677 0 0 0"
      ;;
    33)
      test-tcas  "610 1 849 255 170 2170 3 99 115 0 1 1"
      ;;
    34)
      test-tcas  "962 1 601 749 587 2748 1 593 617 1 0 0"
      ;;
    35)
      test-tcas  "185 1 354 749 343 2596 2 900 404 0 1 0"
      ;;
    36)
      test-tcas  "749 1 865 243 187 8487 0 588 784 0 1 0"
      ;;
esac
