'0 0 0
7 4 0
4 0
'
'0 0 0
'
'0 0 0
6 4 0
4 0
'
'0 0 0
3 4 0
4 0
'
'0 0 0
5 4 0
4 0
'
'1 0 0
5 4 00
4 0
'
'0 0 0
1 4
4 0
4 0
'
'9 0 0
1 0
4 0
4 0
'
'9 0 0
'
'9 0 0
2 0 0
4 0
4 0
'
'9 0 0
4 0
4 0
4 0
'
'9 4 0
3 4 00
4 0
'
'0 0 0
4 0
4 0
4 0
'
'0 0 9
3 4 0
4 0
'
'0 9 1
3 4 0
4 0
'
'1 0 9
3 4 0
4 0
'
'0 0 0
2 0 0
2 0 0
4 00
'
'0 0 0
2 0 0
1 8
4 00
'
'0 0 0
4 00
4 0
4 0
'
'0 0 0
4 1
4 0
4 0
'
'0 0 0
4 01
4 0
4 0
'
'0 0 0
1 0
4 0
4 0
'
'0 0 0
4 11
4 0
4 0
'
'0 1 0
1 3
4 0
4 00
'
'1 0 0
3 4 00
4 0
'
'1 0 0
7 4 0
4 0
'
'0 1 0
3 4 00
4 0
'
'0 0 0
2 0 00
1 0
4 00
'
'0 2 0
5 4 0
4 0
'
'0 2 0
1 3
4 0
4 0
'
'3 0 0
5 4 0
4 0
'
'0 0 0
2 1 0
1 8
4 0
'
'0 3 0
1 3
4 00
4 0
'
'0 1 1
2 1 0
4 0
4 0
'
