#!/bin/bash
set -euo pipefail
SCRIPT_DIR=$(cd "$(dirname "${BASH_SOURCE[0]}")" && pwd)
test-tcas () {
    diff -q <(${ANGELIX_RUN:-eval} ./tcas $1) <($SCRIPT_DIR/../golden/tcas $1) > /dev/null
}

case "$1" in
    1)
      test-tcas  "0 0 0 0 0 0 0 0 0 0 1 0"
      ;;
    2)
      test-tcas  "2272 1 0 6096 16 4336 0 -10000 6256 0 1 0"
      ;;
    3)
      test-tcas  "6256 1 1 -2032 112 6384 0 -7808 6256 0 2 0"
      ;;
    4)
      test-tcas  "8208 1 1 2288 32 2288 0 -52 -6128 0 2 0"
      ;;
    5)
      test-tcas  "2296 1 1 -7952 80 -10000 3 -8000 5872 0 2 0"
      ;;
    6)
      test-tcas  "7376 1 1 -1935 80 -2192 0 -16 -2320 0 2 0"
      ;;
    7)
      test-tcas  "2296 1 1 -4016 16 -5904 3 10000 10000 0 2 0"
      ;;
    8)
      test-tcas  "2296 1 1 2288 240 -1840 0 2560 6256 0 2 0"
      ;;
    9)
      test-tcas  "2296 1 1 -7952 80 -10000 0 -8000 5872 0 2 0"
      ;;
    10)
      test-tcas  "1896 1 1 2704 80 240 1 10000 10000 0 2 0"
      ;;
    11)
      test-tcas  "2296 1 1 -7952 80 -10000 1 -8000 5872 0 2 0"
      ;;
    12)
      test-tcas  "2680 1 1 -6032 80 -9968 2 10000 10000 0 2 0"
      ;;
    13)
      test-tcas  "6200 1 1 -9392 80 -10000 2 -8000 3184 0 2 0"
      ;;
    14)
      test-tcas  "736 1 1 1792 80 2301 1 8424 544 0 2 0"
      ;;
    15)
      test-tcas  "3184 1 1 688 272 2736 1 -16 -6320 0 2 0"
      ;;
    16)
      test-tcas  "6256 1 1 6272 -10000 6321 2 -16 -8464 0 2 0"
      ;;
    17)
      test-tcas  "6256 1 1 6272 -10000 6321 0 -16 -8464 0 2 0"
      ;;
    18)
      test-tcas  "601 1 1 -9116 576 -9095 2 7628 2288 0 2 1"
      ;;
    19)
      test-tcas  "3184 1 1 688 272 2736 3 -16 -6320 0 2 0"
      ;;
    20)
      test-tcas  "4720 1 1 -9213 16 -1793 3 6380 2160 0 2 0"
      ;;
    21)
      test-tcas  "601 1 1 6144 80 6335 0 6388 640 0 2 1"
      ;;
esac
