#!/bin/bash
set -euo pipefail
SCRIPT_DIR=$(cd "$(dirname "${BASH_SOURCE[0]}")" && pwd)
test-tcas () {
    diff -q <(${ANGELIX_RUN:-eval} ./tcas $1) <($SCRIPT_DIR/../golden/tcas $1) > /dev/null
}

case "$1" in
    1)
      test-tcas  "6384 1 1 -9616 112 -9008 0 -4 -4 0 2 0"
      ;;
    2)
      test-tcas  "2672 1 1 -7952 240 -2224 0 -1382 -1381 0 2 0"
      ;;
    3)
      test-tcas  "6384 1 1 -9616 112 -9008 2 -4 -4 0 2 0"
      ;;
    4)
      test-tcas  "2288 1 1 6032 240 8176 2 -54 13 0 2 0"
      ;;
    5)
      test-tcas  "6384 1 1 -9616 112 -9008 3 -4 -4 0 2 0"
      ;;
    6)
      test-tcas  "2288 1 1 6032 240 8176 3 -54 13 0 2 0"
      ;;
    7)
      test-tcas  "6256 1 1 1872 240 2288 2 -8230 -8254 0 2 0"
      ;;
    8)
      test-tcas  "6384 1 1 -9616 112 -9008 1 -4 -4 0 2 0"
      ;;
    9)
      test-tcas  "2672 1 1 -7952 240 -2288 1 -244 -231 0 2 0"
      ;;
    10)
      test-tcas  "2672 1 1 -7952 240 -2224 0 -1381 -1382 0 2 0"
      ;;
    11)
      test-tcas  "2288 1 1 6032 240 8176 2 13 -54 0 2 0"
      ;;
    12)
      test-tcas  "2288 1 1 6032 240 8176 3 13 -54 0 2 0"
      ;;
    13)
      test-tcas  "6256 1 1 1872 240 2288 2 -8254 -8230 0 2 0"
      ;;
    14)
      test-tcas  "2672 1 1 -7952 240 -2288 1 -231 -244 0 2 0"
      ;;
    15)
      test-tcas  "3216 1 1 -1936 -6384 2288 0 -56 -153 0 2 0"
      ;;
    16)
      test-tcas  "9840 1 1 2672 176 3216 0 -2132 -2035 0 2 0"
      ;;
    17)
      test-tcas  "2288 1 1 -1808 336 -1807 0 -4 98 0 2 1"
      ;;
    18)
      test-tcas  "3216 1 1 -1936 -6384 2288 0 -153 -56 0 2 0"
      ;;
    19)
      test-tcas  "9840 1 1 2672 176 3216 0 -2035 -2132 0 2 0"
      ;;
    20)
      test-tcas  "1688 1 1 -1808 337 -1807 0 99 98 0 2 1"
      ;;
    21)
      test-tcas  "2672 1 1 -2960 -7952 8416 0 -52 192 0 2 1"
      ;;
    22)
      test-tcas  "1008 1 1 2288 -1936 5360 0 396 400 0 2 0"
      ;;
    23)
      test-tcas  "10000 1 1 -8752 -8112 -1936 0 -9240 -9240 0 2 0"
      ;;
    24)
      test-tcas  "2288 1 1 -9776 -8368 -3856 0 -8 -3904 0 2 1"
      ;;
    25)
      test-tcas  "1472 1 1 -2960 -151 -2959 0 193 192 0 2 1"
      ;;
    26)
      test-tcas  "1608 1 1 2288 -135 2287 0 400 500 0 2 0"
      ;;
    27)
      test-tcas  "2288 1 1 -9776 -8368 -3856 0 -4104 -8 0 2 1"
      ;;
    28)
      test-tcas  "3280 1 1 -5904 -6320 -5520 2 -8707 -8732 0 2 0"
      ;;
    29)
      test-tcas  "9776 1 1 2672 176 3216 2 -2076 -1992 0 2 0"
      ;;
    30)
      test-tcas  "624 1 1 -10000 272 -9998 2 -44 96 0 2 1"
      ;;
    31)
      test-tcas  "3280 1 1 -5904 -6320 -5520 2 -8732 -8707 0 2 0"
      ;;
    32)
      test-tcas  "9776 1 1 2672 176 3216 2 -1992 -2076 0 2 0"
      ;;
    33)
      test-tcas  "1224 1 1 -10000 273 -9999 2 97 96 0 2 1"
      ;;
    34)
      test-tcas  "2672 1 1 -2960 -7952 8416 2 -52 192 0 2 1"
      ;;
    35)
      test-tcas  "2160 1 1 2288 -6064 2292 2 607 642 0 2 0"
      ;;
    36)
      test-tcas  "6384 1 1 -5360 -7344 -880 2 -9240 -9240 0 2 0"
      ;;
    37)
      test-tcas  "8304 1 1 -10000 16 -9999 2 3256 -16 0 2 0"
      ;;
    38)
      test-tcas  "1472 1 1 -2960 -151 -2959 2 193 192 0 2 1"
      ;;
    39)
      test-tcas  "1560 1 1 2288 -63 2287 2 640 740 0 2 0"
      ;;
    40)
      test-tcas  "8304 1 1 -10000 16 -9999 2 -16 3256 0 2 0"
      ;;
    41)
      test-tcas  "2768 1 1 -5936 -6384 2288 3 -8547 -8636 0 2 0"
      ;;
    42)
      test-tcas  "9776 1 1 2672 176 3216 3 -9228 -9164 0 2 0"
      ;;
    43)
      test-tcas  "6256 1 1 -6192 272 -6191 3 -104 96 0 2 1"
      ;;
    44)
      test-tcas  "2768 1 1 -5936 -6384 2288 3 -8636 -8547 0 2 0"
      ;;
    45)
      test-tcas  "9776 1 1 2672 176 3216 3 -9164 -9228 0 2 0"
      ;;
    46)
      test-tcas  "1456 1 1 -6192 273 -6191 3 97 96 0 2 1"
      ;;
    47)
      test-tcas  "2672 1 1 -2960 -7952 8416 3 -52 192 0 2 1"
      ;;
    48)
      test-tcas  "720 1 1 2288 -4336 8432 3 716 765 0 2 0"
      ;;
    49)
      test-tcas  "6384 1 1 -5360 -7344 -880 3 -9240 -9240 0 2 0"
      ;;
    50)
      test-tcas  "2288 1 1 -10000 240 -9999 3 -4 -3904 0 2 1"
      ;;
    51)
      test-tcas  "1472 1 1 -2960 -151 -2959 3 193 192 0 2 1"
      ;;
    52)
      test-tcas  "1320 1 1 2288 -135 2287 3 740 840 0 2 0"
      ;;
    53)
      test-tcas  "2288 1 1 -10000 240 -9999 3 -4104 -4 0 2 1"
      ;;
    54)
      test-tcas  "2160 1 1 240 -5904 5232 2 524 -16 0 2 0"
      ;;
    55)
      test-tcas  "912 1 1 -1904 32 6320 2 642 551 0 2 0"
      ;;
    56)
      test-tcas  "9968 1 1 1424 -7600 2288 2 3296 -4 0 2 0"
      ;;
    57)
      test-tcas  "2160 1 1 240 -5904 5232 2 -16 524 0 2 0"
      ;;
    58)
      test-tcas  "912 1 1 -1904 32 6320 2 551 642 0 2 0"
      ;;
    59)
      test-tcas  "9968 1 1 1424 -7600 2288 2 -4 3296 0 2 0"
      ;;
    60)
      test-tcas  "8304 1 1 -10000 -6320 -1936 1 -8160 -8257 0 2 0"
      ;;
    61)
      test-tcas  "9840 1 1 2672 176 3216 1 -2132 -2035 0 2 0"
      ;;
    62)
      test-tcas  "4336 1 1 -10000 80 -9999 1 -2148 96 0 2 1"
      ;;
    63)
      test-tcas  "8304 1 1 -10000 -6320 -1936 1 -8257 -8160 0 2 0"
      ;;
    64)
      test-tcas  "9840 1 1 2672 176 3216 1 -2035 -2132 0 2 0"
      ;;
    65)
      test-tcas  "1336 1 1 -10000 81 -9999 1 97 96 0 2 1"
      ;;
    66)
      test-tcas  "2672 1 1 -2960 -7952 8416 1 -52 192 0 2 1"
      ;;
    67)
      test-tcas  "6256 1 1 -5904 -3504 -2320 1 496 503 0 2 0"
      ;;
    68)
      test-tcas  "10000 1 1 -8752 -8112 -1936 1 -9240 -9240 0 2 0"
      ;;
    69)
      test-tcas  "3248 1 1 -1936 16 -1807 1 6328 -16 0 2 0"
      ;;
    70)
      test-tcas  "1472 1 1 -2960 -151 -2959 1 193 192 0 2 1"
      ;;
    71)
      test-tcas  "1456 1 1 -5904 -503 -5905 1 500 600 0 2 0"
      ;;
    72)
      test-tcas  "3248 1 1 -1936 16 -1807 1 -16 6328 0 2 0"
      ;;
esac
