#!/bin/bash
set -euo pipefail
SCRIPT_DIR=$(cd "$(dirname "${BASH_SOURCE[0]}")" && pwd)
test-tcas () {
    diff -q <(${ANGELIX_RUN:-eval} ./tcas $1) <($SCRIPT_DIR/../golden/tcas $1) > /dev/null
}

case "$1" in
    1)
      test-tcas  "2288 1 1 2288 -1936 2128 0 -104 -7952 0 2 1"
      ;;
    2)
      test-tcas  "2288 1 1 2288 -1936 2128 2 -104 -7952 0 2 1"
      ;;
    3)
      test-tcas  "2288 1 1 2288 -1936 2128 1 -104 -7952 0 2 1"
      ;;
    4)
      test-tcas  "2288 1 1 2288 -1936 2128 3 -104 -7952 0 2 1"
      ;;
    5)
      test-tcas  "2288 1 1 -912 -10000 -912 0 -6408 -7780 0 2 1"
      ;;
    6)
      test-tcas  "2288 1 1 -912 -10000 -912 1 -6408 -7780 0 2 1"
      ;;
    7)
      test-tcas  "2288 1 1 -271 -10000 -271 2 -6408 -7268 0 2 1"
      ;;
    8)
      test-tcas  "2288 1 1 -271 -10000 -271 3 -6408 -7268 0 2 1"
      ;;
    9)
      test-tcas  "2288 1 1 2208 -1936 2208 0 -104 -7952 0 2 1"
      ;;
    10)
      test-tcas  "2288 1 1 2208 -1936 2208 2 -104 -7952 0 2 1"
      ;;
    11)
      test-tcas  "2288 1 1 2208 -1936 2208 1 -104 -7952 0 2 1"
      ;;
    12)
      test-tcas  "2288 1 1 2208 -1936 2208 3 -104 -7952 0 2 1"
      ;;
    13)
      test-tcas  "2288 1 1 -912 -10000 -912 0 -7780 -7780 0 2 1"
      ;;
    14)
      test-tcas  "2288 1 1 -912 -10000 -912 1 -7780 -7780 0 2 1"
      ;;
    15)
      test-tcas  "2288 1 1 -271 -10000 -271 2 -7268 -7268 0 2 1"
      ;;
    16)
      test-tcas  "2288 1 1 -271 -10000 -271 3 -7268 -7268 0 2 1"
      ;;
    17)
      test-tcas  "3280 1 1 -8976 112 6352 0 -48 -10000 0 2 0"
      ;;
    18)
      test-tcas  "3280 1 1 6352 112 -8976 0 -10000 -10000 0 2 0"
      ;;
    19)
      test-tcas  "3280 1 1 -8976 112 6352 2 -48 -10000 0 2 0"
      ;;
    20)
      test-tcas  "3280 1 1 6352 112 -8976 2 -10000 -10000 0 2 0"
      ;;
    21)
      test-tcas  "3280 1 1 -8976 112 6352 1 -48 -10000 0 2 0"
      ;;
    22)
      test-tcas  "3280 1 1 6352 112 -8976 1 -10000 -10000 0 2 0"
      ;;
    23)
      test-tcas  "3280 1 1 -8976 112 6352 3 -48 -10000 0 2 0"
      ;;
    24)
      test-tcas  "3280 1 1 6352 112 -8976 3 -10000 -10000 0 2 0"
      ;;
    25)
      test-tcas  "2928 1 1 3824 240 3824 0 -8292 -64 0 2 1"
      ;;
    26)
      test-tcas  "6320 1 1 -7167 16 -7168 0 1944 384 0 2 1"
      ;;
    27)
      test-tcas  "6320 1 1 -9995 240 -9995 0 6328 6352 0 2 1"
      ;;
    28)
      test-tcas  "608 1 1 6333 336 6333 0 -4 -552 0 2 0"
      ;;
    29)
      test-tcas  "8304 1 1 2297 -6064 2298 0 -103 -876 0 2 1"
      ;;
    30)
      test-tcas  "6368 1 1 -10000 80 6320 0 -8192 0 0 2 0"
      ;;
    31)
      test-tcas  "6320 1 1 -7167 16 -7167 0 1944 384 0 2 1"
      ;;
    32)
      test-tcas  "608 1 1 6333 336 6333 0 -552 -552 0 2 0"
      ;;
    33)
      test-tcas  "8304 1 1 2298 -6064 2297 0 -876 -876 0 2 1"
      ;;
    34)
      test-tcas  "6368 1 1 -1840 80 -1840 0 -8192 0 0 2 0"
      ;;
    35)
      test-tcas  "2928 1 1 3824 240 3824 1 -8292 -64 0 2 1"
      ;;
    36)
      test-tcas  "2928 1 1 4339 96 4338 1 1944 404 0 2 1"
      ;;
    37)
      test-tcas  "2288 1 1 6256 -1936 6256 1 6270 6368 0 2 1"
      ;;
    38)
      test-tcas  "608 1 1 6333 336 6333 1 -4 -552 0 2 0"
      ;;
    39)
      test-tcas  "8304 1 1 2297 -6064 2298 1 -103 -876 0 2 1"
      ;;
    40)
      test-tcas  "3184 1 1 6256 80 -912 1 -9216 -8128 0 2 0"
      ;;
    41)
      test-tcas  "2928 1 1 4338 96 4338 1 1944 404 0 2 1"
      ;;
    42)
      test-tcas  "608 1 1 6333 336 6333 1 -552 -552 0 2 0"
      ;;
    43)
      test-tcas  "8304 1 1 2298 -6064 2297 1 -876 -876 0 2 1"
      ;;
    44)
      test-tcas  "3184 1 1 2672 80 2672 1 -9216 -8128 0 2 0"
      ;;
    45)
      test-tcas  "2928 1 1 3824 240 3824 2 -8292 -64 0 2 1"
      ;;
    46)
      test-tcas  "2960 1 1 3089 16 -4352 2 1944 404 0 2 1"
      ;;
    47)
      test-tcas  "2224 1 1 4215 16 4215 2 6908 6352 0 2 1"
      ;;
    48)
      test-tcas  "608 1 1 6333 336 6333 2 -4 -552 0 2 0"
      ;;
    49)
      test-tcas  "8304 1 1 2297 -6064 2298 2 -103 -876 0 2 1"
      ;;
    50)
      test-tcas  "7280 1 1 -10000 528 208 2 -8192 0 0 2 0"
      ;;
    51)
      test-tcas  "2960 1 1 -631 16 -631 2 1944 404 0 2 1"
      ;;
    52)
      test-tcas  "608 1 1 6333 336 6333 2 -552 -552 0 2 0"
      ;;
    53)
      test-tcas  "8304 1 1 2298 -6064 2297 2 -876 -876 0 2 1"
      ;;
    54)
      test-tcas  "7280 1 1 -4896 528 -4896 2 -8192 0 0 2 0"
      ;;
    55)
      test-tcas  "2928 1 1 3824 240 3824 3 -8292 -64 0 2 1"
      ;;
    56)
      test-tcas  "2960 1 1 3089 16 -4352 3 1944 404 0 2 1"
      ;;
    57)
      test-tcas  "7280 1 1 2288 80 2288 3 6320 6368 0 2 1"
      ;;
    58)
      test-tcas  "608 1 1 6333 336 6333 3 -4 -552 0 2 0"
      ;;
    59)
      test-tcas  "8304 1 1 2297 -6064 2298 3 -103 -876 0 2 1"
      ;;
    60)
      test-tcas  "6160 1 1 2288 -10000 -1872 3 -9216 -8128 0 2 0"
      ;;
    61)
      test-tcas  "2960 1 1 -631 16 -631 3 1944 404 0 2 1"
      ;;
    62)
      test-tcas  "608 1 1 6333 336 6333 3 -552 -552 0 2 0"
      ;;
    63)
      test-tcas  "8304 1 1 2298 -6064 2297 3 -876 -876 0 2 1"
      ;;
    64)
      test-tcas  "6160 1 1 208 -10000 208 3 -9216 -8128 0 2 0"
      ;;
esac
