#!/bin/bash
set -euo pipefail
SCRIPT_DIR=$(cd "$(dirname "${BASH_SOURCE[0]}")" && pwd)
test-tcas () {
    diff -q <(${ANGELIX_RUN:-eval} ./tcas $1) <($SCRIPT_DIR/../golden/tcas $1) > /dev/null
}

case "$1" in
    1)
      test-tcas  "888 1 1 6322 -4336 6320 0 1980 2080 0 2 1"
      ;;
    2)
      test-tcas  "2296 1 1 -9999 240 -10000 3 6287 6387 0 2 1"
      ;;
    3)
      test-tcas  "2296 1 1 2296 -1824 2288 1 6290 6390 0 2 1"
      ;;
    4)
      test-tcas  "2296 1 1 -9996 16 -10000 2 2108 2208 0 2 1"
      ;;
    5)
      test-tcas  "888 1 1 6322 -4336 6320 0 1880 1980 0 2 1"
      ;;
    6)
      test-tcas  "2296 1 1 -9999 240 -10000 3 6187 6287 0 2 1"
      ;;
    7)
      test-tcas  "2296 1 1 2296 -1824 2288 1 6190 6290 0 2 1"
      ;;
    8)
      test-tcas  "2296 1 1 -9996 16 -10000 2 2008 2108 0 2 1"
      ;;
    9)
      test-tcas  "3192 1 1 240 528 -1424 0 6335 6432 0 2 1"
      ;;
    10)
      test-tcas  "6264 1 1 6288 80 -9040 0 453 469 0 2 0"
      ;;
    11)
      test-tcas  "6264 1 1 6320 16 -48 0 412 512 0 2 1"
      ;;
    12)
      test-tcas  "1272 1 1 -9999 112 -10000 0 -4 -4 0 2 0"
      ;;
    13)
      test-tcas  "1392 1 1 240 529 239 0 6335 6435 0 2 1"
      ;;
    14)
      test-tcas  "6264 1 1 6288 80 -9040 0 469 453 0 2 0"
      ;;
    15)
      test-tcas  "6264 1 1 6320 16 -48 0 312 412 0 2 1"
      ;;
    16)
      test-tcas  "1272 1 1 -9999 113 -9998 0 -3 -4 0 2 0"
      ;;
    17)
      test-tcas  "6264 1 1 -8972 80 -9104 3 6265 5840 0 2 1"
      ;;
    18)
      test-tcas  "6200 1 1 6224 -9712 3088 3 8304 8384 0 2 0"
      ;;
    19)
      test-tcas  "2680 1 1 9937 80 80 3 828 928 0 2 1"
      ;;
    20)
      test-tcas  "2360 1 1 -9999 112 -10000 3 -4 -4 0 2 0"
      ;;
    21)
      test-tcas  "1464 1 1 -8972 81 -8973 3 6265 6365 0 2 1"
      ;;
    22)
      test-tcas  "6200 1 1 6224 -9712 3088 3 8384 8304 0 2 0"
      ;;
    23)
      test-tcas  "2680 1 1 9937 80 80 3 728 828 0 2 1"
      ;;
    24)
      test-tcas  "1760 1 1 -9999 113 -9998 3 -3 -4 0 2 0"
      ;;
    25)
      test-tcas  "6264 1 1 -9999 80 -10000 1 6841 6384 0 2 0"
      ;;
    26)
      test-tcas  "2168 1 1 2288 -10000 -1808 1 6268 10000 0 2 1"
      ;;
    27)
      test-tcas  "1208 1 1 240 -9200 -496 1 502 602 0 2 1"
      ;;
    28)
      test-tcas  "1272 1 1 -9999 112 -10000 1 -4 -4 0 2 0"
      ;;
    29)
      test-tcas  "1464 1 1 -9999 81 -10000 1 6841 6941 0 2 0"
      ;;
    30)
      test-tcas  "2168 1 1 2288 -10000 -1808 1 9800 6268 0 2 1"
      ;;
    31)
      test-tcas  "1208 1 1 240 -9200 -496 1 402 502 0 2 1"
      ;;
    32)
      test-tcas  "1272 1 1 -9999 113 -9998 1 -3 -4 0 2 0"
      ;;
    33)
      test-tcas  "4472 1 1 -815 80 -2928 2 6269 5840 0 2 1"
      ;;
    34)
      test-tcas  "6264 1 1 6321 272 6320 2 6256 10000 0 2 1"
      ;;
    35)
      test-tcas  "632 1 1 8016 16 4336 2 664 764 0 2 1"
      ;;
    36)
      test-tcas  "2360 1 1 -9999 112 -10000 2 -4 -4 0 2 0"
      ;;
    37)
      test-tcas  "1472 1 1 -815 81 -816 2 6269 6369 0 2 1"
      ;;
    38)
      test-tcas  "6264 1 1 6321 272 6320 2 9800 6256 0 2 1"
      ;;
    39)
      test-tcas  "632 1 1 8016 16 4336 2 564 664 0 2 1"
      ;;
    40)
      test-tcas  "1760 1 1 -9999 113 -9998 2 -3 -4 0 2 0"
      ;;
esac
