#!/bin/bash
set -euo pipefail
SCRIPT_DIR=$(cd "$(dirname "${BASH_SOURCE[0]}")" && pwd)
test-tcas () {
    diff -q <(${ANGELIX_RUN:-eval} ./tcas $1) <($SCRIPT_DIR/../golden/tcas $1) > /dev/null
}

case "$1" in
    1)
      test-tcas  "697 0 231 930 577 8547 0 897 860 1 0 0"
      ;;
    2)
      test-tcas  "577 0 949 911 576 5485 3 245 771 1 0 0"
      ;;
    3)
      test-tcas  "558 0 0 436 519 7355 2 840 964 1 0 1"
      ;;
    4)
      test-tcas  "819 0 682 148 852 5813 0 85 277 0 1 0"
      ;;
    5)
      test-tcas  "297 0 695 490 281 5668 0 273 832 1 1 0"
      ;;
    6)
      test-tcas  "206 0 703 754 181 5069 3 898 714 1 1 1"
      ;;
    7)
      test-tcas  "455 0 717 315 461 4968 1 215 266 1 0 0"
      ;;
    8)
      test-tcas  "787 0 451 821 439 1806 2 459 193 1 1 1"
      ;;
    9)
      test-tcas  "279 0 783 270 683 8910 0 541 564 1 1 1"
      ;;
    10)
      test-tcas  "281 1 507 885 725 7102 3 322 289 0 0 1"
      ;;
    11)
      test-tcas  "888 1 753 510 106 3499 1 657 736 0 0 0"
      ;;
    12)
      test-tcas  "671 0 687 959 366 9322 3 369 851 0 1 1"
      ;;
    13)
      test-tcas  "593 0 469 228 332 2888 1 112 388 0 1 1"
      ;;
    14)
      test-tcas  "840 0 888 867 396 2707 1 703 752 1 1 1"
      ;;
    15)
      test-tcas  "717 1 642 1 412 7802 1 25 403 1 1 0"
      ;;
    16)
      test-tcas  "724 0 842 535 348 8008 1 892 833 1 0 0"
      ;;
    17)
      test-tcas  "528 0 84 987 964 6077 0 466 768 1 1 1"
      ;;
    18)
      test-tcas  "735 1 209 103 491 5925 1 832 509 1 0 0"
      ;;
    19)
      test-tcas  "129 0 831 2 601 7305 2 178 142 0 1 1"
      ;;
    20)
      test-tcas  "408 0 679 25 837 6582 3 746 778 1 0 1"
      ;;
    21)
      test-tcas  "431 1 944 719 184 6082 0 281 42 0 0 0"
      ;;
    22)
      test-tcas  "523 0 982 505 551 793 1 57 595 1 0 1"
      ;;
    23)
      test-tcas  "542 0 33 520 594 841 1 838 730 0 1 0"
      ;;
    24)
      test-tcas  "169 0 1 946 601 1341 0 179 867 1 0 1"
      ;;
    25)
      test-tcas  "188 1 801 748 35 7772 1 420 172 1 1 0"
      ;;
    26)
      test-tcas  "490 0 379 264 759 5035 3 462 528 1 1 1"
      ;;
    27)
      test-tcas  "27 1 141 380 78 1821 1 65 664 1 1 1"
      ;;
    28)
      test-tcas  "87 1 314 233 312 8771 3 816 432 1 1 1"
      ;;
    29)
      test-tcas  "949 1 598 378 937 9253 3 257 993 1 1 0"
      ;;
    30)
      test-tcas  "307 0 433 220 85 5344 3 770 51 0 0 0"
      ;;
    31)
      test-tcas  "725 1 212 228 702 8774 3 820 223 0 1 0"
      ;;
    32)
      test-tcas  "906 0 941 971 628 7260 2 983 195 0 1 0"
      ;;
    33)
      test-tcas  "614 1 58 440 514 708 2 857 472 1 0 0"
      ;;
    34)
      test-tcas  "807 0 434 321 687 9273 1 464 247 1 1 0"
      ;;
esac
