#!/bin/bash
set -euo pipefail
SCRIPT_DIR=$(cd "$(dirname "${BASH_SOURCE[0]}")" && pwd)
test-tcas () {
    diff -q <(${ANGELIX_RUN:-eval} ./tcas $1) <($SCRIPT_DIR/../golden/tcas $1) > /dev/null
}

case "$1" in
    1)
      test-tcas  "969 1 785 253 433 1537 0 164 167 1 0 0"
      ;;
    2)
      test-tcas  "359 0 830 36 550 4030 1 986 214 1 1 0"
      ;;
    3)
      test-tcas  "558 0 883 140 459 180 2 691 309 0 1 0"
      ;;
    4)
      test-tcas  "824 0 112 823 797 9356 2 284 114 1 1 0"
      ;;
    5)
      test-tcas  "335 0 261 870 573 8339 0 787 409 1 1 0"
      ;;
    6)
      test-tcas  "102 1 815 441 407 1887 1 659 913 1 1 1"
      ;;
    7)
      test-tcas  "903 0 352 39 431 4070 3 663 438 1 1 0"
      ;;
    8)
      test-tcas  "502 0 746 294 992 9058 3 631 240 1 0 1"
      ;;
    9)
      test-tcas  "588 1 223 764 59 5311 1 359 718 1 0 0"
      ;;
    10)
      test-tcas  "730 0 726 329 533 5919 3 505 502 0 0 1"
      ;;
    11)
      test-tcas  "989 0 576 941 632 34 3 857 393 1 1 0"
      ;;
    12)
      test-tcas  "868 0 59 571 30 5933 2 655 711 1 0 0"
      ;;
    13)
      test-tcas  "826 0 289 35 524 5388 0 841 233 1 0 1"
      ;;
    14)
      test-tcas  "801 0 525 181 772 1459 1 107 159 1 1 1"
      ;;
    15)
      test-tcas  "933 1 29 434 881 7826 1 485 370 0 0 1"
      ;;
    16)
      test-tcas  "61 0 563 170 581 7142 3 935 684 0 1 1"
      ;;
    17)
      test-tcas  "521 0 734 625 185 8697 3 901 831 1 1 0"
      ;;
    18)
      test-tcas  "337 0 565 163 626 1968 0 243 496 0 1 1"
      ;;
    19)
      test-tcas  "42 0 8 700 546 2316 2 148 971 1 0 0"
      ;;
    20)
      test-tcas  "105 0 440 838 684 8214 2 728 801 0 0 1"
      ;;
    21)
      test-tcas  "280 1 717 953 690 5988 0 923 155 0 1 0"
      ;;
    22)
      test-tcas  "134 0 882 932 926 8040 3 98 699 1 1 1"
      ;;
    23)
      test-tcas  "512 0 335 586 898 3979 1 333 302 1 0 1"
      ;;
    24)
      test-tcas  "838 1 990 963 609 969 1 855 88 0 0 0"
      ;;
    25)
      test-tcas  "852 0 828 776 344 9934 0 373 146 1 1 1"
      ;;
    26)
      test-tcas  "693 1 177 27 263 7993 2 195 551 1 1 1"
      ;;
    27)
      test-tcas  "127 1 121 628 591 4735 2 12 315 1 0 0"
      ;;
    28)
      test-tcas  "227 1 522 338 228 544 1 55 468 0 1 1"
      ;;
    29)
      test-tcas  "895 0 443 763 210 9273 0 5 582 0 0 1"
      ;;
    30)
      test-tcas  "283 0 991 370 669 5077 3 548 819 0 0 0"
      ;;
    31)
      test-tcas  "463 1 93 560 759 4152 2 836 910 0 0 1"
      ;;
    32)
      test-tcas  "557 1 188 764 385 6514 2 314 415 0 0 1"
      ;;
    33)
      test-tcas  "996 0 408 307 594 799 0 417 117 0 0 0"
      ;;
    34)
      test-tcas  "634 1 566 359 58 6271 1 542 541 0 0 0"
      ;;
esac
