#!/bin/bash
set -euo pipefail
SCRIPT_DIR=$(cd "$(dirname "${BASH_SOURCE[0]}")" && pwd)
test-tcas () {
    diff -q <(${ANGELIX_RUN:-eval} ./tcas $1) <($SCRIPT_DIR/../golden/tcas $1) > /dev/null
}

case "$1" in
    1)
      test-tcas  "332 1 309 132 471 9678 2 22 0 1 1 0"
      ;;
    2)
      test-tcas  "979 0 430 615 285 1530 1 806 470 0 1 0"
      ;;
    3)
      test-tcas  "985 0 6 139 654 6780 0 389 237 1 1 1"
      ;;
    4)
      test-tcas  "287 1 913 257 267 7065 0 394 85 1 1 0"
      ;;
    5)
      test-tcas  "781 0 570 768 76 2583 3 414 920 1 0 1"
      ;;
    6)
      test-tcas  "943 1 350 550 945 2952 3 376 166 0 1 0"
      ;;
    7)
      test-tcas  "96 0 341 621 14 8108 2 277 286 0 0 1"
      ;;
    8)
      test-tcas  "674 0 614 894 565 4260 0 622 88 0 1 1"
      ;;
    9)
      test-tcas  "519 0 490 910 278 7714 2 898 42 1 0 0"
      ;;
    10)
      test-tcas  "230 0 339 120 151 6814 2 873 623 0 0 0"
      ;;
    11)
      test-tcas  "766 0 164 68 955 9449 3 412 643 0 1 0"
      ;;
    12)
      test-tcas  "881 0 752 34 865 393 3 898 790 0 0 0"
      ;;
    13)
      test-tcas  "593 0 312 429 948 9282 2 200 978 1 1 1"
      ;;
    14)
      test-tcas  "735 0 462 357 430 6262 1 461 791 0 1 1"
      ;;
    15)
      test-tcas  "654 1 58 452 118 8248 3 772 137 0 0 0"
      ;;
    16)
      test-tcas  "435 0 690 153 15 4313 1 39 343 0 0 1"
      ;;
    17)
      test-tcas  "485 0 740 188 98 4038 2 131 196 0 0 1"
      ;;
    18)
      test-tcas  "36 1 712 80 295 7598 3 529 968 0 0 0"
      ;;
    19)
      test-tcas  "46 1 991 968 78 1039 1 436 211 1 0 1"
      ;;
    20)
      test-tcas  "129 1 486 69 603 4521 0 388 41 0 1 1"
      ;;
    21)
      test-tcas  "501 0 480 517 123 5366 3 51 841 1 1 0"
      ;;
    22)
      test-tcas  "517 1 726 246 370 1453 1 939 666 0 1 1"
      ;;
    23)
      test-tcas  "179 0 186 975 835 3894 0 344 298 1 0 1"
      ;;
    24)
      test-tcas  "4 1 904 213 270 1068 3 792 678 0 1 0"
      ;;
    25)
      test-tcas  "893 1 327 514 411 8822 0 790 546 1 1 1"
      ;;
    26)
      test-tcas  "99 0 942 11 770 4148 2 608 339 1 0 0"
      ;;
    27)
      test-tcas  "48 0 306 539 418 1799 1 254 941 1 1 0"
      ;;
    28)
      test-tcas  "704 1 580 354 13 5144 1 663 527 0 1 0"
      ;;
    29)
      test-tcas  "230 0 311 682 820 4111 3 521 736 1 1 0"
      ;;
    30)
      test-tcas  "85 1 668 994 209 4264 1 925 483 1 1 0"
      ;;
    31)
      test-tcas  "201 1 427 41 101 1989 0 413 149 1 1 0"
      ;;
    32)
      test-tcas  "689 1 879 277 982 1360 1 621 425 1 1 0"
      ;;
    33)
      test-tcas  "493 0 385 399 507 8519 1 101 912 1 0 0"
      ;;
    34)
      test-tcas  "620 1 589 253 347 9392 1 492 586 0 1 1"
      ;;
esac
