#!/bin/bash
set -euo pipefail
SCRIPT_DIR=$(cd "$(dirname "${BASH_SOURCE[0]}")" && pwd)
test-tcas () {
    diff -q <(${ANGELIX_RUN:-eval} ./tcas $1) <($SCRIPT_DIR/../golden/tcas $1) > /dev/null
}

case "$1" in
    1)
      test-tcas  "583 0 497 702 568 9689 0 902 449 0 1 1"
      ;;
    2)
      test-tcas  "517 1 923 107 968 6795 0 845 187 0 0 0"
      ;;
    3)
      test-tcas  "844 1 181 469 927 6728 3 668 352 0 1 0"
      ;;
    4)
      test-tcas  "426 0 530 213 61 2052 3 564 302 0 0 1"
      ;;
    5)
      test-tcas  "437 1 179 608 670 5549 1 148 102 0 0 0"
      ;;
    6)
      test-tcas  "577 0 993 443 725 76 3 977 433 0 1 1"
      ;;
    7)
      test-tcas  "833 1 945 511 812 9873 3 909 15 1 0 0"
      ;;
    8)
      test-tcas  "255 1 934 219 292 4077 1 907 953 0 0 1"
      ;;
    9)
      test-tcas  "646 1 464 298 438 2377 1 343 970 1 1 0"
      ;;
    10)
      test-tcas  "672 1 131 586 940 477 0 607 135 1 1 0"
      ;;
    11)
      test-tcas  "560 1 940 192 828 9072 2 7 386 1 1 0"
      ;;
    12)
      test-tcas  "285 0 92 67 685 4643 3 347 3 0 1 0"
      ;;
    13)
      test-tcas  "34 1 158 994 894 3301 0 444 97 0 0 0"
      ;;
    14)
      test-tcas  "653 0 378 432 619 370 2 975 168 0 1 1"
      ;;
    15)
      test-tcas  "844 1 237 345 347 8227 2 535 906 0 1 0"
      ;;
    16)
      test-tcas  "992 1 537 197 914 3219 1 659 607 1 1 1"
      ;;
    17)
      test-tcas  "755 1 758 740 251 9189 2 734 854 1 1 1"
      ;;
    18)
      test-tcas  "842 0 740 938 411 345 1 249 507 0 1 1"
      ;;
    19)
      test-tcas  "852 1 509 474 890 9768 2 741 516 1 1 1"
      ;;
    20)
      test-tcas  "520 1 490 743 807 1915 0 967 641 1 1 1"
      ;;
    21)
      test-tcas  "346 1 307 985 113 7966 3 443 852 0 1 0"
      ;;
    22)
      test-tcas  "275 0 3 369 766 1742 0 367 895 1 0 0"
      ;;
    23)
      test-tcas  "871 0 646 286 586 1327 2 199 412 1 1 1"
      ;;
    24)
      test-tcas  "319 1 110 934 469 7253 0 778 907 0 0 0"
      ;;
    25)
      test-tcas  "591 1 137 435 595 2402 2 787 932 1 1 0"
      ;;
    26)
      test-tcas  "133 1 799 218 412 1401 3 654 953 1 1 1"
      ;;
    27)
      test-tcas  "643 0 987 251 345 8396 3 603 628 0 0 1"
      ;;
    28)
      test-tcas  "744 1 745 898 486 1652 1 561 522 0 1 1"
      ;;
    29)
      test-tcas  "710 0 979 703 899 1384 1 908 711 0 0 1"
      ;;
    30)
      test-tcas  "864 0 426 281 642 3644 0 727 230 0 1 1"
      ;;
    31)
      test-tcas  "779 1 693 707 201 7956 2 233 933 1 0 1"
      ;;
    32)
      test-tcas  "81 1 698 382 675 9656 3 361 5 0 1 1"
      ;;
    33)
      test-tcas  "358 0 959 237 821 9656 2 231 198 1 1 1"
      ;;
    34)
      test-tcas  "500 0 918 392 921 4485 2 194 698 0 0 0"
      ;;
esac
