#!/bin/bash
set -euo pipefail
SCRIPT_DIR=$(cd "$(dirname "${BASH_SOURCE[0]}")" && pwd)
test-tcas () {
    diff -q <(${ANGELIX_RUN:-eval} ./tcas $1) <($SCRIPT_DIR/../golden/tcas $1) > /dev/null
}

case "$1" in
    1)
      test-tcas  "329 0 717 791 261 666 3 332 673 0 0 1"
      ;;
    2)
      test-tcas  "589 1 920 835 641 6455 2 945 926 1 0 1"
      ;;
    3)
      test-tcas  "711 0 476 533 472 781 1 408 125 1 1 1"
      ;;
    4)
      test-tcas  "82 0 160 645 943 6934 1 624 202 0 0 0"
      ;;
    5)
      test-tcas  "357 0 486 300 190 7845 1 356 803 1 0 0"
      ;;
    6)
      test-tcas  "180 0 206 533 689 3573 2 27 928 1 1 0"
      ;;
    7)
      test-tcas  "776 1 283 154 311 6306 1 859 524 0 0 0"
      ;;
    8)
      test-tcas  "397 1 999 782 940 1333 2 791 282 1 0 0"
      ;;
    9)
      test-tcas  "743 0 145 834 93 6774 3 733 891 1 1 0"
      ;;
    10)
      test-tcas  "860 0 129 720 767 8885 2 326 156 0 0 1"
      ;;
    11)
      test-tcas  "579 1 525 416 707 3490 0 463 775 1 1 1"
      ;;
    12)
      test-tcas  "378 0 972 966 523 7489 1 338 216 0 0 0"
      ;;
    13)
      test-tcas  "555 1 412 326 489 7492 2 859 929 1 1 1"
      ;;
    14)
      test-tcas  "867 1 475 291 507 5405 3 672 210 0 1 0"
      ;;
    15)
      test-tcas  "202 1 385 35 600 3274 0 57 290 1 0 0"
      ;;
    16)
      test-tcas  "575 1 964 51 348 1852 2 330 713 0 0 1"
      ;;
    17)
      test-tcas  "608 1 337 35 20 9184 3 310 779 0 1 0"
      ;;
    18)
      test-tcas  "772 0 599 412 650 7054 2 727 750 0 0 1"
      ;;
    19)
      test-tcas  "2 0 127 929 47 4361 2 310 662 0 1 1"
      ;;
    20)
      test-tcas  "862 0 352 825 710 7377 3 556 965 0 0 1"
      ;;
    21)
      test-tcas  "178 1 654 727 753 7464 2 979 766 0 0 0"
      ;;
    22)
      test-tcas  "81 0 609 483 383 7093 1 823 284 0 0 1"
      ;;
    23)
      test-tcas  "578 0 96 692 72 4976 3 968 127 1 1 1"
      ;;
    24)
      test-tcas  "222 0 795 699 375 797 0 909 246 1 0 1"
      ;;
    25)
      test-tcas  "82 0 310 314 450 9358 0 307 872 1 1 1"
      ;;
    26)
      test-tcas  "77 0 615 444 545 2989 0 752 443 1 1 1"
      ;;
    27)
      test-tcas  "832 1 647 272 252 9818 1 936 381 1 0 0"
      ;;
    28)
      test-tcas  "516 1 809 492 21 3850 3 465 744 0 0 0"
      ;;
    29)
      test-tcas  "618 0 666 450 344 978 0 81 59 1 0 0"
      ;;
    30)
      test-tcas  "398 1 518 903 179 2741 0 16 247 1 0 1"
      ;;
    31)
      test-tcas  "666 1 499 364 547 7207 0 679 263 0 1 0"
      ;;
    32)
      test-tcas  "746 0 651 789 800 3438 3 773 132 1 1 1"
      ;;
    33)
      test-tcas  "870 0 874 584 892 2894 1 329 192 0 1 1"
      ;;
    34)
      test-tcas  "858 0 859 602 967 7637 1 32 858 0 1 0"
      ;;
esac
