#!/bin/bash
set -euo pipefail
SCRIPT_DIR=$(cd "$(dirname "${BASH_SOURCE[0]}")" && pwd)
test-tcas () {
    diff -q <(${ANGELIX_RUN:-eval} ./tcas $1) <($SCRIPT_DIR/../golden/tcas $1) > /dev/null
}

case "$1" in
    1)
      test-tcas  "633 0 949 991 442 4245 0 937 629 0 0 1"
      ;;
    2)
      test-tcas  "437 1 365 1 946 5282 0 100 385 0 0 1"
      ;;
    3)
      test-tcas  "508 0 982 810 982 4450 3 222 315 1 1 0"
      ;;
    4)
      test-tcas  "328 0 394 812 550 2056 0 465 195 1 0 0"
      ;;
    5)
      test-tcas  "582 0 508 700 960 3556 1 53 693 1 0 0"
      ;;
    6)
      test-tcas  "675 0 825 852 675 6510 0 943 16 0 1 0"
      ;;
    7)
      test-tcas  "634 1 969 234 102 2042 0 604 631 0 1 0"
      ;;
    8)
      test-tcas  "426 0 154 288 18 665 1 856 367 1 0 0"
      ;;
    9)
      test-tcas  "576 1 416 323 55 9938 3 414 834 1 0 1"
      ;;
    10)
      test-tcas  "535 0 879 970 162 3739 0 465 516 1 0 0"
      ;;
    11)
      test-tcas  "519 0 896 254 142 9953 0 270 959 1 0 0"
      ;;
    12)
      test-tcas  "571 1 763 785 264 5039 2 402 318 1 1 0"
      ;;
    13)
      test-tcas  "310 1 741 533 612 344 2 814 38 0 0 1"
      ;;
    14)
      test-tcas  "254 1 419 542 136 6087 0 499 720 1 1 1"
      ;;
    15)
      test-tcas  "803 0 897 791 486 4665 1 37 200 1 0 0"
      ;;
    16)
      test-tcas  "817 1 16 295 455 5414 1 793 522 0 1 1"
      ;;
    17)
      test-tcas  "335 1 766 301 386 8058 0 52 953 0 1 1"
      ;;
    18)
      test-tcas  "297 1 160 245 114 1885 0 733 283 0 0 0"
      ;;
    19)
      test-tcas  "170 1 216 872 960 2229 2 808 495 1 0 0"
      ;;
    20)
      test-tcas  "128 0 277 630 944 4980 2 868 496 0 1 1"
      ;;
    21)
      test-tcas  "909 1 711 148 781 3756 1 636 835 1 0 0"
      ;;
    22)
      test-tcas  "672 1 32 252 310 2920 3 549 389 1 1 1"
      ;;
    23)
      test-tcas  "92 0 737 590 827 2876 0 789 686 1 0 0"
      ;;
    24)
      test-tcas  "532 0 617 549 331 2029 2 405 984 1 1 1"
      ;;
    25)
      test-tcas  "520 0 953 674 937 2404 2 375 406 0 1 1"
      ;;
    26)
      test-tcas  "797 1 942 361 712 3248 0 644 280 0 0 0"
      ;;
    27)
      test-tcas  "5 1 760 72 834 8934 2 335 457 1 0 0"
      ;;
    28)
      test-tcas  "570 0 64 786 440 4180 1 435 685 1 1 0"
      ;;
    29)
      test-tcas  "584 1 221 852 615 961 3 368 150 1 0 0"
      ;;
    30)
      test-tcas  "410 1 390 789 842 7579 0 912 66 0 0 0"
      ;;
    31)
      test-tcas  "407 1 504 972 809 1080 0 955 653 1 0 0"
      ;;
    32)
      test-tcas  "552 1 473 464 734 9673 3 573 36 0 0 1"
      ;;
    33)
      test-tcas  "821 0 295 591 383 1911 0 889 527 1 0 1"
      ;;
    34)
      test-tcas  "36 1 460 93 690 4227 3 99 352 1 1 1"
      ;;
esac
