#!/bin/bash
set -euo pipefail
SCRIPT_DIR=$(cd "$(dirname "${BASH_SOURCE[0]}")" && pwd)
test-tcas () {
    diff -q <(${ANGELIX_RUN:-eval} ./tcas $1) <($SCRIPT_DIR/../golden/tcas $1) > /dev/null
}

case "$1" in
    1)
      test-tcas  "740 0 181 955 808 4804 2 631 199 1 1 0"
      ;;
    2)
      test-tcas  "906 0 616 76 644 1221 3 509 259 0 0 0"
      ;;
    3)
      test-tcas  "714 1 665 556 446 5881 3 75 778 0 1 0"
      ;;
    4)
      test-tcas  "637 0 398 323 277 4837 0 294 897 1 0 1"
      ;;
    5)
      test-tcas  "971 0 389 965 917 3143 0 929 209 0 0 1"
      ;;
    6)
      test-tcas  "397 1 697 591 552 8931 3 721 566 0 1 0"
      ;;
    7)
      test-tcas  "362 0 526 996 544 3865 1 484 188 0 0 0"
      ;;
    8)
      test-tcas  "533 1 102 381 60 3469 3 366 50 0 0 1"
      ;;
    9)
      test-tcas  "34 0 511 419 683 2200 1 573 588 1 0 1"
      ;;
    10)
      test-tcas  "83 1 424 518 705 378 3 463 173 1 0 0"
      ;;
    11)
      test-tcas  "763 1 528 805 797 3322 2 119 554 1 0 1"
      ;;
    12)
      test-tcas  "268 0 310 661 57 7182 0 336 561 0 1 1"
      ;;
    13)
      test-tcas  "779 0 479 466 99 1038 3 329 800 1 0 0"
      ;;
    14)
      test-tcas  "373 0 798 718 836 883 2 492 862 1 1 0"
      ;;
    15)
      test-tcas  "940 1 413 697 969 8043 2 109 675 1 1 0"
      ;;
    16)
      test-tcas  "961 1 959 540 870 2514 3 85 120 0 0 1"
      ;;
    17)
      test-tcas  "289 1 719 810 588 507 2 580 829 0 0 0"
      ;;
    18)
      test-tcas  "625 1 998 480 82 5297 2 748 249 0 1 1"
      ;;
    19)
      test-tcas  "361 1 551 695 490 1161 0 783 548 1 0 0"
      ;;
    20)
      test-tcas  "725 1 463 692 343 1839 3 13 806 0 0 1"
      ;;
    21)
      test-tcas  "777 0 287 876 984 7579 3 933 82 1 0 0"
      ;;
    22)
      test-tcas  "809 1 442 262 264 8283 1 808 525 0 1 0"
      ;;
    23)
      test-tcas  "975 1 3 304 638 4817 2 836 543 0 1 0"
      ;;
    24)
      test-tcas  "668 0 885 526 238 5861 0 750 282 1 1 1"
      ;;
    25)
      test-tcas  "141 0 239 360 288 4102 0 313 200 0 0 0"
      ;;
    26)
      test-tcas  "221 1 443 194 332 2764 3 229 481 1 0 1"
      ;;
    27)
      test-tcas  "660 0 567 804 254 1747 1 744 231 1 0 1"
      ;;
    28)
      test-tcas  "683 1 453 119 822 1766 1 498 20 0 1 1"
      ;;
    29)
      test-tcas  "680 1 719 647 722 4966 0 80 280 0 0 0"
      ;;
    30)
      test-tcas  "717 1 963 829 470 1534 3 263 317 1 0 0"
      ;;
    31)
      test-tcas  "583 0 288 177 497 3778 1 939 370 1 0 1"
      ;;
    32)
      test-tcas  "512 0 926 166 859 2043 2 497 72 1 0 1"
      ;;
    33)
      test-tcas  "471 0 268 619 558 676 0 631 10 0 0 1"
      ;;
    34)
      test-tcas  "993 0 961 651 353 7038 1 454 734 1 0 0"
      ;;
esac
