#!/bin/bash
set -euo pipefail
SCRIPT_DIR=$(cd "$(dirname "${BASH_SOURCE[0]}")" && pwd)
test-tcas () {
    diff -q <(${ANGELIX_RUN:-eval} ./tcas $1) <($SCRIPT_DIR/../golden/tcas $1) > /dev/null
}

case "$1" in
    1)
      test-tcas  "791 0 336 932 888 4723 0 497 799 1 0 1"
      ;;
    2)
      test-tcas  "294 0 936 330 771 3447 2 90 742 1 0 0"
      ;;
    3)
      test-tcas  "803 1 276 141 528 5127 0 387 838 0 0 0"
      ;;
    4)
      test-tcas  "243 0 60 781 32 4570 3 78 929 0 0 0"
      ;;
    5)
      test-tcas  "927 1 617 215 46 5596 1 884 520 0 1 1"
      ;;
    6)
      test-tcas  "485 1 821 479 595 8798 0 671 108 1 0 0"
      ;;
    7)
      test-tcas  "894 0 359 71 518 4728 3 292 989 1 1 0"
      ;;
    8)
      test-tcas  "57 1 444 981 946 4994 3 687 224 1 0 0"
      ;;
    9)
      test-tcas  "130 0 585 912 16 7603 1 56 756 0 0 1"
      ;;
    10)
      test-tcas  "894 1 391 579 15 7667 2 787 354 0 1 0"
      ;;
    11)
      test-tcas  "895 1 592 883 330 302 3 273 32 0 1 0"
      ;;
    12)
      test-tcas  "889 0 494 305 184 9179 2 818 956 0 0 1"
      ;;
    13)
      test-tcas  "196 0 3 960 29 1805 3 479 524 0 1 0"
      ;;
    14)
      test-tcas  "114 1 51 495 697 1116 1 935 353 1 1 0"
      ;;
    15)
      test-tcas  "291 1 878 278 58 2434 2 303 271 1 1 1"
      ;;
    16)
      test-tcas  "138 0 13 264 803 5239 1 260 130 1 1 0"
      ;;
    17)
      test-tcas  "876 1 79 396 317 542 0 859 340 1 0 0"
      ;;
    18)
      test-tcas  "640 0 659 490 196 6939 3 28 395 1 1 0"
      ;;
    19)
      test-tcas  "248 1 404 227 926 1599 1 970 456 1 0 1"
      ;;
    20)
      test-tcas  "788 0 379 178 594 6638 0 477 111 0 0 1"
      ;;
    21)
      test-tcas  "54 0 256 605 120 6382 2 582 898 1 0 0"
      ;;
    22)
      test-tcas  "54 0 480 299 507 7059 0 944 946 0 0 0"
      ;;
    23)
      test-tcas  "423 0 849 729 984 7435 1 979 222 1 1 1"
      ;;
    24)
      test-tcas  "432 1 112 451 540 6791 2 906 333 0 1 1"
      ;;
    25)
      test-tcas  "570 0 224 956 462 5478 0 650 652 1 0 0"
      ;;
    26)
      test-tcas  "258 0 744 973 788 3088 1 947 699 1 1 0"
      ;;
    27)
      test-tcas  "189 1 577 687 354 9946 1 906 194 0 0 1"
      ;;
    28)
      test-tcas  "75 1 791 339 167 9325 2 880 56 0 1 1"
      ;;
    29)
      test-tcas  "213 1 663 307 233 345 1 625 814 0 1 0"
      ;;
    30)
      test-tcas  "240 0 298 961 730 5044 2 494 406 1 0 0"
      ;;
    31)
      test-tcas  "765 1 296 427 504 7595 1 702 247 0 1 0"
      ;;
    32)
      test-tcas  "235 1 817 737 317 9012 2 686 654 1 1 1"
      ;;
    33)
      test-tcas  "370 1 196 899 34 7045 1 77 258 0 1 0"
      ;;
    34)
      test-tcas  "868 0 852 961 96 8239 1 914 992 0 0 1"
      ;;
esac
