#!/bin/bash
set -euo pipefail
SCRIPT_DIR=$(cd "$(dirname "${BASH_SOURCE[0]}")" && pwd)
test-tcas () {
    diff -q <(${ANGELIX_RUN:-eval} ./tcas $1) <($SCRIPT_DIR/../golden/tcas $1) > /dev/null
}

case "$1" in
    1)
      test-tcas  "544 0 777 926 807 1654 0 658 345 1 1 1"
      ;;
    2)
      test-tcas  "563 0 889 515 670 8614 1 610 574 1 1 0"
      ;;
    3)
      test-tcas  "202 0 447 437 308 57 0 730 903 0 1 1"
      ;;
    4)
      test-tcas  "23 1 653 747 663 8154 2 707 356 0 1 0"
      ;;
    5)
      test-tcas  "78 1 182 339 833 8141 2 662 544 0 1 1"
      ;;
    6)
      test-tcas  "650 0 998 234 99 2227 0 781 266 1 0 0"
      ;;
    7)
      test-tcas  "722 0 207 590 630 1288 2 771 18 1 0 1"
      ;;
    8)
      test-tcas  "123 1 667 154 482 6998 3 340 508 1 1 0"
      ;;
    9)
      test-tcas  "785 1 697 635 475 4863 1 963 777 1 0 1"
      ;;
    10)
      test-tcas  "586 1 937 88 141 9867 1 94 686 0 0 1"
      ;;
    11)
      test-tcas  "897 0 178 860 108 1148 3 690 188 1 0 0"
      ;;
    12)
      test-tcas  "219 1 867 944 51 267 0 529 145 0 1 1"
      ;;
    13)
      test-tcas  "106 0 993 719 724 9175 0 199 357 1 0 1"
      ;;
    14)
      test-tcas  "14 1 98 54 542 9032 0 920 916 1 1 1"
      ;;
    15)
      test-tcas  "740 0 348 574 735 9445 1 447 148 0 0 1"
      ;;
    16)
      test-tcas  "737 0 850 562 247 9595 2 303 25 0 1 0"
      ;;
    17)
      test-tcas  "784 0 742 485 301 8038 1 318 263 1 0 1"
      ;;
    18)
      test-tcas  "321 0 48 499 886 6741 2 168 125 1 0 0"
      ;;
    19)
      test-tcas  "144 0 825 477 342 7077 2 38 485 1 0 1"
      ;;
    20)
      test-tcas  "147 0 740 179 760 1176 1 879 686 0 1 0"
      ;;
    21)
      test-tcas  "392 0 984 38 27 1075 1 921 443 1 0 0"
      ;;
    22)
      test-tcas  "965 0 219 809 42 636 1 85 235 0 1 1"
      ;;
    23)
      test-tcas  "849 0 175 871 966 1131 2 826 500 1 1 1"
      ;;
    24)
      test-tcas  "420 1 535 436 231 796 3 635 358 0 1 0"
      ;;
    25)
      test-tcas  "119 0 829 138 572 1471 2 968 621 1 1 0"
      ;;
    26)
      test-tcas  "428 1 288 631 372 1697 1 765 461 0 1 0"
      ;;
    27)
      test-tcas  "417 1 841 740 354 5341 3 975 330 0 0 0"
      ;;
    28)
      test-tcas  "865 1 898 542 893 7967 0 549 510 0 1 0"
      ;;
    29)
      test-tcas  "310 1 962 366 83 9724 1 314 104 0 0 0"
      ;;
    30)
      test-tcas  "312 1 750 201 180 3545 3 900 233 1 0 0"
      ;;
    31)
      test-tcas  "712 1 119 338 93 889 0 485 822 0 0 1"
      ;;
    32)
      test-tcas  "838 1 888 220 217 4166 1 615 521 0 0 0"
      ;;
    33)
      test-tcas  "256 0 466 514 187 5254 3 609 101 0 1 1"
      ;;
    34)
      test-tcas  "42 1 182 274 931 3356 0 236 995 0 0 0"
      ;;
esac
