#!/bin/bash
set -euo pipefail
SCRIPT_DIR=$(cd "$(dirname "${BASH_SOURCE[0]}")" && pwd)
test-tcas () {
    diff -q <(${ANGELIX_RUN:-eval} ./tcas $1) <($SCRIPT_DIR/../golden/tcas $1) > /dev/null
}

case "$1" in
    1)
      test-tcas  "2800 1 0 2288 8368 -6416 0 2288 2288 0 1 0"
      ;;
    2)
      test-tcas  "0 0 0 0 0 0 0 0 0 0 1 0"
      ;;
    3)
      test-tcas  "6320 0 0 2288 -6416 -6416 0 -10000 2288 0 1 0"
      ;;
    4)
      test-tcas  "2288 1 1 1296 2288 1744 0 -6144 2288 0 2 0"
      ;;
    5)
      test-tcas  "2288 1 1 2528 -1936 2320 0 -4 -2319 0 2 0"
      ;;
    6)
      test-tcas  "912 0 1 -8176 464 6384 0 -8192 5872 0 2 0"
      ;;
    7)
      test-tcas  "6352 0 1 2288 224 -5936 0 -16 -2320 0 2 0"
      ;;
    8)
      test-tcas  "272 1 1 2288 -560 2096 2 2288 2292 0 2 0"
      ;;
    9)
      test-tcas  "208 1 1 -10000 6256 -9999 1 -48 -8464 0 2 0"
      ;;
    10)
      test-tcas  "240 1 1 6393 -3600 6392 0 1948 3256 0 2 0"
      ;;
    11)
      test-tcas  "812 0 1 -6416 80 -7984 3 10000 10000 0 2 0"
      ;;
    12)
      test-tcas  "-5904 1 1 6329 -6384 6328 0 0 6256 0 2 0"
      ;;
    13)
      test-tcas  "1020 0 1 -3952 -6064 -10000 3 -8192 5872 0 2 0"
      ;;
    14)
      test-tcas  "240 1 1 5360 2288 5364 1 2300 800 0 2 1"
      ;;
    15)
      test-tcas  "6256 1 1 336 6256 6320 1 -103 -2320 0 2 1"
      ;;
    16)
      test-tcas  "208 1 1 -10000 6256 -9999 0 -48 -8464 0 2 0"
      ;;
    17)
      test-tcas  "-5904 1 1 6329 -6384 6328 2 0 6256 0 2 0"
      ;;
    18)
      test-tcas  "6256 1 1 336 6256 6320 0 -103 -2320 0 2 1"
      ;;
    19)
      test-tcas  "2300 0 1 -1936 -2832 -9296 1 3152 3252 0 2 1"
      ;;
    20)
      test-tcas  "-2960 1 1 6368 4336 2288 3 -4324 5872 0 2 1"
      ;;
    21)
      test-tcas  "1020 0 1 -3952 -6064 -10000 1 -8192 5872 0 2 0"
      ;;
    22)
      test-tcas  "208 1 1 -10000 6256 -9999 3 -48 -8464 0 2 0"
      ;;
    23)
      test-tcas  "240 1 1 2288 -9616 -10000 3 2300 3296 0 2 1"
      ;;
    24)
      test-tcas  "224 1 1 6320 6320 4320 1 5580 6256 0 2 1"
      ;;
    25)
      test-tcas  "-5904 1 1 6329 -6384 6328 1 0 6256 0 2 0"
      ;;
    26)
      test-tcas  "2288 0 1 -5008 240 3312 0 -104 -10000 0 2 1"
      ;;
    27)
      test-tcas  "300 1 1 6352 2288 -4368 2 6268 6368 0 2 1"
      ;;
    28)
      test-tcas  "208 1 1 -10000 6256 -9999 2 -48 -8464 0 2 0"
      ;;
    29)
      test-tcas  "1020 0 1 -3952 -6064 -10000 2 -8192 5872 0 2 0"
      ;;
    30)
      test-tcas  "112 1 1 4564 6192 4565 2 6332 1264 0 2 1"
      ;;
    31)
      test-tcas  "3248 1 1 -10000 2288 -9999 1 6332 720 0 2 1"
      ;;
    32)
      test-tcas  "4336 0 1 2736 112 4336 0 6364 5872 0 2 0"
      ;;
    33)
      test-tcas  "988 0 1 4336 240 -1808 2 10000 10000 0 2 0"
      ;;
    34)
      test-tcas  "6256 1 1 -5360 -10000 6320 2 2288 752 0 2 1"
      ;;
    35)
      test-tcas  "2288 0 1 -5008 240 3312 1 -104 -10000 0 2 1"
      ;;
    36)
      test-tcas  "1020 0 1 4336 240 -1072 0 2204 6256 0 2 1"
      ;;
    37)
      test-tcas  "2288 0 1 -5008 240 3312 2 -104 -10000 0 2 1"
      ;;
    38)
      test-tcas  "1020 0 1 -3952 -6064 -10000 0 -8192 5872 0 2 0"
      ;;
    39)
      test-tcas  "6256 1 1 336 6256 6320 3 -103 -2320 0 2 1"
      ;;
    40)
      test-tcas  "6256 1 1 336 6256 6320 2 -103 -2320 0 2 1"
      ;;
    41)
      test-tcas  "48 1 1 6256 -6128 6336 0 6380 4336 0 2 1"
      ;;
    42)
      test-tcas  "6352 1 1 -1288 6992 -5456 3 -8192 6352 0 2 0"
      ;;
    43)
      test-tcas  "6352 1 1 -1288 6992 -5456 2 -8192 6352 0 2 0"
      ;;
    44)
      test-tcas  "6256 0 1 2288 -1072 8208 1 9852 2288 0 2 1"
      ;;
    45)
      test-tcas  "4336 1 1 2960 -9104 -9328 3 6324 8304 0 2 1"
      ;;
    46)
      test-tcas  "2288 0 1 -5008 240 3312 3 -104 -10000 0 2 1"
      ;;
    47)
      test-tcas  "6320 1 1 -10000 -1808 -8992 0 2288 2288 0 2 1"
      ;;
    48)
      test-tcas  "2288 0 1 -6416 -10000 6352 2 6364 5872 0 2 0"
      ;;
    49)
      test-tcas  "2288 0 1 -8816 288 -5904 3 8428 8432 0 2 1"
      ;;
    50)
      test-tcas  "2672 1 1 3248 2288 -9104 1 6260 6360 0 2 1"
      ;;
    51)
      test-tcas  "-10000 1 1 -9180 4464 -9179 3 6332 4336 0 2 1"
      ;;
    52)
      test-tcas  "6352 1 1 -1288 6992 -5456 1 -8192 6352 0 2 0"
      ;;
    53)
      test-tcas  "6320 1 1 6320 -400 -800 0 6256 6356 0 2 1"
      ;;
    54)
      test-tcas  "6768 1 1 -5904 -1808 6256 3 6384 880 0 2 1"
      ;;
    55)
      test-tcas  "6352 1 1 -1288 6992 -5456 0 -8192 6352 0 2 0"
      ;;
esac
