'0 0 0 2 20 20 20'
'0 0 0 3 1 20 20'
'0 0 0 7 6 0 0'
'0 0 1 5 6 6 0'
'1 1 0 6 6 0 0'
'0 0 0 1 2 6 20'
'1 1 2 6 20 20 0'
'0 1 0 7 6 20 0'
'1 1 1 6 6 20 0'
'1 0 0 7 6 20 0'
'0 0 0 3 6 6 0'
'1 0 0 6 6 20 0'
'0 0 0 6 6 6 0'
'0 0 0 1 20 20 20'
'0 0 0 5 6 6 0'
'0 0 1 6 6 6 0'
'0 0 0 4 20 6 6'
'0 0 0 2 3 20 6'
'0 0 1 7 6 20 0'
'0 1 0 1 20 20 0'
'0 0 0 0 20 2 20'
'0 1 0 5 6 6 0'
'0 2 0 6 6 6 0'
'0 0 0 20 1 2 6'
'0 0 2 5 6 20 0'
'0 1 0 1 2 6 0'
'0 1 1 3 6 6 0'
'0 0 0 2 1 20 6'
'0 0 0 0 0 0 2'
'0 1 0 2 1 20 6'
'1 0 0 2 1 20 6'
'0 0 0 0 0 0 0'
'0 0 0 0 0 0 1'
'0 0 0 0 0 0 7'
'0 0 0 0 4 20 4'
'1 0 2 7 0 0 0'
'0 1 0 2 2 20 6'
'0 1 0 1 3 6 20'
'0 0 0 20 1 3 4'
'0 1 1 3 3 6 0'
'0 1 1 3 4 20 0'
'0 1 1 20 20 2 2'
'2 0 0 3 4 20 6'
'0 0 1 3 4 20 0'
