#!/bin/bash
set -euo pipefail
SCRIPT_DIR=$(cd "$(dirname "${BASH_SOURCE[0]}")" && pwd)
test-tcas () {
    diff -q <(${ANGELIX_RUN:-eval} ./tcas $1) <($SCRIPT_DIR/../golden/tcas $1) > /dev/null
}

case "$1" in
    1)
      test-tcas  "808 1 317 423 600 1988 3 416 795 0 1 1"
      ;;
    2)
      test-tcas  "706 1 246 695 466 1911 3 43 863 1 1 0"
      ;;
    3)
      test-tcas  "471 0 369 386 424 1040 1 743 248 1 0 0"
      ;;
    4)
      test-tcas  "135 1 532 368 947 8987 3 700 981 0 0 0"
      ;;
    5)
      test-tcas  "267 1 655 894 726 7501 2 618 60 0 1 0"
      ;;
    6)
      test-tcas  "618 1 516 305 829 8931 2 437 9 0 0 0"
      ;;
    7)
      test-tcas  "464 1 927 90 873 142 1 650 850 1 0 0"
      ;;
    8)
      test-tcas  "463 0 506 188 200 3448 0 72 595 0 1 0"
      ;;
    9)
      test-tcas  "221 1 960 984 297 8766 3 127 490 1 0 0"
      ;;
    10)
      test-tcas  "806 0 651 956 639 8478 1 928 162 1 0 0"
      ;;
    11)
      test-tcas  "226 1 364 471 879 8525 2 532 391 1 0 0"
      ;;
    12)
      test-tcas  "434 1 508 648 673 5924 0 924 562 1 0 1"
      ;;
    13)
      test-tcas  "595 1 547 667 593 4280 3 335 876 1 0 1"
      ;;
    14)
      test-tcas  "325 0 209 307 398 4941 2 591 167 1 1 0"
      ;;
    15)
      test-tcas  "274 0 36 851 541 2170 3 185 636 1 1 1"
      ;;
    16)
      test-tcas  "779 1 28 851 21 6188 0 797 6 0 0 1"
      ;;
    17)
      test-tcas  "441 0 562 550 754 8022 3 920 520 0 0 1"
      ;;
    18)
      test-tcas  "277 1 418 49 312 4943 3 206 825 0 1 1"
      ;;
    19)
      test-tcas  "649 1 613 519 355 4765 3 46 145 0 1 0"
      ;;
    20)
      test-tcas  "414 0 809 28 214 1469 2 752 195 0 1 1"
      ;;
    21)
      test-tcas  "715 0 382 675 992 3486 1 586 92 0 1 1"
      ;;
    22)
      test-tcas  "546 1 747 941 115 9550 3 647 28 1 0 1"
      ;;
    23)
      test-tcas  "591 0 285 232 630 5279 3 446 657 1 1 1"
      ;;
    24)
      test-tcas  "19 0 159 712 513 6570 0 711 139 0 1 0"
      ;;
    25)
      test-tcas  "722 1 501 589 92 3541 0 711 423 0 1 1"
      ;;
    26)
      test-tcas  "86 0 831 4 79 1054 0 45 703 1 0 1"
      ;;
    27)
      test-tcas  "631 0 201 733 962 8854 0 514 149 0 0 1"
      ;;
    28)
      test-tcas  "910 1 373 813 374 6061 3 319 749 1 1 0"
      ;;
    29)
      test-tcas  "731 1 404 189 723 1110 1 383 708 1 0 1"
      ;;
    30)
      test-tcas  "250 0 268 347 687 9324 3 220 50 0 0 1"
      ;;
    31)
      test-tcas  "610 1 654 795 253 6022 1 222 81 0 1 1"
      ;;
    32)
      test-tcas  "712 1 774 78 779 3544 3 816 35 1 0 0"
      ;;
    33)
      test-tcas  "277 1 930 830 45 5669 1 326 654 0 0 0"
      ;;
    34)
      test-tcas  "687 0 774 142 491 2729 1 882 586 0 0 1"
      ;;
    35)
      test-tcas  "131 1 499 273 781 5233 3 75 305 1 0 0"
      ;;
    36)
      test-tcas  "338 1 858 456 492 2983 1 445 862 1 1 1"
      ;;
esac
