#!/bin/bash
set -euo pipefail
SCRIPT_DIR=$(cd "$(dirname "${BASH_SOURCE[0]}")" && pwd)
test-tcas () {
    diff -q <(${ANGELIX_RUN:-eval} ./tcas $1) <($SCRIPT_DIR/../golden/tcas $1) > /dev/null
}

case "$1" in
    1)
      test-tcas  "904 0 834 176 820 5467 3 590 513 1 0 0"
      ;;
    2)
      test-tcas  "919 0 492 65 418 4932 0 816 293 0 1 1"
      ;;
    3)
      test-tcas  "532 0 995 358 630 809 3 106 357 0 1 1"
      ;;
    4)
      test-tcas  "176 1 189 198 90 7179 3 246 232 0 1 1"
      ;;
    5)
      test-tcas  "433 0 466 464 337 7055 2 623 378 1 0 0"
      ;;
    6)
      test-tcas  "57 1 70 13 545 6769 2 570 560 1 1 1"
      ;;
    7)
      test-tcas  "854 0 443 673 407 2097 2 971 599 1 1 1"
      ;;
    8)
      test-tcas  "226 1 487 138 203 9647 0 734 196 0 0 0"
      ;;
    9)
      test-tcas  "230 1 829 392 526 5787 3 287 434 1 0 0"
      ;;
    10)
      test-tcas  "346 0 25 101 909 3778 2 308 684 0 0 1"
      ;;
    11)
      test-tcas  "632 1 246 841 467 7882 3 429 956 1 0 0"
      ;;
    12)
      test-tcas  "705 1 322 789 848 991 0 594 299 0 1 0"
      ;;
    13)
      test-tcas  "934 1 13 864 138 9797 2 252 633 0 1 1"
      ;;
    14)
      test-tcas  "421 1 200 3 952 8692 2 437 364 1 0 1"
      ;;
    15)
      test-tcas  "723 1 79 544 739 408 2 220 350 0 1 0"
      ;;
    16)
      test-tcas  "898 1 718 343 357 7965 3 822 233 0 0 0"
      ;;
    17)
      test-tcas  "287 0 169 466 216 8704 3 68 756 0 1 0"
      ;;
    18)
      test-tcas  "482 1 26 877 718 7088 2 586 595 0 1 1"
      ;;
    19)
      test-tcas  "229 0 621 721 452 8552 2 474 272 1 0 0"
      ;;
    20)
      test-tcas  "480 0 134 307 436 1983 3 854 60 1 1 1"
      ;;
    21)
      test-tcas  "513 0 685 985 863 3339 1 958 290 0 1 0"
      ;;
    22)
      test-tcas  "0 1 974 610 112 7630 1 25 189 1 0 0"
      ;;
    23)
      test-tcas  "3 1 253 261 344 781 2 480 398 1 1 0"
      ;;
    24)
      test-tcas  "275 0 372 349 784 6961 1 401 414 1 0 1"
      ;;
    25)
      test-tcas  "813 0 286 138 753 665 2 437 669 0 1 0"
      ;;
    26)
      test-tcas  "414 1 802 140 758 6262 0 801 528 0 0 0"
      ;;
    27)
      test-tcas  "6 1 431 638 346 791 1 41 332 0 1 1"
      ;;
    28)
      test-tcas  "763 0 44 976 81 8605 3 746 681 1 1 1"
      ;;
    29)
      test-tcas  "474 1 558 5 875 8899 2 275 386 1 1 1"
      ;;
    30)
      test-tcas  "310 1 115 370 983 9338 1 66 57 1 1 1"
      ;;
    31)
      test-tcas  "37 0 240 18 261 847 2 910 954 1 0 0"
      ;;
    32)
      test-tcas  "814 1 93 550 832 142 0 995 680 1 0 1"
      ;;
    33)
      test-tcas  "87 0 397 670 25 7816 0 282 454 0 0 1"
      ;;
    34)
      test-tcas  "596 1 714 150 409 703 0 127 18 0 1 0"
      ;;
    35)
      test-tcas  "322 1 617 310 935 7818 0 804 878 0 1 0"
      ;;
    36)
      test-tcas  "170 0 852 126 582 9495 2 789 326 0 1 1"
      ;;
esac
