#!/bin/bash
set -euo pipefail
SCRIPT_DIR=$(cd "$(dirname "${BASH_SOURCE[0]}")" && pwd)
test-tcas () {
    diff -q <(${ANGELIX_RUN:-eval} ./tcas $1) <($SCRIPT_DIR/../golden/tcas $1) > /dev/null
}

case "$1" in
    1)
      test-tcas  "199 0 920 555 97 5090 2 772 430 1 0 0"
      ;;
    2)
      test-tcas  "972 1 293 188 648 9666 3 337 440 0 0 0"
      ;;
    3)
      test-tcas  "485 1 341 740 472 3313 2 369 440 0 0 1"
      ;;
    4)
      test-tcas  "27 1 64 460 242 1072 3 155 864 1 1 0"
      ;;
    5)
      test-tcas  "645 0 208 98 614 7015 0 379 873 1 1 1"
      ;;
    6)
      test-tcas  "490 0 587 818 250 9073 0 819 268 0 1 0"
      ;;
    7)
      test-tcas  "746 1 295 478 402 2739 2 418 461 0 1 1"
      ;;
    8)
      test-tcas  "431 1 828 645 280 5676 0 524 26 1 0 1"
      ;;
    9)
      test-tcas  "229 0 420 771 325 8241 2 907 261 1 0 0"
      ;;
    10)
      test-tcas  "433 0 678 309 494 6341 0 328 207 1 1 1"
      ;;
    11)
      test-tcas  "143 0 83 282 710 2903 1 918 657 1 0 0"
      ;;
    12)
      test-tcas  "972 0 903 888 813 2509 0 499 918 0 0 1"
      ;;
    13)
      test-tcas  "769 0 734 92 608 518 1 131 332 0 1 1"
      ;;
    14)
      test-tcas  "159 0 38 972 946 3101 2 734 987 0 1 0"
      ;;
    15)
      test-tcas  "150 0 902 614 234 8291 0 488 511 1 1 0"
      ;;
    16)
      test-tcas  "519 0 613 838 291 119 1 950 397 0 1 1"
      ;;
    17)
      test-tcas  "346 0 653 792 138 8443 3 369 12 1 1 0"
      ;;
    18)
      test-tcas  "718 1 287 590 981 5960 3 611 150 1 0 1"
      ;;
    19)
      test-tcas  "432 1 125 635 527 1262 0 350 897 0 1 0"
      ;;
    20)
      test-tcas  "417 1 773 82 642 2564 0 759 471 1 1 1"
      ;;
    21)
      test-tcas  "552 1 110 50 397 1000 3 892 775 1 0 0"
      ;;
    22)
      test-tcas  "656 0 633 701 635 5006 1 236 526 0 0 1"
      ;;
    23)
      test-tcas  "559 1 912 150 399 8447 1 507 36 1 1 0"
      ;;
    24)
      test-tcas  "452 1 321 328 839 4659 0 768 66 1 0 0"
      ;;
    25)
      test-tcas  "44 1 967 514 614 6580 3 246 570 0 0 1"
      ;;
    26)
      test-tcas  "516 0 67 57 266 9537 0 870 667 1 1 1"
      ;;
    27)
      test-tcas  "786 1 956 78 638 8134 1 578 765 1 0 0"
      ;;
    28)
      test-tcas  "260 1 454 497 39 1942 3 773 488 0 1 0"
      ;;
    29)
      test-tcas  "925 1 382 609 657 6472 1 978 810 0 0 0"
      ;;
    30)
      test-tcas  "524 0 812 726 542 6021 1 821 709 0 1 0"
      ;;
    31)
      test-tcas  "400 1 855 969 435 3623 1 801 625 1 0 1"
      ;;
    32)
      test-tcas  "669 0 762 227 780 370 3 37 71 1 1 1"
      ;;
    33)
      test-tcas  "434 0 555 619 359 1840 0 276 929 0 1 1"
      ;;
    34)
      test-tcas  "974 0 528 372 232 3278 2 802 184 0 1 0"
      ;;
    35)
      test-tcas  "131 0 608 43 995 7565 1 681 264 0 1 1"
      ;;
    36)
      test-tcas  "493 0 874 288 757 746 3 856 522 0 0 1"
      ;;
esac
