#!/bin/bash
set -euo pipefail
SCRIPT_DIR=$(cd "$(dirname "${BASH_SOURCE[0]}")" && pwd)
test-tcas () {
    diff -q <(${ANGELIX_RUN:-eval} ./tcas $1) <($SCRIPT_DIR/../golden/tcas $1) > /dev/null
}

case "$1" in
    1)
      test-tcas  "254 1 672 368 200 560 1 686 935 1 1 1"
      ;;
    2)
      test-tcas  "442 0 764 925 45 4103 1 644 737 0 0 0"
      ;;
    3)
      test-tcas  "537 0 237 151 152 7664 2 13 850 1 1 1"
      ;;
    4)
      test-tcas  "864 1 563 855 817 1649 2 286 649 1 1 1"
      ;;
    5)
      test-tcas  "264 1 438 591 642 9310 3 435 507 0 1 1"
      ;;
    6)
      test-tcas  "691 0 42 306 235 5665 0 490 940 0 1 0"
      ;;
    7)
      test-tcas  "482 0 276 610 453 5921 1 22 685 0 0 1"
      ;;
    8)
      test-tcas  "992 1 350 793 29 5992 2 507 308 1 0 0"
      ;;
    9)
      test-tcas  "564 1 668 769 515 9387 3 85 816 0 1 0"
      ;;
    10)
      test-tcas  "421 0 316 710 854 7291 3 403 900 1 0 1"
      ;;
    11)
      test-tcas  "53 0 717 379 654 2229 0 940 9 0 1 0"
      ;;
    12)
      test-tcas  "968 1 95 947 340 131 3 586 296 1 0 1"
      ;;
    13)
      test-tcas  "339 1 291 499 789 1035 0 154 707 1 0 1"
      ;;
    14)
      test-tcas  "102 1 281 417 833 5001 1 25 75 0 1 1"
      ;;
    15)
      test-tcas  "349 1 306 417 154 7086 3 270 927 1 1 1"
      ;;
    16)
      test-tcas  "628 1 21 203 548 3420 0 278 38 0 0 0"
      ;;
    17)
      test-tcas  "709 1 349 465 365 9621 2 230 292 1 0 1"
      ;;
    18)
      test-tcas  "828 0 864 324 70 2824 1 683 403 1 0 1"
      ;;
    19)
      test-tcas  "76 0 522 288 403 9653 3 977 293 0 0 0"
      ;;
    20)
      test-tcas  "716 1 383 339 407 4424 3 311 564 1 1 0"
      ;;
    21)
      test-tcas  "583 0 645 909 851 4769 3 975 489 0 1 0"
      ;;
    22)
      test-tcas  "480 0 814 275 43 5688 3 538 215 0 1 1"
      ;;
    23)
      test-tcas  "605 1 214 200 942 7853 1 616 587 1 1 0"
      ;;
    24)
      test-tcas  "431 0 231 609 694 1651 3 350 938 1 0 1"
      ;;
    25)
      test-tcas  "294 1 735 614 254 5152 3 752 606 0 0 0"
      ;;
    26)
      test-tcas  "41 1 20 279 708 1726 2 726 557 0 0 0"
      ;;
    27)
      test-tcas  "567 0 333 293 117 1617 0 836 576 1 0 0"
      ;;
    28)
      test-tcas  "884 1 653 963 318 1182 3 707 848 1 1 0"
      ;;
    29)
      test-tcas  "525 0 771 883 71 3954 1 385 458 1 1 0"
      ;;
    30)
      test-tcas  "571 0 46 99 186 8996 1 12 423 1 1 1"
      ;;
    31)
      test-tcas  "473 1 257 692 932 4305 3 770 259 0 1 1"
      ;;
    32)
      test-tcas  "974 0 982 384 955 6226 2 300 859 0 0 1"
      ;;
    33)
      test-tcas  "12 0 689 25 300 9996 3 544 514 0 0 0"
      ;;
    34)
      test-tcas  "351 0 394 724 730 1616 1 438 403 0 1 0"
      ;;
    35)
      test-tcas  "885 1 216 805 582 7284 2 796 600 0 1 1"
      ;;
    36)
      test-tcas  "163 1 487 869 723 3585 0 376 823 1 1 1"
      ;;
esac
