#!/bin/bash
set -euo pipefail
SCRIPT_DIR=$(cd "$(dirname "${BASH_SOURCE[0]}")" && pwd)
test-tcas () {
    diff -q <(${ANGELIX_RUN:-eval} ./tcas $1) <($SCRIPT_DIR/../golden/tcas $1) > /dev/null
}

case "$1" in
    1)
      test-tcas  "990 0 608 37 317 9532 2 575 107 1 1 1"
      ;;
    2)
      test-tcas  "772 1 564 896 536 6527 1 232 395 1 0 0"
      ;;
    3)
      test-tcas  "28 1 149 672 191 1458 1 834 883 1 1 1"
      ;;
    4)
      test-tcas  "305 1 678 795 181 2248 3 265 573 1 1 0"
      ;;
    5)
      test-tcas  "681 0 780 659 463 1422 3 685 141 0 1 0"
      ;;
    6)
      test-tcas  "759 1 950 626 29 8310 0 745 615 0 0 1"
      ;;
    7)
      test-tcas  "875 0 530 400 826 851 0 640 751 0 0 1"
      ;;
    8)
      test-tcas  "452 0 757 979 613 8687 2 823 126 0 1 0"
      ;;
    9)
      test-tcas  "498 1 427 898 694 6550 3 376 809 0 1 1"
      ;;
    10)
      test-tcas  "25 1 824 995 182 8960 0 209 119 0 0 1"
      ;;
    11)
      test-tcas  "675 1 905 379 861 3915 3 354 249 1 0 0"
      ;;
    12)
      test-tcas  "59 0 283 732 809 4667 2 736 596 1 1 0"
      ;;
    13)
      test-tcas  "272 0 310 466 845 4705 0 856 397 1 1 0"
      ;;
    14)
      test-tcas  "681 1 572 632 389 1851 3 824 717 0 0 1"
      ;;
    15)
      test-tcas  "493 0 297 822 630 2783 0 234 67 0 0 1"
      ;;
    16)
      test-tcas  "681 0 609 619 894 9460 2 265 798 1 0 1"
      ;;
    17)
      test-tcas  "692 1 208 404 834 3707 3 396 85 1 1 0"
      ;;
    18)
      test-tcas  "866 1 931 617 505 5741 0 977 638 0 1 0"
      ;;
    19)
      test-tcas  "774 0 703 741 533 6593 0 797 355 0 0 1"
      ;;
    20)
      test-tcas  "654 0 725 497 501 3281 3 622 918 1 0 1"
      ;;
    21)
      test-tcas  "797 0 234 874 234 9121 2 477 837 1 0 0"
      ;;
    22)
      test-tcas  "166 0 938 739 13 9844 2 249 668 1 1 0"
      ;;
    23)
      test-tcas  "664 1 154 876 762 9110 0 908 70 0 1 1"
      ;;
    24)
      test-tcas  "287 1 897 344 28 4646 3 365 50 1 1 0"
      ;;
    25)
      test-tcas  "5 0 517 94 30 8538 0 695 88 0 1 0"
      ;;
    26)
      test-tcas  "464 1 127 758 249 2225 1 69 958 1 1 0"
      ;;
    27)
      test-tcas  "634 1 893 515 960 8418 0 387 880 1 1 1"
      ;;
    28)
      test-tcas  "232 0 292 847 698 8549 1 185 161 1 1 0"
      ;;
    29)
      test-tcas  "202 0 740 920 46 5427 0 948 736 0 0 0"
      ;;
    30)
      test-tcas  "703 1 456 197 167 6512 1 505 17 0 0 1"
      ;;
    31)
      test-tcas  "905 1 156 710 295 3681 0 643 121 0 1 0"
      ;;
    32)
      test-tcas  "533 0 86 263 909 464 1 585 976 0 0 1"
      ;;
    33)
      test-tcas  "383 0 53 574 554 7559 1 386 936 1 0 0"
      ;;
    34)
      test-tcas  "91 0 479 151 163 1930 3 708 376 0 1 0"
      ;;
    35)
      test-tcas  "173 0 79 388 467 3977 1 815 297 1 1 1"
      ;;
    36)
      test-tcas  "849 1 567 52 404 1159 3 955 294 0 0 1"
      ;;
esac
