#!/bin/bash
set -euo pipefail
SCRIPT_DIR=$(cd "$(dirname "${BASH_SOURCE[0]}")" && pwd)
test-tcas () {
    diff -q <(${ANGELIX_RUN:-eval} ./tcas $1) <($SCRIPT_DIR/../golden/tcas $1) > /dev/null
}

case "$1" in
    1)
      test-tcas  "823 1 162 737 556 5017 1 716 494 0 1 1"
      ;;
    2)
      test-tcas  "653 1 758 108 879 3312 3 654 787 1 1 0"
      ;;
    3)
      test-tcas  "678 0 551 102 657 5476 2 668 383 0 1 1"
      ;;
    4)
      test-tcas  "958 1 771 274 256 2456 3 307 576 1 0 1"
      ;;
    5)
      test-tcas  "905 1 436 927 217 6213 2 742 172 0 1 1"
      ;;
    6)
      test-tcas  "309 1 865 628 320 3572 1 447 274 1 0 1"
      ;;
    7)
      test-tcas  "732 1 473 773 523 497 1 693 597 1 1 1"
      ;;
    8)
      test-tcas  "763 0 986 669 308 7160 1 57 478 1 0 1"
      ;;
    9)
      test-tcas  "538 1 357 268 662 2102 0 295 228 0 1 1"
      ;;
    10)
      test-tcas  "172 0 726 919 948 2579 1 728 282 1 1 0"
      ;;
    11)
      test-tcas  "361 1 578 352 300 8009 0 642 759 0 0 0"
      ;;
    12)
      test-tcas  "328 0 2 516 894 4115 0 178 533 0 1 1"
      ;;
    13)
      test-tcas  "584 0 465 956 512 7014 3 726 798 1 1 1"
      ;;
    14)
      test-tcas  "606 0 937 990 220 9115 1 11 253 1 0 0"
      ;;
    15)
      test-tcas  "485 0 408 191 735 2173 1 775 587 0 1 0"
      ;;
    16)
      test-tcas  "922 0 955 465 160 7354 2 319 837 1 1 0"
      ;;
    17)
      test-tcas  "616 0 393 425 170 7521 2 83 363 1 1 1"
      ;;
    18)
      test-tcas  "71 1 357 755 568 3330 3 981 815 0 0 0"
      ;;
    19)
      test-tcas  "198 1 238 836 205 1979 0 309 303 1 1 1"
      ;;
    20)
      test-tcas  "794 1 873 96 762 5654 3 773 282 0 1 1"
      ;;
    21)
      test-tcas  "985 0 166 316 685 5902 2 480 256 0 1 0"
      ;;
    22)
      test-tcas  "117 1 979 489 734 219 2 632 295 0 1 1"
      ;;
    23)
      test-tcas  "295 0 605 807 102 8171 2 171 715 0 0 1"
      ;;
    24)
      test-tcas  "813 1 964 878 904 6339 2 686 831 1 0 1"
      ;;
    25)
      test-tcas  "166 0 345 451 29 4280 2 601 710 1 1 0"
      ;;
    26)
      test-tcas  "43 0 23 662 877 7512 3 911 123 1 0 1"
      ;;
    27)
      test-tcas  "822 1 445 138 376 8338 1 623 599 0 0 0"
      ;;
    28)
      test-tcas  "515 0 886 250 903 1012 2 507 442 1 1 1"
      ;;
    29)
      test-tcas  "904 1 522 315 285 4414 1 828 935 1 0 1"
      ;;
    30)
      test-tcas  "716 0 746 655 977 2980 1 362 661 1 0 1"
      ;;
    31)
      test-tcas  "174 0 318 170 744 5165 2 268 860 0 1 1"
      ;;
    32)
      test-tcas  "67 0 487 344 797 8185 3 201 164 0 0 0"
      ;;
    33)
      test-tcas  "629 0 664 531 244 8160 3 497 739 1 1 1"
      ;;
    34)
      test-tcas  "47 0 489 847 15 6154 0 277 935 1 1 0"
      ;;
    35)
      test-tcas  "223 0 244 97 49 2849 0 938 970 1 1 1"
      ;;
    36)
      test-tcas  "635 0 513 822 482 7832 0 714 889 0 0 1"
      ;;
esac
