#!/bin/bash
set -euo pipefail
SCRIPT_DIR=$(cd "$(dirname "${BASH_SOURCE[0]}")" && pwd)
test-tcas () {
    diff -q <(${ANGELIX_RUN:-eval} ./tcas $1) <($SCRIPT_DIR/../golden/tcas $1) > /dev/null
}

case "$1" in
    1)
      test-tcas  "941 0 912 513 633 4363 0 255 167 1 1 1"
      ;;
    2)
      test-tcas  "264 0 421 875 447 3611 3 125 388 1 0 1"
      ;;
    3)
      test-tcas  "620 0 404 337 341 8866 2 268 323 0 1 1"
      ;;
    4)
      test-tcas  "721 1 216 325 704 3211 2 17 362 1 0 0"
      ;;
    5)
      test-tcas  "357 1 927 237 81 9873 0 67 905 0 1 1"
      ;;
    6)
      test-tcas  "267 0 773 28 908 2490 2 55 594 0 1 0"
      ;;
    7)
      test-tcas  "21 1 49 427 416 6601 2 179 577 1 0 0"
      ;;
    8)
      test-tcas  "647 1 100 171 26 2115 1 230 170 0 0 1"
      ;;
    9)
      test-tcas  "900 1 789 814 91 8021 0 769 224 0 0 0"
      ;;
    10)
      test-tcas  "365 1 216 361 570 1841 1 42 613 1 0 0"
      ;;
    11)
      test-tcas  "152 1 592 97 183 7244 3 461 665 0 1 0"
      ;;
    12)
      test-tcas  "733 0 21 587 766 3798 2 295 918 1 0 1"
      ;;
    13)
      test-tcas  "403 1 520 919 955 3166 1 418 389 1 1 1"
      ;;
    14)
      test-tcas  "134 1 884 780 919 5987 1 659 564 0 0 1"
      ;;
    15)
      test-tcas  "937 1 0 991 717 3369 3 500 552 0 0 0"
      ;;
    16)
      test-tcas  "560 0 965 578 902 6237 1 451 327 1 0 0"
      ;;
    17)
      test-tcas  "163 1 771 452 243 4837 3 598 617 1 0 0"
      ;;
    18)
      test-tcas  "735 0 508 130 963 9415 0 353 942 0 1 0"
      ;;
    19)
      test-tcas  "285 0 898 889 567 1477 1 485 367 1 1 0"
      ;;
    20)
      test-tcas  "383 1 594 22 273 3155 0 47 930 1 1 1"
      ;;
    21)
      test-tcas  "364 0 959 761 211 9988 2 768 186 1 0 1"
      ;;
    22)
      test-tcas  "441 1 118 679 905 9869 3 946 145 0 1 1"
      ;;
    23)
      test-tcas  "202 0 799 168 149 8101 3 787 819 0 0 0"
      ;;
    24)
      test-tcas  "287 1 968 817 178 5336 1 531 846 0 0 0"
      ;;
    25)
      test-tcas  "738 1 454 203 72 1698 2 553 31 0 1 0"
      ;;
    26)
      test-tcas  "280 1 663 802 546 6624 1 970 364 1 1 0"
      ;;
    27)
      test-tcas  "881 1 125 332 763 9856 3 50 850 1 1 1"
      ;;
    28)
      test-tcas  "190 1 945 985 466 4623 1 10 660 1 1 1"
      ;;
    29)
      test-tcas  "967 0 321 531 629 9318 2 510 331 0 0 1"
      ;;
    30)
      test-tcas  "292 1 61 378 933 8968 2 339 338 1 0 0"
      ;;
    31)
      test-tcas  "283 1 538 134 719 2431 2 488 26 1 0 0"
      ;;
    32)
      test-tcas  "225 1 752 234 610 5619 3 898 926 0 1 1"
      ;;
    33)
      test-tcas  "319 1 107 617 768 5063 2 832 582 0 1 1"
      ;;
    34)
      test-tcas  "894 0 170 393 742 9873 2 844 471 1 1 1"
      ;;
    35)
      test-tcas  "709 1 65 775 80 3530 3 889 169 1 1 0"
      ;;
    36)
      test-tcas  "979 1 239 474 279 82 2 141 776 1 0 1"
      ;;
esac
