'0 0 0
1 4
1 0
2 0 0
'
'0 0 0
1 0
3 2 0 00
'
'0 0 0
1 0
7 2 0 00
'
'0 0 0
'
'0 0 0
3 1 0
4 0
'
'0 0 0
1 0
1 0
2 0 0
'
'0 0 0
7 1 0
4 0
'
'0 0 0
1 0
1 1
2 0 0
'
'0 0 0
6 4 0
4 0
'
'9 0 0
4 0
4 0
4 0
'
'9 4 0
4 0
4 0
2 0 0
'
'9 0 0
1 0
4 0
4 00
'
'9 0 0
'
'9 0 0
3 4 0
4 0
'
'9 4 0
2 0 0
4 0
4 0
'
'1 0 9
2 0 00
4 0
4 0
'
'1 9 0
2 0 0
4 0
4 0
'
'0 1 0
1 3
1 1
2 0 0
'
'0 0 0
2 0 0
4 0
4 00
'
'0 0 0
4 0
4 0
2 0 0
'
'0 0 9
2 0 0
4 0
4 0
'
'0 9 0
4 0
4 0
2 0 0
'
'0 9 1
2 0 0
4 0
4 0
'
'1 0 0
7 1 0
4 0
'
'0 0 0
1 0
4 0
1 0
'
'0 0 0
5 1 0
4 0
'
'0 0 0
1 0
4 0
'
'0 0 0
1 0
4 0
2 0 0
'
'0 0 1
7 1 0
4 0
'
'0 0 0
2 0 00
4 0
4 00
'
'0 0 0
5 4 0
4 0
'
'0 0 0
4 00
4 0
2 0 0
'
'0 2 0
1 3
3 2 0 0
'
'0 0 0
6 1 0
4 0
'
'0 0 0
4 1
4 0
2 0 0
'
'0 0 0
4 11
4 0
2 0 0
'
'0 0 0
4 01
4 0
2 0 0
'
'0 0 0
2 0 1
4 0
4 00
'
'0 0 3
1 3
3 2 0 0
'
'1 0 0
5 1 0
4 0
'
'1 0 0
3 1 0
4 0
'
'0 0 0
2 1 0
4 0
4 0
'
'0 2 0
5 1 0
4 0
'
'2 0 0
5 1 0
4 0
'
'0 0 2
2 1 0
4 0
4 0
'
'0 1 1
2 1 0
4 0
4 0
'
'1 0 0
1 0
3 2 0 00
'
'0 3 0
5 4 00
4 00
'
'0 0 3
1 1
3 2 0 0
'
'1 1 1
2 1 0
4 0
4 0
'
