#!/bin/bash
set -euo pipefail
SCRIPT_DIR=$(cd "$(dirname "${BASH_SOURCE[0]}")" && pwd)
test-tcas () {
    diff -q <(${ANGELIX_RUN:-eval} ./tcas $1) <($SCRIPT_DIR/../golden/tcas $1) > /dev/null
}

case "$1" in
    1)
      test-tcas  "0 0 0 0 0 0 0 0 0 0 1 0"
      ;;
    2)
      test-tcas  "2272 1 0 6096 16 4336 0 -10000 6256 0 1 0"
      ;;
    3)
      test-tcas  "6256 1 1 -2032 112 6384 0 -7808 6256 0 2 0"
      ;;
    4)
      test-tcas  "2296 1 1 -7952 80 -10000 0 -8000 5872 0 2 0"
      ;;
    5)
      test-tcas  "2296 1 1 -4016 16 -5904 3 10000 10000 0 2 0"
      ;;
    6)
      test-tcas  "2296 1 1 2288 240 -1840 0 2560 6256 0 2 0"
      ;;
    7)
      test-tcas  "2288 1 1 -8944 -8976 6320 3 6264 -6416 0 2 1"
      ;;
    8)
      test-tcas  "2288 1 1 -8944 -8976 6320 2 6264 -6416 0 2 1"
      ;;
    9)
      test-tcas  "2288 1 1 -8944 -8976 6320 0 6264 -6416 0 2 1"
      ;;
    10)
      test-tcas  "2296 1 1 -7952 80 -10000 3 -8000 5872 0 2 0"
      ;;
    11)
      test-tcas  "2288 1 1 3696 240 -6416 0 -3 -6256 0 2 0"
      ;;
    12)
      test-tcas  "2288 1 1 3696 240 -6416 3 -3 -6256 0 2 0"
      ;;
    13)
      test-tcas  "2288 1 1 -8944 -8976 6320 1 6264 -6416 0 2 1"
      ;;
    14)
      test-tcas  "2288 1 1 3696 240 -6416 1 -3 -6256 0 2 0"
      ;;
    15)
      test-tcas  "2960 1 1 -9488 -8592 -10000 2 6380 2288 0 2 1"
      ;;
    16)
      test-tcas  "6032 1 1 3760 -9488 -10000 3 6380 2288 0 2 1"
      ;;
    17)
      test-tcas  "1872 1 1 -9992 96 -10000 0 2300 2288 0 2 1"
      ;;
    18)
      test-tcas  "2288 1 1 3696 240 -6416 2 -3 -6256 0 2 0"
      ;;
    19)
      test-tcas  "2680 1 1 -6032 80 -9968 2 10000 10000 0 2 0"
      ;;
    20)
      test-tcas  "1896 1 1 2704 80 240 1 10000 10000 0 2 0"
      ;;
    21)
      test-tcas  "2256 1 1 3184 112 -6416 1 3196 2288 0 2 1"
      ;;
    22)
      test-tcas  "2296 1 1 -7952 80 -10000 1 -8000 5872 0 2 0"
      ;;
    23)
      test-tcas  "6200 1 1 -9392 80 -10000 2 -8000 3184 0 2 0"
      ;;
esac
