#!/bin/bash
set -euo pipefail
SCRIPT_DIR=$(cd "$(dirname "${BASH_SOURCE[0]}")" && pwd)
test-tcas () {
    diff -q <(${ANGELIX_RUN:-eval} ./tcas $1) <($SCRIPT_DIR/../golden/tcas $1) > /dev/null
}

case "$1" in
    1)
      test-tcas  "0 0 0 0 0 0 0 0 0 0 1 0"
      ;;
    2)
      test-tcas  "-9104 1 0 -10000 240 -6384 0 -6416 5872 0 1 0"
      ;;
    3)
      test-tcas  "2160 1 1 -5392 336 -5392 0 -4 -2320 0 2 0"
      ;;
    4)
      test-tcas  "-10000 1 1 -7664 80 6352 0 2272 2288 0 2 0"
      ;;
    5)
      test-tcas  "4336 1 1 6256 -10000 -6112 0 2268 2288 0 2 0"
      ;;
    6)
      test-tcas  "10000 1 1 -3856 240 -6320 0 -8192 5872 0 2 0"
      ;;
    7)
      test-tcas  "-5968 1 1 -10000 112 -9999 1 -8260 -8464 0 2 1"
      ;;
    8)
      test-tcas  "240 1 1 -9008 600 6368 2 2288 640 0 2 1"
      ;;
    9)
      test-tcas  "-5968 1 1 -10000 112 -9999 0 -8260 -8464 0 2 1"
      ;;
    10)
      test-tcas  "2288 1 1 3184 80 6320 1 -3 -1936 0 2 0"
      ;;
    11)
      test-tcas  "-5968 1 1 -10000 112 -9999 3 -8260 -8464 0 2 1"
      ;;
    12)
      test-tcas  "-10000 1 1 -9999 80 -10000 3 2300 2400 0 2 1"
      ;;
    13)
      test-tcas  "48 1 1 -1936 80 -3696 3 -2048 -1936 0 2 0"
      ;;
    14)
      test-tcas  "-5968 1 1 -10000 112 -9999 2 -8260 -8464 0 2 1"
      ;;
    15)
      test-tcas  "10000 1 1 -3856 240 -6320 1 -8192 5872 0 2 0"
      ;;
    16)
      test-tcas  "48 1 1 -1936 80 -3696 0 -2048 -1936 0 2 0"
      ;;
    17)
      test-tcas  "2288 1 1 4304 16 6224 2 6256 1200 0 2 0"
      ;;
    18)
      test-tcas  "4336 1 1 -1807 -10000 -1824 1 6396 7280 0 2 0"
      ;;
    19)
      test-tcas  "2288 1 1 3184 80 6320 2 -3 -1936 0 2 0"
      ;;
    20)
      test-tcas  "272 1 1 -9991 80 -9992 1 2300 2400 0 2 1"
      ;;
    21)
      test-tcas  "80 1 1 -6032 -944 6320 1 6396 752 0 2 1"
      ;;
    22)
      test-tcas  "2288 1 1 -1968 -2960 6352 1 6332 500 0 2 1"
      ;;
    23)
      test-tcas  "272 1 1 -9184 112 -10000 0 2300 2400 0 2 1"
      ;;
    24)
      test-tcas  "-1936 1 1 -1936 -7440 -3632 2 -9104 -9003 0 2 1"
      ;;
    25)
      test-tcas  "2288 1 1 3184 80 6320 3 -3 -1936 0 2 0"
      ;;
    26)
      test-tcas  "16 1 1 -9104 -1936 2112 3 10000 4336 0 2 1"
      ;;
    27)
      test-tcas  "48 1 1 -1936 80 -3696 1 -2048 -1936 0 2 0"
      ;;
    28)
      test-tcas  "10000 1 1 -3856 240 -6320 3 -8192 5872 0 2 0"
      ;;
    29)
      test-tcas  "2288 1 1 3888 -5904 -10000 2 2300 2300 0 2 0"
      ;;
    30)
      test-tcas  "7344 1 1 -7440 -2032 -1840 3 6332 1312 0 2 1"
      ;;
    31)
      test-tcas  "240 1 1 -9616 600 6352 0 2288 400 0 2 1"
      ;;
    32)
      test-tcas  "-48 1 1 2336 16 -10000 2 2300 2400 0 2 1"
      ;;
    33)
      test-tcas  "10000 1 1 -3856 240 -6320 2 -8192 5872 0 2 0"
      ;;
    34)
      test-tcas  "4336 1 1 -1808 -7600 -2832 3 3484 6256 0 2 1"
      ;;
    35)
      test-tcas  "2288 1 1 3280 240 6384 0 6268 5872 0 2 0"
      ;;
    36)
      test-tcas  "2288 1 1 3184 80 6320 0 -3 -1936 0 2 0"
      ;;
esac
