#!/bin/bash
set -euo pipefail
SCRIPT_DIR=$(cd "$(dirname "${BASH_SOURCE[0]}")" && pwd)
test-tcas () {
    diff -q <(${ANGELIX_RUN:-eval} ./tcas $1) <($SCRIPT_DIR/../golden/tcas $1) > /dev/null
}

case "$1" in
    1)
      test-tcas  "104 1 294 849 896 6779 0 940 490 0 1 1"
      ;;
    2)
      test-tcas  "786 1 963 216 945 3368 3 280 255 1 0 1"
      ;;
    3)
      test-tcas  "886 0 744 515 387 5774 3 640 770 0 1 1"
      ;;
    4)
      test-tcas  "263 1 599 755 167 9386 0 485 739 0 0 0"
      ;;
    5)
      test-tcas  "729 1 608 579 988 9497 3 196 579 1 0 1"
      ;;
    6)
      test-tcas  "929 0 417 822 886 8551 2 853 957 1 1 1"
      ;;
    7)
      test-tcas  "656 1 813 328 606 1742 1 770 996 0 1 0"
      ;;
    8)
      test-tcas  "45 0 504 194 373 5621 3 945 550 1 0 0"
      ;;
    9)
      test-tcas  "652 0 759 529 350 7363 1 451 907 1 0 0"
      ;;
    10)
      test-tcas  "481 0 23 537 296 7581 0 425 561 0 0 1"
      ;;
    11)
      test-tcas  "515 0 107 152 605 6938 2 592 587 0 1 0"
      ;;
    12)
      test-tcas  "307 1 976 544 27 6413 0 329 398 1 0 0"
      ;;
    13)
      test-tcas  "635 0 576 708 3 2808 3 9 448 0 1 0"
      ;;
    14)
      test-tcas  "129 1 498 896 607 5101 2 851 676 0 0 1"
      ;;
    15)
      test-tcas  "177 1 630 924 625 3309 0 675 178 0 0 1"
      ;;
    16)
      test-tcas  "286 0 236 422 338 9937 1 907 765 0 1 0"
      ;;
    17)
      test-tcas  "364 0 227 788 29 4545 3 767 720 0 0 0"
      ;;
    18)
      test-tcas  "223 0 564 74 207 4713 1 954 135 1 0 0"
      ;;
    19)
      test-tcas  "841 0 22 177 942 1535 1 198 826 1 1 0"
      ;;
    20)
      test-tcas  "648 0 680 590 612 4905 0 824 845 1 1 0"
      ;;
    21)
      test-tcas  "333 0 671 583 699 3067 3 4 125 1 1 0"
      ;;
    22)
      test-tcas  "297 0 854 968 110 2411 0 567 765 0 1 0"
      ;;
    23)
      test-tcas  "49 1 151 678 786 7097 1 201 950 1 1 1"
      ;;
    24)
      test-tcas  "418 1 355 117 139 3944 0 540 359 1 0 0"
      ;;
    25)
      test-tcas  "565 0 245 711 56 6032 3 986 364 1 0 0"
      ;;
    26)
      test-tcas  "287 1 838 315 948 8661 2 253 133 0 0 1"
      ;;
    27)
      test-tcas  "137 1 581 989 470 3725 2 403 107 0 0 1"
      ;;
    28)
      test-tcas  "371 0 210 338 172 3112 2 701 84 0 0 0"
      ;;
    29)
      test-tcas  "663 1 905 930 457 8529 0 854 443 0 0 1"
      ;;
    30)
      test-tcas  "963 1 267 375 800 4102 0 198 733 0 0 0"
      ;;
    31)
      test-tcas  "764 1 451 447 216 9233 3 55 93 1 1 0"
      ;;
    32)
      test-tcas  "379 1 612 123 476 2542 2 934 591 0 0 1"
      ;;
esac
