#!/bin/bash
set -euo pipefail
SCRIPT_DIR=$(cd "$(dirname "${BASH_SOURCE[0]}")" && pwd)
test-tcas () {
    diff -q <(${ANGELIX_RUN:-eval} ./tcas $1) <($SCRIPT_DIR/../golden/tcas $1) > /dev/null
}

case "$1" in
    1)
      test-tcas  "642 1 908 823 945 4780 1 472 684 0 1 1"
      ;;
    2)
      test-tcas  "945 0 94 807 877 1258 1 829 574 1 1 0"
      ;;
    3)
      test-tcas  "252 1 537 393 139 8663 3 968 365 1 1 1"
      ;;
    4)
      test-tcas  "801 1 877 84 221 2406 2 902 403 0 1 0"
      ;;
    5)
      test-tcas  "769 1 528 129 945 6298 3 471 200 1 1 1"
      ;;
    6)
      test-tcas  "59 1 312 47 503 5179 0 274 92 0 1 0"
      ;;
    7)
      test-tcas  "25 0 464 448 625 4697 0 923 983 1 1 1"
      ;;
    8)
      test-tcas  "539 0 457 285 169 4795 3 385 977 1 1 0"
      ;;
    9)
      test-tcas  "317 0 943 0 790 7684 1 932 840 1 0 0"
      ;;
    10)
      test-tcas  "324 1 693 849 939 6099 1 667 638 1 0 1"
      ;;
    11)
      test-tcas  "272 0 939 173 504 3714 0 563 685 0 1 1"
      ;;
    12)
      test-tcas  "794 1 843 457 710 6517 3 538 85 0 0 1"
      ;;
    13)
      test-tcas  "807 1 984 612 597 1874 3 272 582 1 0 1"
      ;;
    14)
      test-tcas  "798 1 775 236 432 833 3 258 283 1 1 0"
      ;;
    15)
      test-tcas  "366 1 579 366 773 8989 2 933 956 1 1 1"
      ;;
    16)
      test-tcas  "323 1 15 734 646 1977 2 704 101 0 1 0"
      ;;
    17)
      test-tcas  "893 0 449 515 324 3256 2 225 861 0 0 0"
      ;;
    18)
      test-tcas  "205 1 124 190 646 4496 3 470 2 0 1 1"
      ;;
    19)
      test-tcas  "243 0 542 383 531 2349 0 828 740 0 0 1"
      ;;
    20)
      test-tcas  "717 0 853 277 451 9893 0 855 58 1 1 0"
      ;;
    21)
      test-tcas  "977 1 901 692 76 6410 2 177 391 1 0 1"
      ;;
    22)
      test-tcas  "118 0 331 819 50 5508 1 625 101 1 1 0"
      ;;
    23)
      test-tcas  "731 1 807 266 40 8870 3 753 84 0 1 1"
      ;;
    24)
      test-tcas  "469 1 810 192 606 1130 2 636 100 0 0 0"
      ;;
    25)
      test-tcas  "628 0 809 129 308 516 1 129 16 0 1 0"
      ;;
    26)
      test-tcas  "301 1 719 406 583 6 1 679 70 0 1 0"
      ;;
    27)
      test-tcas  "412 1 557 121 458 4743 0 268 577 0 0 0"
      ;;
    28)
      test-tcas  "963 0 43 85 978 3445 0 160 102 0 1 0"
      ;;
    29)
      test-tcas  "271 0 541 374 454 4421 0 793 100 1 1 0"
      ;;
    30)
      test-tcas  "708 1 284 838 121 673 2 454 337 1 0 0"
      ;;
    31)
      test-tcas  "529 0 154 251 726 3297 0 209 67 0 1 0"
      ;;
    32)
      test-tcas  "864 1 526 739 735 8148 3 58 941 0 0 0"
      ;;
esac
