#!/bin/bash
set -euo pipefail
SCRIPT_DIR=$(cd "$(dirname "${BASH_SOURCE[0]}")" && pwd)
test-tcas () {
    diff -q <(${ANGELIX_RUN:-eval} ./tcas $1) <($SCRIPT_DIR/../golden/tcas $1) > /dev/null
}

case "$1" in
    1)
      test-tcas  "273 0 551 491 962 7799 1 446 912 1 1 1"
      ;;
    2)
      test-tcas  "301 1 736 935 563 4707 1 20 732 1 1 1"
      ;;
    3)
      test-tcas  "742 1 300 120 674 3628 3 834 165 0 0 0"
      ;;
    4)
      test-tcas  "860 0 841 319 83 2586 0 864 629 0 1 0"
      ;;
    5)
      test-tcas  "922 0 857 802 597 6106 2 236 941 1 1 1"
      ;;
    6)
      test-tcas  "533 1 787 787 839 852 2 73 497 0 0 1"
      ;;
    7)
      test-tcas  "505 0 137 769 562 8018 1 577 355 0 1 1"
      ;;
    8)
      test-tcas  "686 1 578 586 940 3323 2 553 546 1 0 0"
      ;;
    9)
      test-tcas  "776 0 674 460 411 4581 3 790 585 1 1 1"
      ;;
    10)
      test-tcas  "353 0 666 998 373 9294 2 694 381 1 0 0"
      ;;
    11)
      test-tcas  "68 0 714 701 303 690 3 454 629 1 0 0"
      ;;
    12)
      test-tcas  "385 0 951 975 828 9985 0 715 124 1 0 1"
      ;;
    13)
      test-tcas  "159 0 850 884 701 5506 3 285 541 0 1 1"
      ;;
    14)
      test-tcas  "933 1 570 1 781 5524 1 778 787 0 1 1"
      ;;
    15)
      test-tcas  "968 1 259 673 768 1396 0 369 254 0 1 1"
      ;;
    16)
      test-tcas  "763 0 657 818 704 707 2 868 137 1 1 0"
      ;;
    17)
      test-tcas  "166 0 835 983 167 6698 3 273 340 0 1 1"
      ;;
    18)
      test-tcas  "115 1 478 922 496 272 3 729 510 0 0 0"
      ;;
    19)
      test-tcas  "536 0 753 255 470 4312 0 413 325 1 0 0"
      ;;
    20)
      test-tcas  "103 1 623 934 505 6934 0 334 330 1 1 1"
      ;;
    21)
      test-tcas  "211 1 256 289 679 617 3 329 402 1 1 0"
      ;;
    22)
      test-tcas  "876 0 162 261 726 7922 2 677 293 1 0 0"
      ;;
    23)
      test-tcas  "130 0 726 138 578 1689 2 742 648 0 0 0"
      ;;
    24)
      test-tcas  "16 0 934 671 52 8259 1 882 464 1 1 0"
      ;;
    25)
      test-tcas  "321 0 305 828 902 6324 3 536 111 0 1 1"
      ;;
    26)
      test-tcas  "925 0 396 667 668 1526 2 907 752 1 1 1"
      ;;
    27)
      test-tcas  "871 1 626 926 549 7862 3 52 366 1 1 0"
      ;;
    28)
      test-tcas  "154 1 690 801 951 1360 0 335 500 1 1 1"
      ;;
    29)
      test-tcas  "684 0 450 198 317 9285 3 324 384 1 1 1"
      ;;
    30)
      test-tcas  "925 1 850 315 479 9415 3 28 181 0 1 1"
      ;;
    31)
      test-tcas  "382 0 238 890 900 8609 0 157 850 0 0 1"
      ;;
    32)
      test-tcas  "317 0 317 745 4 8042 1 654 405 1 1 0"
      ;;
esac
