#!/bin/bash
set -euo pipefail
SCRIPT_DIR=$(cd "$(dirname "${BASH_SOURCE[0]}")" && pwd)
test-tcas () {
    diff -q <(${ANGELIX_RUN:-eval} ./tcas $1) <($SCRIPT_DIR/../golden/tcas $1) > /dev/null
}

case "$1" in
    1)
      test-tcas  "25 1 117 368 9 5465 3 27 792 1 1 0"
      ;;
    2)
      test-tcas  "884 1 691 781 295 7649 1 108 184 0 1 1"
      ;;
    3)
      test-tcas  "8 1 868 733 540 6585 2 890 643 0 0 1"
      ;;
    4)
      test-tcas  "940 1 248 621 360 9979 0 923 92 1 0 0"
      ;;
    5)
      test-tcas  "648 0 293 458 590 4174 3 648 955 1 1 0"
      ;;
    6)
      test-tcas  "590 0 869 838 393 3166 2 80 944 1 0 1"
      ;;
    7)
      test-tcas  "111 0 945 713 18 6674 1 213 166 1 0 1"
      ;;
    8)
      test-tcas  "631 0 952 227 960 4984 3 210 834 1 0 1"
      ;;
    9)
      test-tcas  "599 1 69 700 486 2772 3 701 733 1 1 0"
      ;;
    10)
      test-tcas  "820 1 983 945 726 5659 0 997 480 1 0 0"
      ;;
    11)
      test-tcas  "224 0 413 416 717 2102 2 761 469 1 0 0"
      ;;
    12)
      test-tcas  "702 1 844 174 922 9182 1 566 180 1 1 0"
      ;;
    13)
      test-tcas  "47 1 654 432 894 4032 0 953 323 1 1 1"
      ;;
    14)
      test-tcas  "518 1 879 371 818 3008 0 932 31 1 0 1"
      ;;
    15)
      test-tcas  "919 0 533 118 746 8265 3 492 35 1 0 1"
      ;;
    16)
      test-tcas  "462 0 431 147 362 6108 3 434 428 0 0 1"
      ;;
    17)
      test-tcas  "42 0 30 7 91 3455 0 923 299 0 0 1"
      ;;
    18)
      test-tcas  "828 0 810 91 382 7820 0 340 116 1 0 1"
      ;;
    19)
      test-tcas  "393 1 184 219 859 2544 0 513 342 0 0 0"
      ;;
    20)
      test-tcas  "813 1 915 92 6 2484 1 57 333 1 1 0"
      ;;
    21)
      test-tcas  "416 1 380 135 880 6044 1 453 72 0 1 1"
      ;;
    22)
      test-tcas  "14 1 968 980 199 7291 3 635 819 1 0 0"
      ;;
    23)
      test-tcas  "637 1 208 760 966 6957 1 142 200 0 1 0"
      ;;
    24)
      test-tcas  "880 0 78 524 574 3337 3 488 708 1 1 1"
      ;;
    25)
      test-tcas  "93 0 225 449 51 3569 1 141 981 1 0 1"
      ;;
    26)
      test-tcas  "667 1 597 120 878 2323 3 520 597 0 1 1"
      ;;
    27)
      test-tcas  "747 1 212 933 430 8801 3 588 482 1 1 0"
      ;;
    28)
      test-tcas  "653 0 492 705 803 3868 1 97 303 1 1 0"
      ;;
    29)
      test-tcas  "276 0 769 828 369 7352 0 137 533 0 1 0"
      ;;
    30)
      test-tcas  "662 0 182 722 23 901 1 538 100 1 1 1"
      ;;
    31)
      test-tcas  "881 1 330 72 614 4322 1 739 749 0 0 0"
      ;;
    32)
      test-tcas  "151 1 571 185 619 3082 1 61 450 0 1 0"
      ;;
esac
