#!/bin/bash
set -euo pipefail
SCRIPT_DIR=$(cd "$(dirname "${BASH_SOURCE[0]}")" && pwd)
test-tcas () {
    diff -q <(${ANGELIX_RUN:-eval} ./tcas $1) <($SCRIPT_DIR/../golden/tcas $1) > /dev/null
}

case "$1" in
    1)
      test-tcas  "624 1 447 77 499 7668 0 583 622 0 1 1"
      ;;
    2)
      test-tcas  "379 1 80 410 353 6563 1 463 513 0 1 0"
      ;;
    3)
      test-tcas  "524 0 443 34 660 9453 0 155 233 1 0 0"
      ;;
    4)
      test-tcas  "707 0 552 188 713 5327 3 268 986 0 1 1"
      ;;
    5)
      test-tcas  "830 0 993 23 116 2623 0 898 951 1 1 1"
      ;;
    6)
      test-tcas  "108 1 772 427 27 1220 3 148 695 0 0 0"
      ;;
    7)
      test-tcas  "982 1 86 220 116 5634 2 336 757 0 1 1"
      ;;
    8)
      test-tcas  "828 0 721 6 615 2249 3 44 860 1 1 1"
      ;;
    9)
      test-tcas  "543 1 599 51 788 1027 0 784 861 0 1 0"
      ;;
    10)
      test-tcas  "560 0 785 305 367 657 3 303 624 1 1 0"
      ;;
    11)
      test-tcas  "643 0 817 973 109 5577 1 398 343 1 0 1"
      ;;
    12)
      test-tcas  "3 0 656 934 574 3686 1 533 572 1 1 0"
      ;;
    13)
      test-tcas  "718 1 819 818 484 4919 0 575 291 1 0 0"
      ;;
    14)
      test-tcas  "363 1 349 618 680 3117 3 584 740 1 1 1"
      ;;
    15)
      test-tcas  "869 1 276 419 631 6848 2 817 487 1 0 0"
      ;;
    16)
      test-tcas  "215 0 957 67 790 8990 3 882 324 1 1 1"
      ;;
    17)
      test-tcas  "412 0 393 508 730 9948 0 412 989 1 0 1"
      ;;
    18)
      test-tcas  "448 1 39 952 5 5447 1 601 522 0 1 1"
      ;;
    19)
      test-tcas  "455 0 20 105 24 6754 0 532 169 1 0 0"
      ;;
    20)
      test-tcas  "233 1 773 336 906 9127 1 414 224 1 1 1"
      ;;
    21)
      test-tcas  "553 0 200 898 331 3108 1 618 32 0 0 0"
      ;;
    22)
      test-tcas  "211 1 265 172 765 3034 1 774 483 0 0 0"
      ;;
    23)
      test-tcas  "795 0 647 315 161 7903 0 134 897 0 0 0"
      ;;
    24)
      test-tcas  "358 0 651 716 305 1320 2 994 980 1 1 1"
      ;;
    25)
      test-tcas  "868 1 935 306 383 9886 2 77 760 0 0 1"
      ;;
    26)
      test-tcas  "217 0 866 958 82 2901 3 574 931 0 0 0"
      ;;
    27)
      test-tcas  "947 0 395 22 658 696 3 812 908 1 1 0"
      ;;
    28)
      test-tcas  "454 1 243 445 817 4347 1 521 120 0 0 0"
      ;;
    29)
      test-tcas  "468 0 998 918 61 5831 3 122 621 1 0 1"
      ;;
    30)
      test-tcas  "935 0 295 77 249 4966 2 646 30 0 0 0"
      ;;
    31)
      test-tcas  "116 1 713 966 621 7711 2 552 24 1 0 1"
      ;;
    32)
      test-tcas  "765 0 350 746 334 9514 2 50 252 1 0 0"
      ;;
esac
