#!/bin/bash
set -euo pipefail
SCRIPT_DIR=$(cd "$(dirname "${BASH_SOURCE[0]}")" && pwd)
test-tcas () {
    diff -q <(${ANGELIX_RUN:-eval} ./tcas $1) <($SCRIPT_DIR/../golden/tcas $1) > /dev/null
}

case "$1" in
    1)
      test-tcas  "195 0 351 741 683 5591 3 771 701 0 0 0"
      ;;
    2)
      test-tcas  "458 1 760 732 971 3249 3 640 263 1 0 1"
      ;;
    3)
      test-tcas  "564 0 287 56 553 9562 3 132 388 1 1 1"
      ;;
    4)
      test-tcas  "147 1 395 848 391 267 1 784 709 0 1 1"
      ;;
    5)
      test-tcas  "495 1 727 519 713 7577 1 906 59 0 0 0"
      ;;
    6)
      test-tcas  "783 1 215 30 387 1848 2 581 563 0 0 1"
      ;;
    7)
      test-tcas  "51 0 875 217 496 475 0 604 48 1 1 1"
      ;;
    8)
      test-tcas  "171 1 743 587 56 4488 0 870 127 0 1 1"
      ;;
    9)
      test-tcas  "320 1 595 195 256 8160 1 801 923 0 0 0"
      ;;
    10)
      test-tcas  "206 1 331 72 475 4085 2 193 414 0 0 0"
      ;;
    11)
      test-tcas  "481 1 994 285 691 5379 1 348 909 1 0 1"
      ;;
    12)
      test-tcas  "468 0 579 17 728 8173 1 616 133 1 1 0"
      ;;
    13)
      test-tcas  "442 0 823 96 71 1178 3 366 875 1 1 0"
      ;;
    14)
      test-tcas  "330 0 262 166 739 4928 0 120 37 1 1 0"
      ;;
    15)
      test-tcas  "756 1 861 142 969 1358 1 907 335 0 1 1"
      ;;
    16)
      test-tcas  "919 0 511 819 104 4534 2 52 757 1 0 1"
      ;;
    17)
      test-tcas  "782 1 664 371 321 5779 2 379 189 1 1 1"
      ;;
    18)
      test-tcas  "541 1 303 162 402 1006 1 379 444 1 0 0"
      ;;
    19)
      test-tcas  "317 1 357 576 913 4835 1 133 161 0 1 0"
      ;;
    20)
      test-tcas  "379 0 525 703 695 5033 2 753 805 1 0 1"
      ;;
    21)
      test-tcas  "150 1 347 448 633 1947 2 813 155 1 0 1"
      ;;
    22)
      test-tcas  "575 0 127 185 179 950 0 621 394 0 0 0"
      ;;
    23)
      test-tcas  "251 1 126 257 77 1406 3 352 991 0 0 1"
      ;;
    24)
      test-tcas  "34 0 173 601 206 3410 1 879 224 1 1 1"
      ;;
    25)
      test-tcas  "582 1 562 413 352 3399 3 723 234 0 1 1"
      ;;
    26)
      test-tcas  "532 1 786 170 138 1853 0 824 54 1 1 1"
      ;;
    27)
      test-tcas  "716 1 321 397 160 558 1 835 84 0 0 0"
      ;;
    28)
      test-tcas  "968 1 276 416 747 3343 2 386 935 1 1 1"
      ;;
    29)
      test-tcas  "748 0 340 818 508 2870 0 170 544 1 0 0"
      ;;
    30)
      test-tcas  "864 0 992 695 136 6876 2 903 862 1 0 1"
      ;;
    31)
      test-tcas  "210 0 490 580 635 273 2 62 320 1 0 1"
      ;;
    32)
      test-tcas  "429 1 644 818 374 4736 1 919 611 1 0 1"
      ;;
esac
