#!/bin/bash
set -euo pipefail
SCRIPT_DIR=$(cd "$(dirname "${BASH_SOURCE[0]}")" && pwd)
test-tcas () {
    diff -q <(${ANGELIX_RUN:-eval} ./tcas $1) <($SCRIPT_DIR/../golden/tcas $1) > /dev/null
}

case "$1" in
    1)
      test-tcas  "808 1 210 64 906 5536 2 80 188 0 0 0"
      ;;
    2)
      test-tcas  "948 0 282 591 229 87 2 859 676 0 0 1"
      ;;
    3)
      test-tcas  "749 1 794 765 501 8201 3 861 582 1 0 1"
      ;;
    4)
      test-tcas  "615 0 909 742 582 9108 2 618 400 0 1 1"
      ;;
    5)
      test-tcas  "465 1 368 685 500 5988 2 833 717 1 1 1"
      ;;
    6)
      test-tcas  "943 1 826 472 75 3340 3 760 931 0 1 0"
      ;;
    7)
      test-tcas  "352 1 879 759 185 6744 3 287 585 1 1 1"
      ;;
    8)
      test-tcas  "970 0 928 279 780 9359 3 492 183 1 0 1"
      ;;
    9)
      test-tcas  "747 1 774 748 126 7537 0 778 786 1 0 1"
      ;;
    10)
      test-tcas  "850 1 152 683 218 4290 3 336 193 0 1 1"
      ;;
    11)
      test-tcas  "25 0 370 595 896 4251 1 686 104 1 1 1"
      ;;
    12)
      test-tcas  "424 1 727 643 868 7031 1 401 369 1 0 1"
      ;;
    13)
      test-tcas  "234 0 502 685 565 7603 3 802 217 1 1 1"
      ;;
    14)
      test-tcas  "299 1 33 959 653 2532 3 432 232 1 1 1"
      ;;
    15)
      test-tcas  "801 1 687 201 933 9447 3 522 831 0 1 0"
      ;;
    16)
      test-tcas  "130 1 441 944 439 4216 1 345 73 1 1 1"
      ;;
    17)
      test-tcas  "109 0 283 27 630 5736 0 457 773 1 0 0"
      ;;
    18)
      test-tcas  "5 0 720 981 855 2196 2 189 187 0 0 1"
      ;;
    19)
      test-tcas  "984 1 371 900 535 5005 0 546 848 1 0 1"
      ;;
    20)
      test-tcas  "105 0 892 758 969 7371 0 734 613 0 0 1"
      ;;
    21)
      test-tcas  "385 0 347 753 155 3749 0 988 500 0 0 1"
      ;;
    22)
      test-tcas  "63 0 613 275 609 4043 0 148 534 0 1 1"
      ;;
    23)
      test-tcas  "845 0 439 458 902 2549 2 577 559 1 0 1"
      ;;
    24)
      test-tcas  "680 1 455 928 377 6157 0 442 766 1 1 1"
      ;;
    25)
      test-tcas  "449 1 651 414 424 9334 2 253 638 1 1 1"
      ;;
    26)
      test-tcas  "927 1 691 272 656 4790 2 645 998 0 1 1"
      ;;
    27)
      test-tcas  "392 1 852 670 410 8625 1 951 949 0 1 0"
      ;;
    28)
      test-tcas  "391 1 425 257 136 7000 3 909 706 1 1 1"
      ;;
    29)
      test-tcas  "422 1 983 552 543 8145 2 69 598 1 1 1"
      ;;
    30)
      test-tcas  "587 0 197 31 666 8658 0 983 901 1 1 1"
      ;;
    31)
      test-tcas  "694 0 633 976 513 6654 2 129 651 1 0 1"
      ;;
    32)
      test-tcas  "809 1 392 627 468 6379 2 768 141 1 1 1"
      ;;
    33)
      test-tcas  "838 1 443 899 255 9370 1 458 499 1 0 0"
      ;;
    34)
      test-tcas  "430 1 76 114 13 6156 2 894 460 0 1 1"
      ;;
    35)
      test-tcas  "285 1 90 620 841 9862 3 961 338 0 0 0"
      ;;
    36)
      test-tcas  "819 0 114 20 91 8846 0 515 142 0 1 0"
      ;;
    37)
      test-tcas  "135 1 806 859 687 9763 3 308 783 0 1 1"
      ;;
    38)
      test-tcas  "302 1 661 131 879 5081 0 787 515 0 0 1"
      ;;
    39)
      test-tcas  "123 0 689 835 987 182 3 114 927 1 0 0"
      ;;
    40)
      test-tcas  "827 0 401 951 42 4766 0 707 156 1 1 0"
      ;;
    41)
      test-tcas  "464 0 264 778 554 1173 3 939 384 0 0 0"
      ;;
    42)
      test-tcas  "251 0 124 438 166 8747 2 280 212 0 0 1"
      ;;
    43)
      test-tcas  "625 1 42 573 482 8138 0 162 97 1 1 1"
      ;;
    44)
      test-tcas  "423 1 500 809 61 2786 3 201 719 0 0 0"
      ;;
    45)
      test-tcas  "319 1 44 502 290 6528 2 89 973 0 1 1"
      ;;
    46)
      test-tcas  "472 0 169 500 730 6449 0 513 117 0 1 0"
      ;;
    47)
      test-tcas  "260 0 530 261 472 8699 2 829 626 1 1 1"
      ;;
    48)
      test-tcas  "976 0 477 614 46 2033 2 925 354 0 1 1"
      ;;
esac
