#!/bin/bash
set -euo pipefail
SCRIPT_DIR=$(cd "$(dirname "${BASH_SOURCE[0]}")" && pwd)
test-tcas () {
    diff -q <(${ANGELIX_RUN:-eval} ./tcas $1) <($SCRIPT_DIR/../golden/tcas $1) > /dev/null
}

case "$1" in
    1)
      test-tcas  "417 0 297 560 142 1466 0 981 11 1 1 1"
      ;;
    2)
      test-tcas  "590 0 591 903 660 5924 1 157 159 0 1 1"
      ;;
    3)
      test-tcas  "383 0 462 247 848 8076 3 926 267 1 1 0"
      ;;
    4)
      test-tcas  "402 1 836 672 186 5625 2 403 394 0 0 1"
      ;;
    5)
      test-tcas  "302 1 256 154 255 3110 0 162 766 0 0 1"
      ;;
    6)
      test-tcas  "811 0 372 366 277 1525 0 254 88 1 1 0"
      ;;
    7)
      test-tcas  "407 1 281 739 448 4769 3 827 856 1 0 0"
      ;;
    8)
      test-tcas  "316 0 613 71 41 1601 2 476 48 0 1 0"
      ;;
    9)
      test-tcas  "689 0 425 562 722 6388 3 83 331 0 0 1"
      ;;
    10)
      test-tcas  "882 1 581 810 874 2480 3 591 528 0 0 1"
      ;;
    11)
      test-tcas  "639 0 144 54 885 8545 3 936 551 1 1 1"
      ;;
    12)
      test-tcas  "725 1 614 823 366 644 0 267 300 1 1 0"
      ;;
    13)
      test-tcas  "118 1 407 72 149 1167 0 542 177 0 1 1"
      ;;
    14)
      test-tcas  "324 0 911 940 587 84 3 671 821 1 0 0"
      ;;
    15)
      test-tcas  "600 0 753 405 251 4193 1 538 554 1 1 1"
      ;;
    16)
      test-tcas  "31 1 519 317 510 6233 0 483 634 0 0 1"
      ;;
    17)
      test-tcas  "314 1 153 638 685 7852 3 205 985 1 1 0"
      ;;
    18)
      test-tcas  "934 0 563 101 593 8473 1 459 396 0 0 0"
      ;;
    19)
      test-tcas  "43 0 632 55 186 6097 3 483 412 1 1 1"
      ;;
    20)
      test-tcas  "841 0 812 802 763 6016 3 726 161 0 0 1"
      ;;
    21)
      test-tcas  "586 1 853 498 859 9264 2 148 279 1 0 1"
      ;;
    22)
      test-tcas  "538 0 884 421 340 4475 1 229 813 1 1 1"
      ;;
    23)
      test-tcas  "154 0 98 336 573 4505 2 693 567 1 1 0"
      ;;
    24)
      test-tcas  "703 1 688 628 632 2924 2 992 777 1 1 0"
      ;;
    25)
      test-tcas  "204 0 367 983 526 5044 1 696 277 0 0 0"
      ;;
    26)
      test-tcas  "97 0 910 526 245 3745 3 105 404 1 1 0"
      ;;
    27)
      test-tcas  "477 1 521 614 100 1829 1 729 878 0 0 0"
      ;;
    28)
      test-tcas  "952 1 618 806 340 85 0 624 661 0 1 0"
      ;;
    29)
      test-tcas  "250 0 687 12 406 3605 1 93 459 1 0 0"
      ;;
    30)
      test-tcas  "654 0 326 322 369 8198 3 784 10 1 1 0"
      ;;
    31)
      test-tcas  "64 0 365 698 153 3994 3 929 623 0 1 1"
      ;;
    32)
      test-tcas  "143 1 70 388 46 4517 1 196 624 0 1 1"
      ;;
    33)
      test-tcas  "437 0 934 783 718 6618 2 486 366 1 0 1"
      ;;
    34)
      test-tcas  "637 0 333 340 558 9720 3 959 315 0 0 1"
      ;;
    35)
      test-tcas  "338 0 518 186 568 1819 1 609 464 0 1 1"
      ;;
    36)
      test-tcas  "590 0 894 152 292 4619 1 838 813 0 0 1"
      ;;
    37)
      test-tcas  "402 1 393 155 413 1043 1 717 119 0 1 1"
      ;;
    38)
      test-tcas  "3 0 919 150 567 5176 0 932 286 0 1 1"
      ;;
    39)
      test-tcas  "192 1 406 252 725 7435 3 831 891 1 1 0"
      ;;
    40)
      test-tcas  "492 0 869 117 167 6439 2 509 244 1 1 1"
      ;;
    41)
      test-tcas  "975 0 82 217 513 3692 0 441 158 1 1 1"
      ;;
    42)
      test-tcas  "731 0 54 339 645 7709 2 911 195 1 0 0"
      ;;
    43)
      test-tcas  "804 1 391 382 492 751 0 241 638 1 1 0"
      ;;
    44)
      test-tcas  "171 0 903 368 699 3746 1 709 707 0 1 0"
      ;;
    45)
      test-tcas  "914 0 355 555 31 3336 2 56 709 1 0 1"
      ;;
    46)
      test-tcas  "167 0 278 562 101 9315 3 513 756 0 1 0"
      ;;
    47)
      test-tcas  "671 1 955 540 515 951 2 466 568 1 1 0"
      ;;
    48)
      test-tcas  "895 1 399 692 965 6877 0 128 497 1 0 1"
      ;;
esac
