#!/bin/bash
set -euo pipefail
SCRIPT_DIR=$(cd "$(dirname "${BASH_SOURCE[0]}")" && pwd)
test-tcas () {
    diff -q <(${ANGELIX_RUN:-eval} ./tcas $1) <($SCRIPT_DIR/../golden/tcas $1) > /dev/null
}

case "$1" in
    1)
      test-tcas  "821 0 74 190 889 4543 3 633 366 1 1 1"
      ;;
    2)
      test-tcas  "380 0 873 329 491 3449 2 489 455 0 1 1"
      ;;
    3)
      test-tcas  "313 0 348 508 750 5941 2 180 781 1 1 1"
      ;;
    4)
      test-tcas  "824 1 756 404 876 867 1 404 50 1 1 0"
      ;;
    5)
      test-tcas  "2 1 627 139 833 9949 3 884 905 0 0 0"
      ;;
    6)
      test-tcas  "633 0 881 552 721 4668 0 248 502 0 0 1"
      ;;
    7)
      test-tcas  "5 1 714 654 128 6194 0 597 834 1 0 0"
      ;;
    8)
      test-tcas  "584 0 834 161 333 5469 3 609 278 1 0 0"
      ;;
    9)
      test-tcas  "218 0 247 354 807 9973 1 846 215 0 1 1"
      ;;
    10)
      test-tcas  "708 1 179 353 438 4132 3 380 305 0 1 1"
      ;;
    11)
      test-tcas  "82 0 32 439 145 1671 1 864 29 1 0 1"
      ;;
    12)
      test-tcas  "740 1 335 122 214 452 2 800 573 1 0 1"
      ;;
    13)
      test-tcas  "841 1 636 324 620 3592 3 963 811 1 1 0"
      ;;
    14)
      test-tcas  "829 0 78 344 946 4793 1 746 303 1 0 0"
      ;;
    15)
      test-tcas  "870 1 14 118 144 876 1 602 623 1 0 1"
      ;;
    16)
      test-tcas  "193 0 549 763 388 593 2 727 124 1 0 1"
      ;;
    17)
      test-tcas  "895 1 180 454 632 5693 0 747 375 1 1 0"
      ;;
    18)
      test-tcas  "672 0 905 303 145 8164 0 322 980 1 0 0"
      ;;
    19)
      test-tcas  "185 0 182 194 351 6388 0 382 291 0 0 0"
      ;;
    20)
      test-tcas  "385 0 987 329 664 2724 2 47 688 0 0 0"
      ;;
    21)
      test-tcas  "27 0 890 699 745 5756 0 285 615 0 0 0"
      ;;
    22)
      test-tcas  "925 1 675 691 639 2087 0 873 368 1 1 1"
      ;;
    23)
      test-tcas  "76 1 363 680 699 5133 0 412 874 1 0 0"
      ;;
    24)
      test-tcas  "812 0 773 671 921 1944 0 876 179 0 1 0"
      ;;
    25)
      test-tcas  "388 0 809 829 426 3469 1 498 271 1 0 0"
      ;;
    26)
      test-tcas  "131 1 601 184 254 9158 2 760 78 0 1 1"
      ;;
    27)
      test-tcas  "222 1 391 739 433 3078 3 739 34 1 0 0"
      ;;
    28)
      test-tcas  "574 0 650 839 394 6012 2 218 529 1 1 0"
      ;;
    29)
      test-tcas  "926 1 399 818 271 6241 0 648 794 0 0 1"
      ;;
    30)
      test-tcas  "319 0 958 710 469 826 3 375 379 1 1 1"
      ;;
    31)
      test-tcas  "491 0 545 200 1 9328 1 447 319 0 1 0"
      ;;
    32)
      test-tcas  "458 0 78 933 618 2893 2 782 346 0 1 0"
      ;;
    33)
      test-tcas  "588 1 396 863 599 3642 1 605 175 1 1 1"
      ;;
    34)
      test-tcas  "916 0 788 477 256 2142 0 704 805 0 1 0"
      ;;
    35)
      test-tcas  "165 0 203 455 727 4644 0 362 139 1 0 0"
      ;;
    36)
      test-tcas  "60 0 923 697 537 6473 3 667 850 1 1 1"
      ;;
    37)
      test-tcas  "935 1 640 537 585 3749 2 367 442 0 0 0"
      ;;
    38)
      test-tcas  "450 0 960 521 826 2186 1 515 794 1 1 0"
      ;;
    39)
      test-tcas  "316 1 218 239 779 9375 3 762 154 0 0 0"
      ;;
    40)
      test-tcas  "435 1 258 383 272 5436 1 432 594 0 0 1"
      ;;
    41)
      test-tcas  "661 0 375 561 424 6411 2 334 310 1 0 0"
      ;;
    42)
      test-tcas  "531 0 72 249 791 5148 1 685 869 1 0 0"
      ;;
    43)
      test-tcas  "845 1 520 780 907 5802 0 586 568 1 0 0"
      ;;
    44)
      test-tcas  "793 1 747 352 46 307 3 47 478 0 1 0"
      ;;
    45)
      test-tcas  "529 0 524 718 34 8420 2 830 501 1 1 0"
      ;;
    46)
      test-tcas  "623 1 705 483 234 7079 0 146 852 0 1 0"
      ;;
    47)
      test-tcas  "688 0 438 834 483 9897 1 656 835 1 1 1"
      ;;
    48)
      test-tcas  "718 1 137 943 772 3658 0 215 533 0 1 0"
      ;;
esac
