#!/bin/bash
set -euo pipefail
SCRIPT_DIR=$(cd "$(dirname "${BASH_SOURCE[0]}")" && pwd)
test-tcas () {
    diff -q <(${ANGELIX_RUN:-eval} ./tcas $1) <($SCRIPT_DIR/../golden/tcas $1) > /dev/null
}

case "$1" in
    1)
      test-tcas  "656 0 492 45 684 9572 2 636 650 1 0 0"
      ;;
    2)
      test-tcas  "682 0 801 295 450 9288 0 423 693 1 0 0"
      ;;
    3)
      test-tcas  "742 0 331 565 48 2772 0 873 545 1 0 1"
      ;;
    4)
      test-tcas  "326 0 741 382 498 4257 3 559 288 1 0 1"
      ;;
    5)
      test-tcas  "429 1 111 865 611 4231 2 937 315 1 1 0"
      ;;
    6)
      test-tcas  "657 0 526 406 975 7820 2 85 745 0 1 0"
      ;;
    7)
      test-tcas  "100 0 868 45 643 1948 1 931 461 1 0 1"
      ;;
    8)
      test-tcas  "270 0 429 378 391 405 1 803 805 0 1 1"
      ;;
    9)
      test-tcas  "907 1 151 311 699 7309 1 158 38 1 1 1"
      ;;
    10)
      test-tcas  "301 1 472 108 237 1700 3 932 74 1 0 0"
      ;;
    11)
      test-tcas  "957 1 661 803 615 9250 2 222 743 1 0 0"
      ;;
    12)
      test-tcas  "973 0 371 368 445 1186 3 766 961 0 0 1"
      ;;
    13)
      test-tcas  "380 0 727 873 455 5641 0 113 568 1 0 0"
      ;;
    14)
      test-tcas  "893 1 802 340 366 2661 0 359 448 1 0 0"
      ;;
    15)
      test-tcas  "109 0 636 51 600 1055 2 918 606 1 0 1"
      ;;
    16)
      test-tcas  "76 1 116 719 584 3187 0 966 387 0 1 1"
      ;;
    17)
      test-tcas  "429 1 88 175 427 2630 2 988 827 0 1 1"
      ;;
    18)
      test-tcas  "860 1 898 57 142 9399 1 212 270 0 1 0"
      ;;
    19)
      test-tcas  "640 1 271 422 291 8174 2 676 899 0 0 0"
      ;;
    20)
      test-tcas  "200 1 7 220 7 6584 0 242 680 1 1 1"
      ;;
    21)
      test-tcas  "390 1 328 207 740 3211 3 5 378 0 0 1"
      ;;
    22)
      test-tcas  "8 1 976 47 842 8487 1 304 870 1 1 1"
      ;;
    23)
      test-tcas  "517 1 230 202 179 6145 1 862 841 1 1 0"
      ;;
    24)
      test-tcas  "507 0 918 583 421 8252 0 522 157 1 0 1"
      ;;
    25)
      test-tcas  "466 0 307 930 422 3219 0 583 794 0 0 0"
      ;;
    26)
      test-tcas  "791 0 312 484 243 3441 3 819 101 0 1 1"
      ;;
    27)
      test-tcas  "604 0 961 690 833 7443 2 30 411 1 0 1"
      ;;
    28)
      test-tcas  "44 0 329 443 191 550 0 230 647 1 0 0"
      ;;
    29)
      test-tcas  "12 1 308 766 12 8188 2 511 450 0 0 1"
      ;;
    30)
      test-tcas  "113 0 552 753 288 6963 2 90 703 1 0 0"
      ;;
    31)
      test-tcas  "581 0 776 184 213 602 2 160 902 1 1 0"
      ;;
    32)
      test-tcas  "384 1 258 362 897 764 3 814 820 0 1 0"
      ;;
    33)
      test-tcas  "470 1 908 461 958 6551 3 620 211 1 0 0"
      ;;
    34)
      test-tcas  "169 0 628 13 914 1340 0 262 964 1 1 0"
      ;;
    35)
      test-tcas  "276 0 894 104 526 1248 3 144 129 1 0 0"
      ;;
    36)
      test-tcas  "38 0 533 342 803 6213 1 911 544 1 0 0"
      ;;
    37)
      test-tcas  "466 0 576 829 294 2257 2 462 538 0 1 1"
      ;;
    38)
      test-tcas  "814 0 773 24 532 2009 3 323 162 0 1 1"
      ;;
    39)
      test-tcas  "909 0 964 732 103 51 1 27 807 0 1 1"
      ;;
    40)
      test-tcas  "160 1 917 335 735 25 1 631 787 0 1 1"
      ;;
    41)
      test-tcas  "576 1 492 882 108 1804 2 489 509 1 0 1"
      ;;
    42)
      test-tcas  "975 0 123 724 680 9288 1 28 288 0 1 1"
      ;;
    43)
      test-tcas  "741 0 558 93 824 2592 2 503 580 1 0 0"
      ;;
    44)
      test-tcas  "37 0 577 261 868 2571 0 484 544 0 1 1"
      ;;
    45)
      test-tcas  "240 1 86 823 290 689 2 238 235 1 0 0"
      ;;
    46)
      test-tcas  "594 0 433 60 324 3267 2 187 560 1 0 1"
      ;;
    47)
      test-tcas  "636 0 136 457 575 6136 2 166 215 1 1 0"
      ;;
    48)
      test-tcas  "861 0 403 32 927 3568 1 417 308 1 1 0"
      ;;
esac
