#!/bin/bash
set -euo pipefail
SCRIPT_DIR=$(cd "$(dirname "${BASH_SOURCE[0]}")" && pwd)
test-tcas () {
    diff -q <(${ANGELIX_RUN:-eval} ./tcas $1) <($SCRIPT_DIR/../golden/tcas $1) > /dev/null
}

case "$1" in
    1)
      test-tcas  "672 0 14 189 416 2285 1 751 516 1 0 0"
      ;;
    2)
      test-tcas  "27 1 691 673 258 5031 3 805 176 0 0 1"
      ;;
    3)
      test-tcas  "980 0 340 985 926 5278 0 748 636 1 1 0"
      ;;
    4)
      test-tcas  "288 1 498 529 266 229 3 897 99 1 0 1"
      ;;
    5)
      test-tcas  "756 1 450 411 666 8364 1 288 154 0 0 1"
      ;;
    6)
      test-tcas  "320 1 132 818 800 3288 0 632 240 0 0 0"
      ;;
    7)
      test-tcas  "760 1 740 441 191 8899 1 754 329 1 1 0"
      ;;
    8)
      test-tcas  "43 0 69 159 603 6684 1 707 212 1 0 1"
      ;;
    9)
      test-tcas  "379 0 85 941 390 5771 2 283 879 0 0 1"
      ;;
    10)
      test-tcas  "198 0 226 969 52 4705 2 461 651 1 1 0"
      ;;
    11)
      test-tcas  "471 1 558 401 538 596 0 538 60 0 0 1"
      ;;
    12)
      test-tcas  "130 0 125 943 174 6489 2 218 810 0 1 1"
      ;;
    13)
      test-tcas  "761 0 631 491 535 1389 0 796 644 0 0 1"
      ;;
    14)
      test-tcas  "236 0 999 546 146 9421 2 827 549 1 1 1"
      ;;
    15)
      test-tcas  "574 0 340 881 493 5086 1 181 322 0 1 1"
      ;;
    16)
      test-tcas  "995 0 451 84 584 489 1 358 362 0 0 0"
      ;;
    17)
      test-tcas  "945 0 146 27 105 7766 3 117 340 0 1 1"
      ;;
    18)
      test-tcas  "731 0 505 192 145 5725 2 139 379 0 1 0"
      ;;
    19)
      test-tcas  "399 1 462 869 445 3960 1 316 411 0 1 0"
      ;;
    20)
      test-tcas  "549 1 174 798 265 340 3 594 503 0 1 0"
      ;;
    21)
      test-tcas  "954 1 93 647 133 8899 3 888 179 1 1 1"
      ;;
    22)
      test-tcas  "100 0 890 898 40 4680 2 576 94 1 0 1"
      ;;
    23)
      test-tcas  "129 0 55 278 24 75 1 387 799 1 0 0"
      ;;
    24)
      test-tcas  "95 1 394 709 576 3612 0 147 890 0 1 0"
      ;;
    25)
      test-tcas  "5 0 514 995 845 6988 3 873 409 1 0 0"
      ;;
    26)
      test-tcas  "732 1 967 31 327 9463 3 5 50 0 1 0"
      ;;
    27)
      test-tcas  "625 1 814 196 433 425 2 314 554 1 0 0"
      ;;
    28)
      test-tcas  "463 0 71 888 225 1123 1 998 515 0 0 1"
      ;;
    29)
      test-tcas  "295 0 840 708 521 5170 3 896 834 1 0 1"
      ;;
    30)
      test-tcas  "764 0 792 773 647 4438 0 443 95 1 1 0"
      ;;
    31)
      test-tcas  "549 1 182 906 207 2482 1 75 340 0 1 0"
      ;;
    32)
      test-tcas  "822 1 664 70 503 1499 3 177 944 0 1 0"
      ;;
    33)
      test-tcas  "852 1 835 397 545 1228 2 436 657 0 0 1"
      ;;
    34)
      test-tcas  "314 0 741 478 994 8954 0 553 350 1 0 1"
      ;;
    35)
      test-tcas  "311 0 419 205 923 9026 3 690 480 0 1 0"
      ;;
    36)
      test-tcas  "694 0 25 516 836 7956 3 835 6 0 0 0"
      ;;
    37)
      test-tcas  "950 0 153 669 139 7276 2 379 139 0 0 0"
      ;;
    38)
      test-tcas  "649 0 595 424 983 865 0 669 176 1 1 1"
      ;;
    39)
      test-tcas  "334 0 43 497 348 6439 0 118 577 1 1 0"
      ;;
    40)
      test-tcas  "655 0 51 45 154 2317 3 609 427 0 1 1"
      ;;
    41)
      test-tcas  "595 1 43 674 301 425 2 437 567 1 1 0"
      ;;
    42)
      test-tcas  "789 0 128 495 692 4786 3 866 842 0 1 0"
      ;;
    43)
      test-tcas  "134 0 151 179 531 1482 3 568 217 0 0 1"
      ;;
    44)
      test-tcas  "224 0 581 722 572 1247 3 762 894 1 1 1"
      ;;
    45)
      test-tcas  "573 1 670 700 426 9418 1 723 52 0 1 0"
      ;;
    46)
      test-tcas  "65 0 698 252 567 64 3 556 374 0 0 1"
      ;;
    47)
      test-tcas  "712 0 127 810 330 1551 3 716 223 0 0 0"
      ;;
    48)
      test-tcas  "453 1 54 708 899 9719 0 617 70 0 1 1"
      ;;
esac
