#!/bin/bash
set -euo pipefail
SCRIPT_DIR=$(cd "$(dirname "${BASH_SOURCE[0]}")" && pwd)
test-tcas () {
    diff -q <(${ANGELIX_RUN:-eval} ./tcas $1) <($SCRIPT_DIR/../golden/tcas $1) > /dev/null
}

case "$1" in
    1)
      test-tcas  "212 1 858 205 15 8771 3 341 898 0 0 1"
      ;;
    2)
      test-tcas  "820 1 40 145 53 5356 1 347 285 1 0 0"
      ;;
    3)
      test-tcas  "72 0 988 55 141 7910 2 365 382 1 1 0"
      ;;
    4)
      test-tcas  "177 1 283 979 111 7581 1 661 970 1 1 0"
      ;;
    5)
      test-tcas  "405 1 727 329 575 6441 3 765 572 0 1 1"
      ;;
    6)
      test-tcas  "488 1 258 152 496 8678 3 424 439 1 1 0"
      ;;
    7)
      test-tcas  "19 0 943 724 839 598 3 54 223 1 0 1"
      ;;
    8)
      test-tcas  "952 0 315 137 813 5446 0 591 97 0 1 1"
      ;;
    9)
      test-tcas  "35 1 169 584 452 9360 1 971 822 0 1 1"
      ;;
    10)
      test-tcas  "282 0 876 881 114 8537 1 604 645 1 1 1"
      ;;
    11)
      test-tcas  "534 0 318 499 905 4881 1 174 877 1 0 1"
      ;;
    12)
      test-tcas  "608 0 686 895 82 8065 3 957 547 0 0 0"
      ;;
    13)
      test-tcas  "650 0 587 356 74 5958 3 490 682 0 0 1"
      ;;
    14)
      test-tcas  "979 0 260 768 992 2944 0 971 505 1 1 0"
      ;;
    15)
      test-tcas  "975 1 95 848 311 6549 2 96 183 0 1 0"
      ;;
    16)
      test-tcas  "448 1 160 243 786 7208 1 287 676 1 0 1"
      ;;
    17)
      test-tcas  "376 0 46 720 673 3830 3 266 789 0 0 0"
      ;;
    18)
      test-tcas  "959 0 47 248 903 9048 2 852 606 1 0 0"
      ;;
    19)
      test-tcas  "583 1 456 239 46 2778 3 591 243 0 1 1"
      ;;
    20)
      test-tcas  "537 0 665 512 679 814 1 390 121 1 1 0"
      ;;
    21)
      test-tcas  "154 1 740 680 117 6773 2 777 895 0 0 0"
      ;;
    22)
      test-tcas  "491 0 170 659 461 720 3 638 642 0 1 0"
      ;;
    23)
      test-tcas  "666 1 713 808 449 6221 3 439 2 1 1 0"
      ;;
    24)
      test-tcas  "619 0 481 903 754 9502 2 849 672 0 0 1"
      ;;
    25)
      test-tcas  "242 0 767 642 119 9671 3 508 885 0 1 1"
      ;;
    26)
      test-tcas  "652 1 571 755 40 7751 0 322 416 1 1 0"
      ;;
    27)
      test-tcas  "778 1 311 0 667 4442 3 138 79 0 1 1"
      ;;
    28)
      test-tcas  "407 0 857 350 94 2195 3 985 780 1 1 1"
      ;;
    29)
      test-tcas  "457 0 725 596 324 6230 3 268 797 1 0 1"
      ;;
    30)
      test-tcas  "379 1 116 307 935 1642 3 267 223 1 0 1"
      ;;
    31)
      test-tcas  "417 1 395 684 751 9704 0 202 351 1 0 1"
      ;;
    32)
      test-tcas  "766 1 587 240 730 5840 1 800 190 0 1 1"
      ;;
    33)
      test-tcas  "684 1 622 537 780 4571 1 858 347 0 1 0"
      ;;
    34)
      test-tcas  "139 1 190 311 292 3002 1 690 112 1 1 0"
      ;;
    35)
      test-tcas  "710 1 433 241 870 4111 1 570 795 0 0 0"
      ;;
    36)
      test-tcas  "257 0 11 475 1 4225 3 382 200 1 1 1"
      ;;
    37)
      test-tcas  "134 0 606 598 280 5669 1 580 460 0 1 0"
      ;;
    38)
      test-tcas  "737 0 490 281 274 5549 1 374 519 0 0 0"
      ;;
    39)
      test-tcas  "616 0 427 120 162 5099 0 603 81 1 0 1"
      ;;
    40)
      test-tcas  "576 0 965 386 920 907 1 293 57 1 0 0"
      ;;
    41)
      test-tcas  "850 1 7 405 89 9647 1 105 301 0 1 0"
      ;;
    42)
      test-tcas  "751 0 505 155 999 1700 2 100 793 0 0 0"
      ;;
    43)
      test-tcas  "119 1 166 373 712 6277 0 182 416 1 1 1"
      ;;
    44)
      test-tcas  "365 1 177 993 40 1236 0 425 974 1 0 1"
      ;;
    45)
      test-tcas  "978 1 200 162 552 4916 0 174 309 1 0 1"
      ;;
    46)
      test-tcas  "95 0 195 288 716 4782 0 303 88 1 0 0"
      ;;
    47)
      test-tcas  "944 1 65 659 153 8626 1 401 150 0 1 0"
      ;;
    48)
      test-tcas  "896 0 593 109 332 8478 1 825 277 1 0 0"
      ;;
esac
