#!/bin/bash
set -euo pipefail
SCRIPT_DIR=$(cd "$(dirname "${BASH_SOURCE[0]}")" && pwd)
test-tcas () {
    diff -q <(${ANGELIX_RUN:-eval} ./tcas $1) <($SCRIPT_DIR/../golden/tcas $1) > /dev/null
}

case "$1" in
    1)
      test-tcas  "785 0 946 438 599 5869 3 449 824 0 1 1"
      ;;
    2)
      test-tcas  "630 0 526 846 737 8681 2 438 272 1 0 0"
      ;;
    3)
      test-tcas  "526 0 625 996 143 2585 3 11 749 1 0 0"
      ;;
    4)
      test-tcas  "157 0 384 184 32 860 1 948 380 0 1 1"
      ;;
    5)
      test-tcas  "277 1 63 712 19 8654 2 242 276 1 1 0"
      ;;
    6)
      test-tcas  "888 1 495 346 667 4682 0 218 922 0 1 0"
      ;;
    7)
      test-tcas  "469 1 729 181 580 5286 3 668 624 1 0 1"
      ;;
    8)
      test-tcas  "217 0 496 484 275 9393 1 632 750 0 0 0"
      ;;
    9)
      test-tcas  "724 1 309 636 213 8848 3 370 283 0 0 1"
      ;;
    10)
      test-tcas  "18 0 683 990 476 1831 3 203 18 1 1 1"
      ;;
    11)
      test-tcas  "289 0 109 452 695 7388 2 287 442 0 1 1"
      ;;
    12)
      test-tcas  "58 1 9 766 872 6657 3 954 81 1 0 1"
      ;;
    13)
      test-tcas  "899 1 981 849 769 1139 1 61 773 0 0 1"
      ;;
    14)
      test-tcas  "180 1 187 190 559 237 0 790 974 0 1 0"
      ;;
    15)
      test-tcas  "577 1 749 101 351 9450 0 629 836 0 0 0"
      ;;
    16)
      test-tcas  "422 0 493 708 192 6866 3 655 376 1 1 0"
      ;;
    17)
      test-tcas  "162 1 349 811 11 9112 1 974 629 1 0 0"
      ;;
    18)
      test-tcas  "458 0 106 240 861 8567 3 48 191 1 1 1"
      ;;
    19)
      test-tcas  "587 0 144 55 644 1545 2 729 63 0 1 0"
      ;;
    20)
      test-tcas  "30 0 79 832 335 2150 2 205 175 1 1 0"
      ;;
    21)
      test-tcas  "180 1 130 464 469 8796 3 566 395 0 0 0"
      ;;
    22)
      test-tcas  "257 0 271 235 427 9764 3 492 245 0 1 0"
      ;;
    23)
      test-tcas  "527 1 5 534 767 816 1 556 892 1 1 1"
      ;;
    24)
      test-tcas  "988 0 850 352 513 1644 3 833 373 0 0 0"
      ;;
    25)
      test-tcas  "661 1 297 752 5 8976 1 930 247 0 1 1"
      ;;
    26)
      test-tcas  "591 1 180 726 490 2260 2 225 227 1 1 0"
      ;;
    27)
      test-tcas  "616 1 46 310 260 3285 3 922 533 1 1 0"
      ;;
    28)
      test-tcas  "836 0 203 513 695 3587 3 652 946 1 0 0"
      ;;
    29)
      test-tcas  "615 1 718 503 75 3261 3 636 727 0 0 0"
      ;;
    30)
      test-tcas  "770 0 648 617 559 1703 3 944 720 1 0 1"
      ;;
    31)
      test-tcas  "420 1 352 86 166 4931 0 118 64 0 1 1"
      ;;
    32)
      test-tcas  "742 1 654 920 32 5424 0 414 60 0 1 0"
      ;;
    33)
      test-tcas  "631 1 127 175 635 8908 3 54 762 0 1 1"
      ;;
    34)
      test-tcas  "976 0 654 799 43 8191 0 305 922 0 1 0"
      ;;
    35)
      test-tcas  "946 1 830 484 568 7013 3 801 895 1 1 0"
      ;;
    36)
      test-tcas  "342 1 606 351 544 6918 0 371 83 1 0 1"
      ;;
    37)
      test-tcas  "673 0 932 965 202 7404 3 663 435 1 0 1"
      ;;
    38)
      test-tcas  "238 0 905 23 885 4013 2 154 418 0 1 0"
      ;;
    39)
      test-tcas  "14 0 241 154 33 662 1 607 743 1 1 0"
      ;;
    40)
      test-tcas  "721 0 579 565 580 1276 0 747 988 0 1 1"
      ;;
    41)
      test-tcas  "897 1 347 786 545 1811 1 853 39 1 0 0"
      ;;
    42)
      test-tcas  "301 1 597 509 716 6899 1 123 86 1 0 0"
      ;;
    43)
      test-tcas  "394 0 317 486 439 5722 2 10 625 0 1 1"
      ;;
    44)
      test-tcas  "45 1 386 589 547 9268 3 326 648 1 0 1"
      ;;
    45)
      test-tcas  "986 1 365 596 532 5862 0 712 892 1 0 0"
      ;;
    46)
      test-tcas  "889 1 893 797 38 3777 3 85 665 1 0 1"
      ;;
    47)
      test-tcas  "218 0 455 441 711 8856 3 916 379 1 1 0"
      ;;
    48)
      test-tcas  "329 0 779 4 405 1372 1 658 532 0 1 1"
      ;;
esac
