#!/bin/bash
set -euo pipefail
SCRIPT_DIR=$(cd "$(dirname "${BASH_SOURCE[0]}")" && pwd)
test-tcas () {
    diff -q <(${ANGELIX_RUN:-eval} ./tcas $1) <($SCRIPT_DIR/../golden/tcas $1) > /dev/null
}

case "$1" in
    1)
      test-tcas  "596 1 181 675 107 2786 1 101 167 1 0 0"
      ;;
    2)
      test-tcas  "703 1 123 516 305 351 1 360 593 0 1 1"
      ;;
    3)
      test-tcas  "321 0 492 305 203 1773 3 424 185 0 0 1"
      ;;
    4)
      test-tcas  "164 1 315 768 971 6645 1 133 743 1 0 1"
      ;;
    5)
      test-tcas  "723 1 936 327 874 6365 2 132 671 1 0 1"
      ;;
    6)
      test-tcas  "862 0 46 247 0 9748 0 30 75 1 0 0"
      ;;
    7)
      test-tcas  "609 0 592 14 196 5159 3 527 554 1 1 0"
      ;;
    8)
      test-tcas  "839 0 63 639 112 9165 1 738 610 0 0 0"
      ;;
    9)
      test-tcas  "662 1 920 485 918 1394 2 169 820 1 1 1"
      ;;
    10)
      test-tcas  "110 0 358 63 527 8450 1 905 741 1 1 1"
      ;;
    11)
      test-tcas  "19 0 18 842 48 6282 1 450 882 1 0 1"
      ;;
    12)
      test-tcas  "944 1 880 641 630 415 3 474 101 0 1 0"
      ;;
    13)
      test-tcas  "495 1 205 465 933 6921 1 301 368 1 1 1"
      ;;
    14)
      test-tcas  "547 1 171 844 93 3860 1 429 987 1 0 1"
      ;;
    15)
      test-tcas  "546 0 691 747 318 3273 2 683 190 1 0 1"
      ;;
    16)
      test-tcas  "393 0 843 987 54 7550 0 737 342 1 0 1"
      ;;
    17)
      test-tcas  "325 1 401 763 118 1200 2 725 989 1 1 0"
      ;;
    18)
      test-tcas  "666 1 66 512 218 9685 2 486 513 1 1 1"
      ;;
    19)
      test-tcas  "449 0 238 643 872 1055 3 676 327 1 1 1"
      ;;
    20)
      test-tcas  "556 0 492 958 986 3612 2 482 272 1 0 1"
      ;;
    21)
      test-tcas  "319 0 324 659 127 3818 3 33 219 0 1 0"
      ;;
    22)
      test-tcas  "385 1 263 731 950 3003 2 823 821 0 1 1"
      ;;
    23)
      test-tcas  "108 0 17 293 210 9270 0 490 858 0 1 1"
      ;;
    24)
      test-tcas  "794 1 47 90 387 2270 1 199 772 0 0 0"
      ;;
    25)
      test-tcas  "765 1 743 783 144 3188 3 602 658 0 1 0"
      ;;
    26)
      test-tcas  "465 0 245 956 584 427 3 946 331 0 1 1"
      ;;
    27)
      test-tcas  "646 1 948 931 668 3070 1 290 945 1 1 0"
      ;;
    28)
      test-tcas  "126 0 806 458 110 9165 0 103 158 0 0 0"
      ;;
    29)
      test-tcas  "625 1 685 162 598 4374 3 577 921 0 0 1"
      ;;
    30)
      test-tcas  "796 1 310 329 389 8374 1 988 639 0 1 0"
      ;;
    31)
      test-tcas  "794 1 671 107 12 1750 0 196 744 0 0 0"
      ;;
    32)
      test-tcas  "522 0 235 560 185 4848 2 55 560 0 1 0"
      ;;
    33)
      test-tcas  "98 0 810 233 991 2286 2 951 842 0 1 0"
      ;;
    34)
      test-tcas  "72 0 578 926 836 2431 1 47 390 0 1 0"
      ;;
    35)
      test-tcas  "523 0 515 248 890 234 3 972 800 0 0 0"
      ;;
    36)
      test-tcas  "326 0 254 296 369 4326 2 699 679 0 0 0"
      ;;
    37)
      test-tcas  "682 0 349 337 370 5217 1 246 441 0 0 0"
      ;;
    38)
      test-tcas  "338 0 927 842 827 827 3 505 287 0 0 1"
      ;;
    39)
      test-tcas  "914 1 783 448 682 8417 2 69 947 1 0 1"
      ;;
    40)
      test-tcas  "304 0 209 548 434 8208 3 323 422 0 1 0"
      ;;
    41)
      test-tcas  "242 1 116 176 918 3727 2 292 132 0 0 1"
      ;;
    42)
      test-tcas  "916 0 379 640 434 7006 0 808 732 1 0 1"
      ;;
    43)
      test-tcas  "799 1 854 979 221 3357 0 514 212 0 1 0"
      ;;
    44)
      test-tcas  "828 0 43 852 725 454 0 949 916 1 0 1"
      ;;
    45)
      test-tcas  "583 0 77 752 179 9894 2 597 694 0 0 1"
      ;;
    46)
      test-tcas  "219 0 422 628 637 6295 3 227 591 0 0 0"
      ;;
    47)
      test-tcas  "639 0 604 23 888 9312 3 144 222 1 0 1"
      ;;
    48)
      test-tcas  "684 1 147 677 459 7721 1 133 401 1 1 1"
      ;;
esac
