#!/bin/bash
set -euo pipefail
SCRIPT_DIR=$(cd "$(dirname "${BASH_SOURCE[0]}")" && pwd)
test-tcas () {
    diff -q <(${ANGELIX_RUN:-eval} ./tcas $1) <($SCRIPT_DIR/../golden/tcas $1) > /dev/null
}

case "$1" in
    1)
      test-tcas  "40 0 767 531 574 5957 1 27 35 1 1 1"
      ;;
    2)
      test-tcas  "581 1 652 609 206 7994 2 162 853 0 0 0"
      ;;
    3)
      test-tcas  "816 1 472 945 756 9888 0 910 895 1 1 1"
      ;;
    4)
      test-tcas  "73 1 806 965 370 6071 0 129 982 0 0 0"
      ;;
    5)
      test-tcas  "840 0 555 900 250 5874 2 999 478 0 0 0"
      ;;
    6)
      test-tcas  "773 0 901 194 797 3150 0 707 814 0 0 1"
      ;;
    7)
      test-tcas  "264 1 46 256 558 4159 2 338 10 0 1 0"
      ;;
    8)
      test-tcas  "847 0 893 267 122 9730 1 641 209 0 0 0"
      ;;
    9)
      test-tcas  "244 0 155 258 536 4389 1 436 492 0 0 0"
      ;;
    10)
      test-tcas  "40 1 928 49 908 6531 1 552 331 0 0 0"
      ;;
    11)
      test-tcas  "954 1 542 102 751 9785 2 204 763 1 1 1"
      ;;
    12)
      test-tcas  "308 1 500 667 164 6443 1 797 837 0 1 0"
      ;;
    13)
      test-tcas  "699 0 485 969 242 9295 3 87 118 1 1 1"
      ;;
    14)
      test-tcas  "945 0 902 493 111 8334 1 642 885 0 0 1"
      ;;
    15)
      test-tcas  "244 0 14 668 702 3587 3 446 345 0 1 0"
      ;;
    16)
      test-tcas  "953 0 622 555 834 4853 2 410 485 0 0 1"
      ;;
    17)
      test-tcas  "728 0 319 304 317 3319 1 436 305 0 1 0"
      ;;
    18)
      test-tcas  "656 1 643 371 684 8876 1 484 903 1 1 1"
      ;;
    19)
      test-tcas  "787 1 983 612 757 557 3 939 431 1 0 1"
      ;;
    20)
      test-tcas  "801 0 819 508 550 5745 0 345 153 0 1 1"
      ;;
    21)
      test-tcas  "755 0 855 865 76 6746 3 298 760 1 0 0"
      ;;
    22)
      test-tcas  "638 1 758 378 372 955 3 32 793 1 1 1"
      ;;
    23)
      test-tcas  "68 0 624 505 499 3146 3 908 369 1 1 1"
      ;;
    24)
      test-tcas  "738 1 909 56 527 5429 2 668 534 1 0 0"
      ;;
    25)
      test-tcas  "230 0 389 906 360 2108 1 923 350 1 0 0"
      ;;
    26)
      test-tcas  "525 0 765 147 939 3029 1 980 410 1 1 1"
      ;;
    27)
      test-tcas  "988 0 805 911 676 111 3 609 669 0 0 1"
      ;;
    28)
      test-tcas  "790 1 395 972 52 7461 1 939 500 0 1 0"
      ;;
    29)
      test-tcas  "551 0 595 54 108 5946 3 128 558 0 1 1"
      ;;
    30)
      test-tcas  "666 1 705 613 30 8212 1 939 444 0 0 1"
      ;;
    31)
      test-tcas  "7 0 495 615 304 9942 0 777 293 0 1 0"
      ;;
    32)
      test-tcas  "818 0 139 582 802 7672 2 159 267 0 0 1"
      ;;
    33)
      test-tcas  "290 1 936 913 868 2647 1 947 486 0 1 0"
      ;;
esac
