#!/bin/bash
set -euo pipefail
SCRIPT_DIR=$(cd "$(dirname "${BASH_SOURCE[0]}")" && pwd)
test-tcas () {
    diff -q <(${ANGELIX_RUN:-eval} ./tcas $1) <($SCRIPT_DIR/../golden/tcas $1) > /dev/null
}

case "$1" in
    1)
      test-tcas  "814 1 343 107 327 3666 1 725 500 0 0 0"
      ;;
    2)
      test-tcas  "540 1 796 781 865 8842 2 618 779 0 0 0"
      ;;
    3)
      test-tcas  "815 1 979 576 585 9356 0 319 980 0 1 0"
      ;;
    4)
      test-tcas  "217 1 74 257 538 4508 2 276 330 1 0 1"
      ;;
    5)
      test-tcas  "55 1 557 447 673 3769 1 112 151 0 0 0"
      ;;
    6)
      test-tcas  "260 1 33 891 102 6640 2 441 718 0 1 1"
      ;;
    7)
      test-tcas  "677 1 156 541 776 1530 0 527 830 1 1 1"
      ;;
    8)
      test-tcas  "99 1 177 284 37 6344 3 706 920 0 1 1"
      ;;
    9)
      test-tcas  "402 1 922 945 186 7257 3 770 830 1 0 0"
      ;;
    10)
      test-tcas  "160 0 681 213 869 3168 1 866 709 1 1 0"
      ;;
    11)
      test-tcas  "46 0 681 362 712 1469 2 184 778 1 0 0"
      ;;
    12)
      test-tcas  "307 0 431 132 195 6139 2 504 930 0 1 1"
      ;;
    13)
      test-tcas  "454 0 346 767 364 1737 2 806 370 1 1 0"
      ;;
    14)
      test-tcas  "232 0 637 146 462 6575 3 414 663 1 1 1"
      ;;
    15)
      test-tcas  "729 0 471 26 83 5290 0 693 746 1 1 0"
      ;;
    16)
      test-tcas  "324 1 971 767 912 5158 0 32 531 0 0 1"
      ;;
    17)
      test-tcas  "934 0 530 441 553 1774 1 824 872 0 1 1"
      ;;
    18)
      test-tcas  "789 1 452 29 332 8201 3 320 689 0 1 1"
      ;;
    19)
      test-tcas  "642 1 768 371 371 7402 0 634 83 1 0 0"
      ;;
    20)
      test-tcas  "54 0 532 744 520 588 2 784 277 0 1 0"
      ;;
    21)
      test-tcas  "5 0 708 395 96 4181 1 498 188 1 1 1"
      ;;
    22)
      test-tcas  "729 1 113 973 614 5347 2 555 345 1 1 0"
      ;;
    23)
      test-tcas  "248 0 665 677 961 435 3 709 802 1 0 0"
      ;;
    24)
      test-tcas  "657 1 449 29 691 2308 3 724 552 0 1 1"
      ;;
    25)
      test-tcas  "715 1 840 478 269 1338 1 772 786 1 0 0"
      ;;
    26)
      test-tcas  "822 0 146 545 288 809 1 354 151 0 0 1"
      ;;
    27)
      test-tcas  "899 0 849 997 762 670 1 62 965 0 0 1"
      ;;
    28)
      test-tcas  "156 1 739 441 739 3925 1 864 36 0 1 1"
      ;;
    29)
      test-tcas  "94 1 765 970 473 7498 3 164 521 0 0 0"
      ;;
    30)
      test-tcas  "510 0 547 830 496 4157 2 715 885 1 0 1"
      ;;
    31)
      test-tcas  "565 1 31 722 855 3994 3 449 706 0 1 1"
      ;;
    32)
      test-tcas  "318 1 771 191 817 3064 1 573 682 0 0 1"
      ;;
    33)
      test-tcas  "402 1 806 585 204 3116 1 688 794 0 0 0"
      ;;
esac
