#!/bin/bash
set -euo pipefail
SCRIPT_DIR=$(cd "$(dirname "${BASH_SOURCE[0]}")" && pwd)
test-tcas () {
    diff -q <(${ANGELIX_RUN:-eval} ./tcas $1) <($SCRIPT_DIR/../golden/tcas $1) > /dev/null
}

case "$1" in
    1)
      test-tcas  "254 0 657 179 525 2918 0 651 870 1 0 0"
      ;;
    2)
      test-tcas  "450 1 631 724 959 948 0 268 908 0 1 1"
      ;;
    3)
      test-tcas  "308 1 115 106 223 1386 2 426 756 1 1 1"
      ;;
    4)
      test-tcas  "344 1 864 675 953 2740 1 770 614 1 1 1"
      ;;
    5)
      test-tcas  "994 1 97 722 163 2408 2 689 477 1 0 0"
      ;;
    6)
      test-tcas  "573 1 387 23 759 3597 0 789 738 0 1 0"
      ;;
    7)
      test-tcas  "455 1 14 476 68 4283 0 190 457 1 1 0"
      ;;
    8)
      test-tcas  "461 0 281 903 15 4029 3 168 686 1 0 0"
      ;;
    9)
      test-tcas  "658 0 22 468 104 1893 1 55 999 1 0 0"
      ;;
    10)
      test-tcas  "873 1 622 597 695 2022 0 811 58 0 1 1"
      ;;
    11)
      test-tcas  "121 1 311 832 298 2859 2 198 511 0 1 0"
      ;;
    12)
      test-tcas  "947 1 292 685 634 1104 1 218 844 1 0 1"
      ;;
    13)
      test-tcas  "264 1 352 272 125 2774 0 175 996 1 0 0"
      ;;
    14)
      test-tcas  "735 0 124 352 186 823 2 622 554 0 1 0"
      ;;
    15)
      test-tcas  "47 1 930 295 287 1822 0 368 196 1 1 0"
      ;;
    16)
      test-tcas  "552 0 339 505 180 3215 2 772 787 1 1 1"
      ;;
    17)
      test-tcas  "765 0 35 948 930 7595 0 690 27 1 0 0"
      ;;
    18)
      test-tcas  "1 0 470 623 533 1291 3 656 4 1 0 1"
      ;;
    19)
      test-tcas  "138 1 934 80 819 1401 3 211 189 0 0 0"
      ;;
    20)
      test-tcas  "980 1 228 519 174 8116 2 704 513 1 0 0"
      ;;
    21)
      test-tcas  "93 1 999 439 229 7877 0 387 96 1 0 0"
      ;;
    22)
      test-tcas  "144 0 999 403 161 7534 2 265 933 1 1 1"
      ;;
    23)
      test-tcas  "863 1 119 137 577 207 1 797 500 0 1 0"
      ;;
    24)
      test-tcas  "612 1 934 949 131 80 3 403 642 0 1 1"
      ;;
    25)
      test-tcas  "295 0 762 290 29 5749 3 566 456 0 1 1"
      ;;
    26)
      test-tcas  "913 0 820 260 455 150 3 305 979 1 0 1"
      ;;
    27)
      test-tcas  "504 1 18 851 624 9380 0 895 510 0 0 0"
      ;;
    28)
      test-tcas  "446 1 189 906 761 2970 3 834 204 0 0 0"
      ;;
    29)
      test-tcas  "262 0 200 956 655 4360 2 345 250 0 1 0"
      ;;
    30)
      test-tcas  "952 1 358 454 688 2431 0 40 483 0 0 0"
      ;;
    31)
      test-tcas  "749 0 814 309 334 3022 3 824 602 1 1 1"
      ;;
    32)
      test-tcas  "770 1 359 161 15 3335 1 654 409 0 0 1"
      ;;
    33)
      test-tcas  "567 1 986 408 989 2087 1 414 511 0 0 0"
      ;;
esac
