#!/bin/bash
set -euo pipefail
SCRIPT_DIR=$(cd "$(dirname "${BASH_SOURCE[0]}")" && pwd)
test-tcas () {
    diff -q <(${ANGELIX_RUN:-eval} ./tcas $1) <($SCRIPT_DIR/../golden/tcas $1) > /dev/null
}

case "$1" in
    1)
      test-tcas  "792 0 543 591 737 7273 1 342 134 1 1 0"
      ;;
    2)
      test-tcas  "695 0 694 602 650 5600 2 204 598 1 1 1"
      ;;
    3)
      test-tcas  "322 1 976 136 456 1690 0 189 375 0 1 0"
      ;;
    4)
      test-tcas  "347 1 55 953 830 3469 1 501 759 1 1 0"
      ;;
    5)
      test-tcas  "820 1 847 991 991 2936 3 702 86 0 1 0"
      ;;
    6)
      test-tcas  "647 1 608 150 279 6895 1 28 470 1 1 1"
      ;;
    7)
      test-tcas  "967 1 964 383 64 9427 1 953 500 1 0 1"
      ;;
    8)
      test-tcas  "243 1 343 534 112 6881 2 354 56 0 0 0"
      ;;
    9)
      test-tcas  "925 1 743 31 732 1387 2 238 725 1 1 1"
      ;;
    10)
      test-tcas  "84 1 238 954 678 6278 0 284 130 1 1 0"
      ;;
    11)
      test-tcas  "366 1 75 154 955 6384 3 521 788 1 1 0"
      ;;
    12)
      test-tcas  "78 0 593 904 230 7947 1 182 860 0 1 1"
      ;;
    13)
      test-tcas  "143 1 599 178 696 6830 3 286 415 0 0 1"
      ;;
    14)
      test-tcas  "35 1 136 894 698 9873 1 656 484 0 1 1"
      ;;
    15)
      test-tcas  "674 1 933 512 521 2542 3 22 405 1 1 1"
      ;;
    16)
      test-tcas  "584 0 64 40 165 6567 2 473 554 1 0 1"
      ;;
    17)
      test-tcas  "394 0 621 17 908 3944 1 858 676 0 0 1"
      ;;
    18)
      test-tcas  "54 1 406 127 880 8590 2 843 623 1 0 0"
      ;;
    19)
      test-tcas  "852 0 830 42 735 3998 1 72 322 0 0 1"
      ;;
    20)
      test-tcas  "506 1 375 645 898 4535 2 415 325 0 1 1"
      ;;
    21)
      test-tcas  "308 0 78 136 657 9448 2 494 279 1 1 1"
      ;;
    22)
      test-tcas  "404 1 602 529 689 2311 1 633 82 1 1 1"
      ;;
    23)
      test-tcas  "906 1 513 826 348 4469 1 26 439 0 1 0"
      ;;
    24)
      test-tcas  "630 0 407 619 306 9046 0 307 893 1 1 1"
      ;;
    25)
      test-tcas  "765 0 532 62 803 2297 1 795 289 1 0 0"
      ;;
    26)
      test-tcas  "808 0 515 68 951 1470 3 523 919 0 0 0"
      ;;
    27)
      test-tcas  "592 1 747 217 184 2935 0 667 434 1 1 1"
      ;;
    28)
      test-tcas  "151 1 855 207 21 1088 1 270 831 1 1 1"
      ;;
    29)
      test-tcas  "633 1 603 752 917 7514 0 132 578 0 0 0"
      ;;
    30)
      test-tcas  "300 0 363 606 997 1006 1 393 138 0 0 0"
      ;;
    31)
      test-tcas  "74 1 145 920 2 2406 0 803 809 1 1 0"
      ;;
    32)
      test-tcas  "864 1 922 327 733 3716 2 755 955 1 0 0"
      ;;
    33)
      test-tcas  "220 1 742 134 756 8653 0 22 284 1 0 0"
      ;;
esac
