#!/bin/bash
set -euo pipefail
SCRIPT_DIR=$(cd "$(dirname "${BASH_SOURCE[0]}")" && pwd)
test-tcas () {
    diff -q <(${ANGELIX_RUN:-eval} ./tcas $1) <($SCRIPT_DIR/../golden/tcas $1) > /dev/null
}

case "$1" in
    1)
      test-tcas  "781 1 716 131 823 2854 1 719 561 1 0 0"
      ;;
    2)
      test-tcas  "711 1 347 164 91 8568 1 537 500 0 1 1"
      ;;
    3)
      test-tcas  "351 0 204 91 427 5911 1 383 458 0 0 0"
      ;;
    4)
      test-tcas  "510 0 441 795 533 1854 1 786 813 1 1 1"
      ;;
    5)
      test-tcas  "478 0 281 516 642 2552 3 758 284 1 0 1"
      ;;
    6)
      test-tcas  "429 0 442 681 751 7502 3 648 318 0 1 0"
      ;;
    7)
      test-tcas  "744 1 764 634 700 577 2 284 376 1 1 0"
      ;;
    8)
      test-tcas  "188 0 453 261 736 2570 3 315 818 1 0 1"
      ;;
    9)
      test-tcas  "41 0 454 142 442 3768 2 136 348 1 1 1"
      ;;
    10)
      test-tcas  "601 1 150 816 204 7438 3 485 355 0 1 0"
      ;;
    11)
      test-tcas  "852 1 847 77 837 5910 1 918 887 0 1 0"
      ;;
    12)
      test-tcas  "544 0 389 854 479 158 3 801 591 0 0 0"
      ;;
    13)
      test-tcas  "551 1 691 261 460 1439 0 243 533 1 1 0"
      ;;
    14)
      test-tcas  "987 0 53 701 579 9687 3 503 587 1 0 0"
      ;;
    15)
      test-tcas  "363 0 748 653 972 7846 3 912 853 1 0 1"
      ;;
    16)
      test-tcas  "878 0 634 749 671 4366 3 112 537 0 1 0"
      ;;
    17)
      test-tcas  "930 0 374 170 909 7450 3 625 678 0 0 1"
      ;;
    18)
      test-tcas  "924 0 270 64 315 4521 2 222 247 0 0 0"
      ;;
    19)
      test-tcas  "632 0 761 810 297 8666 1 435 330 0 1 0"
      ;;
    20)
      test-tcas  "556 0 223 291 165 539 1 728 391 1 0 1"
      ;;
    21)
      test-tcas  "84 1 958 152 916 9366 1 388 995 0 0 0"
      ;;
    22)
      test-tcas  "631 0 29 73 38 309 1 54 861 0 0 1"
      ;;
    23)
      test-tcas  "486 1 19 545 224 7477 1 49 669 0 0 1"
      ;;
    24)
      test-tcas  "655 1 792 414 536 2366 0 214 725 1 0 1"
      ;;
    25)
      test-tcas  "733 0 882 577 271 6402 2 870 337 1 0 0"
      ;;
    26)
      test-tcas  "574 0 369 704 619 3635 2 784 608 1 0 1"
      ;;
    27)
      test-tcas  "461 1 842 640 104 5415 0 590 312 0 0 1"
      ;;
    28)
      test-tcas  "425 0 408 342 808 3114 1 92 529 1 1 0"
      ;;
    29)
      test-tcas  "441 1 720 659 496 7613 3 114 894 1 1 0"
      ;;
    30)
      test-tcas  "396 0 479 156 936 5389 3 221 489 0 1 0"
      ;;
    31)
      test-tcas  "991 0 81 322 13 574 0 591 775 0 1 1"
      ;;
    32)
      test-tcas  "70 1 782 82 613 329 2 634 352 1 1 1"
      ;;
    33)
      test-tcas  "331 1 106 375 727 7311 1 611 845 0 0 0"
      ;;
esac
