#!/bin/bash
set -euo pipefail
SCRIPT_DIR=$(cd "$(dirname "${BASH_SOURCE[0]}")" && pwd)
test-tcas () {
    diff -q <(${ANGELIX_RUN:-eval} ./tcas $1) <($SCRIPT_DIR/../golden/tcas $1) > /dev/null
}

case "$1" in
    1)
      test-tcas  "513 0 120 743 886 3580 1 712 546 1 0 1"
      ;;
    2)
      test-tcas  "61 1 189 268 494 4665 3 972 32 0 0 0"
      ;;
    3)
      test-tcas  "840 1 508 940 449 7982 1 898 500 0 0 1"
      ;;
    4)
      test-tcas  "894 0 88 34 175 6891 1 690 521 1 1 0"
      ;;
    5)
      test-tcas  "855 0 615 121 391 8145 0 902 402 0 1 0"
      ;;
    6)
      test-tcas  "116 1 454 853 437 2934 2 292 600 1 1 1"
      ;;
    7)
      test-tcas  "977 0 153 426 998 4956 3 388 538 1 1 1"
      ;;
    8)
      test-tcas  "204 0 172 747 653 7096 0 32 451 0 1 1"
      ;;
    9)
      test-tcas  "17 1 816 434 866 9837 0 648 720 0 1 0"
      ;;
    10)
      test-tcas  "51 1 88 72 259 3398 3 704 25 1 0 1"
      ;;
    11)
      test-tcas  "308 1 369 658 116 1505 1 755 433 0 1 1"
      ;;
    12)
      test-tcas  "622 0 521 935 226 7948 0 592 332 0 0 0"
      ;;
    13)
      test-tcas  "550 1 114 240 245 7374 0 403 862 1 0 1"
      ;;
    14)
      test-tcas  "48 0 118 687 822 9365 3 420 211 1 0 1"
      ;;
    15)
      test-tcas  "630 0 458 908 757 9553 2 347 824 1 1 0"
      ;;
    16)
      test-tcas  "61 0 372 167 468 3464 0 847 243 0 0 0"
      ;;
    17)
      test-tcas  "955 1 538 505 991 7898 3 657 885 0 0 1"
      ;;
    18)
      test-tcas  "910 1 406 647 699 924 0 317 703 1 0 1"
      ;;
    19)
      test-tcas  "64 1 119 632 789 5095 0 186 185 1 1 0"
      ;;
    20)
      test-tcas  "182 0 852 646 512 9135 2 330 709 0 1 1"
      ;;
    21)
      test-tcas  "557 1 232 242 904 1210 0 961 759 0 1 0"
      ;;
    22)
      test-tcas  "159 1 930 49 631 1958 2 437 963 0 0 1"
      ;;
    23)
      test-tcas  "613 0 269 217 314 7689 1 421 367 1 0 1"
      ;;
    24)
      test-tcas  "628 0 48 227 459 3575 2 509 742 0 1 1"
      ;;
    25)
      test-tcas  "628 1 494 252 824 3263 3 682 117 0 0 1"
      ;;
    26)
      test-tcas  "288 0 528 76 752 5177 2 109 40 1 0 0"
      ;;
    27)
      test-tcas  "744 0 192 597 630 6703 2 271 415 0 0 1"
      ;;
    28)
      test-tcas  "161 1 291 165 292 5674 1 11 12 0 0 0"
      ;;
    29)
      test-tcas  "303 0 911 478 729 3916 0 4 7 1 0 0"
      ;;
    30)
      test-tcas  "655 1 593 434 78 150 2 173 127 0 1 0"
      ;;
    31)
      test-tcas  "495 1 525 230 340 9315 2 951 150 0 1 0"
      ;;
    32)
      test-tcas  "188 0 147 106 824 2268 3 731 674 1 0 1"
      ;;
    33)
      test-tcas  "745 1 70 483 731 3940 3 660 182 1 1 1"
      ;;
esac
