#!/bin/bash
set -euo pipefail
SCRIPT_DIR=$(cd "$(dirname "${BASH_SOURCE[0]}")" && pwd)
test-tcas () {
    diff -q <(${ANGELIX_RUN:-eval} ./tcas $1) <($SCRIPT_DIR/../golden/tcas $1) > /dev/null
}

case "$1" in
    1)
      test-tcas  "11 0 816 229 276 788 3 206 29 1 1 1"
      ;;
    2)
      test-tcas  "413 1 949 470 854 6188 1 78 93 0 1 0"
      ;;
    3)
      test-tcas  "796 1 313 315 912 2003 0 140 250 0 1 0"
      ;;
    4)
      test-tcas  "49 0 788 687 437 5751 2 968 759 1 1 0"
      ;;
    5)
      test-tcas  "735 1 690 592 277 411 1 500 574 1 0 0"
      ;;
    6)
      test-tcas  "772 1 835 910 145 6523 1 518 183 0 0 1"
      ;;
    7)
      test-tcas  "409 1 311 645 80 516 3 87 136 0 0 1"
      ;;
    8)
      test-tcas  "887 1 894 631 977 9754 3 252 100 1 0 0"
      ;;
    9)
      test-tcas  "790 1 540 258 359 2756 2 539 729 0 1 0"
      ;;
    10)
      test-tcas  "470 0 7 359 806 5639 1 1 773 1 1 1"
      ;;
    11)
      test-tcas  "950 0 604 918 435 3181 0 778 766 0 1 1"
      ;;
    12)
      test-tcas  "560 0 161 762 508 4877 3 246 202 1 0 0"
      ;;
    13)
      test-tcas  "989 0 623 854 673 3057 0 978 430 1 1 0"
      ;;
    14)
      test-tcas  "736 1 282 262 466 1535 2 843 556 1 0 1"
      ;;
    15)
      test-tcas  "820 0 359 254 527 9273 0 584 372 1 1 1"
      ;;
    16)
      test-tcas  "322 1 695 361 602 4357 1 293 804 1 1 0"
      ;;
    17)
      test-tcas  "670 0 493 583 634 8965 0 173 594 0 1 0"
      ;;
    18)
      test-tcas  "713 0 480 225 286 6174 0 939 802 1 1 1"
      ;;
    19)
      test-tcas  "419 0 497 128 950 4249 2 166 373 1 1 1"
      ;;
    20)
      test-tcas  "577 1 427 302 745 3560 3 766 345 1 1 0"
      ;;
    21)
      test-tcas  "157 0 389 195 156 5468 2 683 359 1 0 0"
      ;;
    22)
      test-tcas  "915 0 499 5 859 1389 2 693 898 0 0 0"
      ;;
    23)
      test-tcas  "568 0 956 598 863 3835 1 58 206 0 1 0"
      ;;
    24)
      test-tcas  "239 1 3 733 441 9427 3 506 39 1 1 0"
      ;;
    25)
      test-tcas  "22 1 231 347 322 6895 2 801 373 0 1 1"
      ;;
    26)
      test-tcas  "359 0 896 765 399 624 1 851 827 1 1 1"
      ;;
    27)
      test-tcas  "488 1 300 682 677 2682 2 19 949 0 0 0"
      ;;
    28)
      test-tcas  "515 0 913 788 371 3241 2 914 620 0 1 1"
      ;;
    29)
      test-tcas  "646 1 732 864 972 982 3 599 636 1 0 0"
      ;;
    30)
      test-tcas  "873 0 445 109 738 1477 1 722 66 1 0 1"
      ;;
    31)
      test-tcas  "817 1 206 371 425 2595 2 648 253 1 1 1"
      ;;
    32)
      test-tcas  "609 1 360 810 101 1717 1 183 274 1 0 1"
      ;;
    33)
      test-tcas  "578 0 126 393 722 4 1 996 389 1 0 0"
      ;;
esac
