#!/bin/bash
set -euo pipefail
SCRIPT_DIR=$(cd "$(dirname "${BASH_SOURCE[0]}")" && pwd)
test-tcas () {
    diff -q <(${ANGELIX_RUN:-eval} ./tcas $1) <($SCRIPT_DIR/../golden/tcas $1) > /dev/null
}

case "$1" in
    1)
      test-tcas  "20 0 732 638 20 1175 1 489 1 1 1 1"
      ;;
    2)
      test-tcas  "108 0 195 287 562 2311 3 836 276 1 1 1"
      ;;
    3)
      test-tcas  "214 0 296 448 80 2459 0 128 893 1 1 0"
      ;;
    4)
      test-tcas  "621 1 782 162 90 8967 3 560 11 1 1 0"
      ;;
    5)
      test-tcas  "140 0 70 930 239 9773 1 347 724 0 1 1"
      ;;
    6)
      test-tcas  "646 0 605 35 906 4039 1 965 419 0 0 0"
      ;;
    7)
      test-tcas  "278 1 912 149 834 4454 0 926 21 0 0 1"
      ;;
    8)
      test-tcas  "155 1 687 827 946 3580 2 606 397 0 0 0"
      ;;
    9)
      test-tcas  "844 0 281 478 403 1632 3 884 702 1 0 0"
      ;;
    10)
      test-tcas  "899 1 162 249 596 1507 1 506 500 1 0 0"
      ;;
    11)
      test-tcas  "343 1 130 917 835 8802 3 0 217 0 0 0"
      ;;
    12)
      test-tcas  "243 0 476 393 301 9831 3 794 729 0 0 0"
      ;;
    13)
      test-tcas  "280 0 674 841 125 9466 2 808 759 0 0 0"
      ;;
    14)
      test-tcas  "637 1 765 550 415 2771 3 301 234 1 1 0"
      ;;
    15)
      test-tcas  "536 1 205 828 560 83 1 64 790 0 0 0"
      ;;
    16)
      test-tcas  "313 1 703 9 266 4222 2 226 280 1 0 1"
      ;;
    17)
      test-tcas  "115 1 359 436 478 1060 0 965 360 1 1 1"
      ;;
    18)
      test-tcas  "85 1 366 857 681 586 3 271 97 0 0 1"
      ;;
    19)
      test-tcas  "253 0 518 81 922 5040 1 610 942 1 1 0"
      ;;
    20)
      test-tcas  "328 0 894 30 437 3449 2 882 455 1 0 0"
      ;;
    21)
      test-tcas  "124 0 254 398 821 8223 0 484 777 1 1 0"
      ;;
    22)
      test-tcas  "525 1 11 136 374 9104 1 474 73 1 0 0"
      ;;
    23)
      test-tcas  "614 1 988 715 534 2957 3 969 942 1 0 0"
      ;;
    24)
      test-tcas  "953 1 679 813 154 4402 3 788 228 0 1 0"
      ;;
    25)
      test-tcas  "898 0 281 537 877 2353 2 139 638 0 1 0"
      ;;
    26)
      test-tcas  "397 1 442 616 888 934 1 759 151 0 0 1"
      ;;
    27)
      test-tcas  "803 1 426 175 980 152 3 359 419 1 0 1"
      ;;
    28)
      test-tcas  "970 0 244 729 126 2024 2 534 83 1 0 1"
      ;;
    29)
      test-tcas  "183 0 255 892 575 1599 0 442 347 0 0 1"
      ;;
    30)
      test-tcas  "408 1 770 973 917 9542 2 525 81 1 1 0"
      ;;
    31)
      test-tcas  "787 1 335 232 592 3558 0 389 294 1 1 1"
      ;;
    32)
      test-tcas  "450 1 598 904 947 12 0 638 951 0 1 0"
      ;;
    33)
      test-tcas  "353 1 966 383 135 4618 2 951 890 0 1 0"
      ;;
esac
