#!/bin/bash
set -euo pipefail
SCRIPT_DIR=$(cd "$(dirname "${BASH_SOURCE[0]}")" && pwd)
test-tcas () {
    diff -q <(${ANGELIX_RUN:-eval} ./tcas $1) <($SCRIPT_DIR/../golden/tcas $1) > /dev/null
}

case "$1" in
    1)
      test-tcas  "0 0 0 0 0 0 0 0 0 0 1 0"
      ;;
    2)
      test-tcas  "2272 1 0 6096 16 4336 0 -10000 6256 0 1 0"
      ;;
    3)
      test-tcas  "2704 1 1 2288 112 16 0 -4 -6128 0 2 0"
      ;;
    4)
      test-tcas  "6256 1 1 -2032 112 6384 0 -7808 6256 0 2 0"
      ;;
    5)
      test-tcas  "6320 1 1 -1936 16 6352 1 -104 -10000 0 2 1"
      ;;
    6)
      test-tcas  "3088 1 1 -8080 -9104 -6928 1 6380 1264 0 2 1"
      ;;
    7)
      test-tcas  "2296 1 1 2288 240 -1840 0 2560 6256 0 2 0"
      ;;
    8)
      test-tcas  "2296 1 1 -7952 80 -10000 0 -8000 5872 0 2 0"
      ;;
    9)
      test-tcas  "1776 1 1 6368 80 6370 2 2300 2064 0 2 1"
      ;;
    10)
      test-tcas  "2296 1 1 -7952 80 -10000 3 -8000 5872 0 2 0"
      ;;
    11)
      test-tcas  "6200 1 1 -9392 80 -10000 2 -8000 3184 0 2 0"
      ;;
    12)
      test-tcas  "2296 1 1 -7952 80 -10000 1 -8000 5872 0 2 0"
      ;;
    13)
      test-tcas  "1896 1 1 2704 80 240 1 10000 10000 0 2 0"
      ;;
    14)
      test-tcas  "6320 1 1 -1936 16 6352 2 -104 -10000 0 2 1"
      ;;
    15)
      test-tcas  "3296 1 1 -8944 -10000 5328 3 3997 4096 0 2 1"
      ;;
    16)
      test-tcas  "6320 1 1 -1936 16 6352 0 -104 -10000 0 2 1"
      ;;
    17)
      test-tcas  "6320 1 1 -1936 16 6352 3 -104 -10000 0 2 1"
      ;;
    18)
      test-tcas  "6320 1 1 -880 -1872 2288 0 6332 752 0 2 1"
      ;;
    19)
      test-tcas  "2680 1 1 -6032 80 -9968 2 10000 10000 0 2 0"
      ;;
    20)
      test-tcas  "2296 1 1 -4016 16 -5904 3 10000 10000 0 2 0"
      ;;
esac
