#!/bin/bash
set -euo pipefail
SCRIPT_DIR=$(cd "$(dirname "${BASH_SOURCE[0]}")" && pwd)
test-tcas () {
    diff -q <(${ANGELIX_RUN:-eval} ./tcas $1) <($SCRIPT_DIR/../golden/tcas $1) > /dev/null
}

case "$1" in
    1)
      test-tcas  "664 0 886 391 595 936 2 809 442 1 0 1"
      ;;
    2)
      test-tcas  "417 0 454 370 888 5551 3 859 704 0 0 0"
      ;;
    3)
      test-tcas  "577 0 202 442 122 8109 1 310 123 0 1 1"
      ;;
    4)
      test-tcas  "528 0 723 508 724 7961 0 893 675 0 1 0"
      ;;
    5)
      test-tcas  "551 0 116 916 615 312 3 765 250 0 0 0"
      ;;
    6)
      test-tcas  "167 1 666 460 49 6790 0 561 100 0 1 1"
      ;;
    7)
      test-tcas  "229 1 559 537 897 4031 2 601 963 0 0 0"
      ;;
    8)
      test-tcas  "229 0 340 763 769 6360 2 938 521 1 1 1"
      ;;
    9)
      test-tcas  "99 1 24 352 238 1644 1 769 795 0 0 0"
      ;;
    10)
      test-tcas  "778 1 656 971 438 794 0 888 76 1 1 1"
      ;;
    11)
      test-tcas  "821 0 497 468 335 1262 0 353 75 1 1 1"
      ;;
    12)
      test-tcas  "477 1 79 968 181 3153 3 389 217 0 0 1"
      ;;
    13)
      test-tcas  "880 1 958 213 879 3313 3 737 241 1 0 1"
      ;;
    14)
      test-tcas  "336 1 233 783 378 7924 1 185 694 0 1 1"
      ;;
    15)
      test-tcas  "82 1 677 936 621 7716 3 908 361 0 0 0"
      ;;
    16)
      test-tcas  "418 1 757 229 153 1981 0 443 245 0 0 1"
      ;;
    17)
      test-tcas  "710 1 781 878 98 8029 0 709 400 0 0 1"
      ;;
    18)
      test-tcas  "447 1 21 935 951 1639 3 373 639 0 0 0"
      ;;
    19)
      test-tcas  "365 1 832 825 456 1438 2 124 28 1 1 0"
      ;;
    20)
      test-tcas  "462 0 558 607 758 5904 0 9 5 1 0 1"
      ;;
    21)
      test-tcas  "797 0 390 485 12 5933 1 918 5 1 0 1"
      ;;
    22)
      test-tcas  "953 1 310 573 750 8564 3 601 608 1 1 0"
      ;;
    23)
      test-tcas  "265 1 788 795 499 8575 3 204 453 1 0 0"
      ;;
    24)
      test-tcas  "145 1 65 960 419 4201 2 312 489 1 1 0"
      ;;
    25)
      test-tcas  "210 0 613 603 144 1179 2 763 535 1 1 0"
      ;;
    26)
      test-tcas  "332 1 655 55 455 5782 0 183 644 0 1 1"
      ;;
    27)
      test-tcas  "306 0 609 418 2 2319 3 191 357 0 0 1"
      ;;
    28)
      test-tcas  "449 0 807 691 954 3905 1 541 648 0 0 0"
      ;;
    29)
      test-tcas  "156 0 987 197 220 6991 3 196 116 1 1 0"
      ;;
    30)
      test-tcas  "293 1 731 720 715 355 0 326 909 1 1 0"
      ;;
    31)
      test-tcas  "195 1 379 341 136 7825 0 621 801 1 1 1"
      ;;
    32)
      test-tcas  "52 1 799 909 688 1059 2 20 949 1 1 1"
      ;;
    33)
      test-tcas  "584 0 909 374 400 4195 2 18 984 1 1 0"
      ;;
    34)
      test-tcas  "72 1 942 816 858 6071 2 131 399 0 0 0"
      ;;
    35)
      test-tcas  "139 0 109 988 509 8109 2 840 492 0 0 0"
      ;;
    36)
      test-tcas  "25 1 591 496 118 6704 3 430 619 1 1 1"
      ;;
    37)
      test-tcas  "595 0 674 412 456 8232 2 588 13 0 0 0"
      ;;
    38)
      test-tcas  "898 0 288 83 907 2416 2 393 100 1 0 0"
      ;;
    39)
      test-tcas  "733 0 269 298 376 5922 2 473 912 0 1 1"
      ;;
    40)
      test-tcas  "467 0 320 592 667 2585 2 550 90 1 0 1"
      ;;
    41)
      test-tcas  "180 1 884 579 389 9642 0 434 818 1 1 0"
      ;;
    42)
      test-tcas  "175 0 974 506 419 772 3 675 86 0 0 1"
      ;;
    43)
      test-tcas  "912 1 455 995 35 6602 2 563 760 1 0 1"
      ;;
    44)
      test-tcas  "586 1 270 977 980 1597 3 44 128 0 1 1"
      ;;
    45)
      test-tcas  "762 1 742 234 985 3029 2 286 909 1 1 1"
      ;;
    46)
      test-tcas  "833 0 288 716 639 2849 3 173 57 1 0 1"
      ;;
    47)
      test-tcas  "468 1 684 897 927 6896 1 860 207 1 0 1"
      ;;
    48)
      test-tcas  "716 0 427 880 307 7941 2 779 153 0 0 1"
      ;;
esac
