#!/bin/bash
set -euo pipefail
SCRIPT_DIR=$(cd "$(dirname "${BASH_SOURCE[0]}")" && pwd)
test-tcas () {
    diff -q <(${ANGELIX_RUN:-eval} ./tcas $1) <($SCRIPT_DIR/../golden/tcas $1) > /dev/null
}

case "$1" in
    1)
      test-tcas  "320 0 396 422 478 9205 3 908 712 1 0 1"
      ;;
    2)
      test-tcas  "22 1 230 531 416 3778 2 160 520 0 0 0"
      ;;
    3)
      test-tcas  "756 1 450 145 787 315 1 346 110 0 1 1"
      ;;
    4)
      test-tcas  "825 1 55 555 893 3810 2 40 413 0 1 0"
      ;;
    5)
      test-tcas  "751 0 625 303 691 8847 2 926 94 1 0 0"
      ;;
    6)
      test-tcas  "985 0 68 482 345 9836 1 322 387 0 1 0"
      ;;
    7)
      test-tcas  "532 0 914 752 830 214 1 282 107 1 0 1"
      ;;
    8)
      test-tcas  "681 0 169 186 117 4480 1 978 87 0 1 0"
      ;;
    9)
      test-tcas  "107 0 714 558 590 9603 2 309 385 0 1 0"
      ;;
    10)
      test-tcas  "759 0 746 541 521 3461 1 360 851 0 0 0"
      ;;
    11)
      test-tcas  "227 1 967 439 737 7471 1 234 968 0 1 0"
      ;;
    12)
      test-tcas  "621 1 908 663 968 8586 3 179 289 1 0 1"
      ;;
    13)
      test-tcas  "453 1 160 972 892 2240 1 506 296 0 1 0"
      ;;
    14)
      test-tcas  "532 1 201 784 409 2660 0 860 134 1 0 1"
      ;;
    15)
      test-tcas  "538 0 9 375 374 282 3 709 327 0 1 1"
      ;;
    16)
      test-tcas  "658 0 806 716 778 7706 3 620 418 1 0 1"
      ;;
    17)
      test-tcas  "495 0 963 949 203 5825 2 940 332 1 0 1"
      ;;
    18)
      test-tcas  "356 1 420 93 329 336 0 828 244 1 0 1"
      ;;
    19)
      test-tcas  "65 0 854 495 323 5896 0 362 800 1 0 1"
      ;;
    20)
      test-tcas  "525 1 339 862 52 668 3 474 729 1 0 1"
      ;;
    21)
      test-tcas  "462 1 325 286 314 7911 2 865 99 0 1 0"
      ;;
    22)
      test-tcas  "59 0 437 694 576 3623 1 839 877 1 0 0"
      ;;
    23)
      test-tcas  "598 1 872 417 153 38 2 55 835 1 0 1"
      ;;
    24)
      test-tcas  "681 0 48 286 237 4004 0 654 454 1 1 0"
      ;;
    25)
      test-tcas  "178 1 612 604 816 6946 0 998 56 1 0 1"
      ;;
    26)
      test-tcas  "727 0 966 743 216 9197 2 363 139 0 0 1"
      ;;
    27)
      test-tcas  "352 0 138 762 752 6055 2 442 737 0 1 0"
      ;;
    28)
      test-tcas  "639 0 48 496 930 5873 3 279 496 1 1 1"
      ;;
    29)
      test-tcas  "828 1 59 935 534 1912 1 442 202 1 0 1"
      ;;
    30)
      test-tcas  "248 1 156 441 81 9563 2 736 580 1 0 0"
      ;;
    31)
      test-tcas  "632 1 81 392 229 8796 0 604 400 0 1 1"
      ;;
    32)
      test-tcas  "104 1 409 273 36 8459 1 541 182 0 0 1"
      ;;
    33)
      test-tcas  "910 1 739 980 269 4188 0 395 215 1 0 0"
      ;;
    34)
      test-tcas  "425 1 981 183 458 5320 1 304 49 1 1 0"
      ;;
    35)
      test-tcas  "455 0 135 48 883 8208 2 208 217 0 1 0"
      ;;
    36)
      test-tcas  "436 0 926 399 357 3851 1 487 588 0 1 1"
      ;;
    37)
      test-tcas  "882 0 278 515 365 6641 1 143 524 1 1 0"
      ;;
    38)
      test-tcas  "157 0 755 244 965 8403 3 216 863 1 1 1"
      ;;
    39)
      test-tcas  "596 0 900 911 737 7671 1 702 694 1 1 1"
      ;;
    40)
      test-tcas  "921 1 757 675 129 8397 1 210 929 0 0 0"
      ;;
    41)
      test-tcas  "2 1 830 466 588 4940 2 835 821 0 0 1"
      ;;
    42)
      test-tcas  "178 0 278 501 115 1296 1 384 789 1 0 0"
      ;;
    43)
      test-tcas  "592 1 305 561 139 2047 3 53 242 1 1 0"
      ;;
    44)
      test-tcas  "362 1 450 721 1 532 3 951 516 0 1 0"
      ;;
    45)
      test-tcas  "857 1 802 136 822 6103 2 547 525 1 1 1"
      ;;
    46)
      test-tcas  "876 0 106 690 83 7228 0 105 349 1 1 0"
      ;;
    47)
      test-tcas  "172 1 267 853 926 467 3 512 672 1 1 1"
      ;;
    48)
      test-tcas  "487 0 839 60 949 7090 0 606 777 1 1 1"
      ;;
esac
