#!/bin/bash
set -euo pipefail
SCRIPT_DIR=$(cd "$(dirname "${BASH_SOURCE[0]}")" && pwd)
test-tcas () {
    diff -q <(${ANGELIX_RUN:-eval} ./tcas $1) <($SCRIPT_DIR/../golden/tcas $1) > /dev/null
}

case "$1" in
    1)
      test-tcas  "363 1 742 149 139 7270 1 750 71 1 0 0"
      ;;
    2)
      test-tcas  "906 0 757 496 163 5032 1 445 706 0 0 1"
      ;;
    3)
      test-tcas  "870 1 461 252 725 5280 1 991 668 1 1 0"
      ;;
    4)
      test-tcas  "82 1 169 572 238 8106 1 958 975 1 1 1"
      ;;
    5)
      test-tcas  "927 1 537 20 245 4072 0 782 835 0 1 0"
      ;;
    6)
      test-tcas  "73 0 476 175 883 8083 3 614 818 0 0 0"
      ;;
    7)
      test-tcas  "479 1 783 51 230 767 1 362 640 0 1 0"
      ;;
    8)
      test-tcas  "516 1 63 293 696 5535 2 523 10 0 0 1"
      ;;
    9)
      test-tcas  "923 1 727 711 432 2770 2 708 729 0 1 0"
      ;;
    10)
      test-tcas  "966 0 317 348 254 522 0 988 655 1 1 1"
      ;;
    11)
      test-tcas  "498 1 88 778 853 3709 1 417 333 0 1 0"
      ;;
    12)
      test-tcas  "710 1 657 915 25 1138 2 262 939 0 1 0"
      ;;
    13)
      test-tcas  "121 1 677 80 348 1676 3 642 812 0 0 0"
      ;;
    14)
      test-tcas  "881 1 781 532 142 7582 1 379 148 1 0 0"
      ;;
    15)
      test-tcas  "675 1 640 147 692 4373 3 965 477 0 0 0"
      ;;
    16)
      test-tcas  "468 1 704 263 536 2687 0 613 291 0 1 0"
      ;;
    17)
      test-tcas  "974 0 232 160 217 8347 2 378 674 0 1 1"
      ;;
    18)
      test-tcas  "127 1 377 911 169 2265 0 333 964 0 1 0"
      ;;
    19)
      test-tcas  "932 1 558 713 397 1948 0 764 400 0 0 0"
      ;;
    20)
      test-tcas  "877 1 970 30 377 1209 1 267 333 1 1 0"
      ;;
    21)
      test-tcas  "644 0 963 179 995 4149 3 532 925 1 0 0"
      ;;
    22)
      test-tcas  "81 0 100 151 546 3707 0 486 335 1 1 0"
      ;;
    23)
      test-tcas  "415 0 997 702 659 3901 0 306 172 0 1 0"
      ;;
    24)
      test-tcas  "323 0 586 853 645 8509 3 594 492 1 1 1"
      ;;
    25)
      test-tcas  "950 1 156 86 64 7142 2 831 865 1 0 1"
      ;;
    26)
      test-tcas  "40 0 524 609 335 2610 3 935 944 0 1 0"
      ;;
    27)
      test-tcas  "222 0 812 120 996 1139 0 483 668 1 1 1"
      ;;
    28)
      test-tcas  "60 0 754 531 670 9268 2 832 574 0 0 1"
      ;;
    29)
      test-tcas  "752 0 33 105 983 8284 0 47 828 0 0 0"
      ;;
    30)
      test-tcas  "377 1 8 437 629 8749 3 126 358 1 0 0"
      ;;
    31)
      test-tcas  "304 0 215 621 345 4009 2 659 65 1 0 1"
      ;;
    32)
      test-tcas  "827 0 325 885 971 2701 1 558 287 0 0 1"
      ;;
    33)
      test-tcas  "244 1 715 802 793 5963 3 71 698 0 1 0"
      ;;
    34)
      test-tcas  "496 0 513 74 168 5546 1 765 513 0 1 0"
      ;;
    35)
      test-tcas  "43 0 918 652 945 4103 2 631 263 0 1 1"
      ;;
    36)
      test-tcas  "16 1 736 768 401 8800 1 912 562 0 1 0"
      ;;
    37)
      test-tcas  "691 1 422 177 368 3838 2 639 109 1 1 0"
      ;;
    38)
      test-tcas  "91 1 533 643 877 6714 0 248 752 0 0 0"
      ;;
    39)
      test-tcas  "5 1 268 364 36 6890 1 982 728 0 0 0"
      ;;
    40)
      test-tcas  "895 1 810 713 952 4133 0 103 181 1 0 0"
      ;;
    41)
      test-tcas  "77 1 413 274 315 7006 0 193 810 1 0 1"
      ;;
    42)
      test-tcas  "200 0 643 734 820 9974 1 111 909 0 0 1"
      ;;
    43)
      test-tcas  "370 1 862 793 842 172 0 339 264 0 1 0"
      ;;
    44)
      test-tcas  "370 0 921 733 745 2223 0 680 200 1 1 0"
      ;;
    45)
      test-tcas  "188 0 161 806 931 1491 1 396 716 0 0 1"
      ;;
    46)
      test-tcas  "566 1 157 84 99 2841 0 997 949 1 1 0"
      ;;
    47)
      test-tcas  "538 1 162 816 366 3351 3 9 211 0 0 0"
      ;;
    48)
      test-tcas  "816 0 20 756 696 3493 3 75 669 1 0 1"
      ;;
esac
