#!/bin/bash
set -euo pipefail
SCRIPT_DIR=$(cd "$(dirname "${BASH_SOURCE[0]}")" && pwd)
test-tcas () {
    diff -q <(${ANGELIX_RUN:-eval} ./tcas $1) <($SCRIPT_DIR/../golden/tcas $1) > /dev/null
}

case "$1" in
    1)
      test-tcas  "308 0 882 361 507 2498 3 879 365 1 0 0"
      ;;
    2)
      test-tcas  "859 1 503 870 382 152 2 854 740 1 0 1"
      ;;
    3)
      test-tcas  "467 0 322 920 479 6913 2 779 748 0 1 1"
      ;;
    4)
      test-tcas  "996 1 606 831 365 9791 1 50 635 0 1 0"
      ;;
    5)
      test-tcas  "862 0 818 978 221 5666 0 500 429 1 0 0"
      ;;
    6)
      test-tcas  "410 0 471 468 691 4368 2 694 667 0 0 1"
      ;;
    7)
      test-tcas  "16 1 639 423 452 556 1 891 541 1 1 1"
      ;;
    8)
      test-tcas  "448 1 111 365 377 7633 2 797 915 1 0 0"
      ;;
    9)
      test-tcas  "689 1 545 451 500 9773 1 850 630 0 1 1"
      ;;
    10)
      test-tcas  "80 0 858 702 310 8210 3 587 481 1 0 0"
      ;;
    11)
      test-tcas  "277 0 399 13 148 5153 3 725 209 1 0 1"
      ;;
    12)
      test-tcas  "94 0 249 634 771 3126 1 839 719 0 0 0"
      ;;
    13)
      test-tcas  "853 0 244 841 329 9150 2 19 637 1 0 0"
      ;;
    14)
      test-tcas  "432 1 82 863 202 1961 3 579 144 1 0 0"
      ;;
    15)
      test-tcas  "637 1 30 622 294 6477 3 852 842 1 0 1"
      ;;
    16)
      test-tcas  "54 1 448 606 501 2854 0 211 175 0 0 1"
      ;;
    17)
      test-tcas  "919 1 480 122 164 7893 3 844 687 1 1 0"
      ;;
    18)
      test-tcas  "986 0 851 392 374 4052 3 393 115 0 1 1"
      ;;
    19)
      test-tcas  "713 1 803 315 27 6082 0 360 978 1 1 1"
      ;;
    20)
      test-tcas  "460 0 749 354 523 7238 2 207 18 1 0 0"
      ;;
    21)
      test-tcas  "668 0 209 832 969 6092 2 315 416 1 0 0"
      ;;
    22)
      test-tcas  "296 1 109 974 683 1322 1 438 353 0 1 0"
      ;;
    23)
      test-tcas  "18 1 453 295 695 5291 0 939 4 0 1 1"
      ;;
    24)
      test-tcas  "920 0 801 450 809 7932 2 16 602 1 0 0"
      ;;
    25)
      test-tcas  "590 1 870 322 653 312 1 225 699 0 1 0"
      ;;
    26)
      test-tcas  "685 0 949 115 918 2292 0 939 217 1 0 1"
      ;;
    27)
      test-tcas  "153 1 614 288 797 929 2 960 323 0 1 1"
      ;;
    28)
      test-tcas  "385 0 553 609 373 5719 0 218 560 1 0 1"
      ;;
    29)
      test-tcas  "642 0 61 130 401 3343 0 548 24 1 1 0"
      ;;
    30)
      test-tcas  "119 0 980 715 647 8435 1 677 759 0 0 0"
      ;;
    31)
      test-tcas  "12 1 603 772 578 7825 3 41 799 0 0 0"
      ;;
    32)
      test-tcas  "909 0 171 64 817 3914 1 642 605 0 0 0"
      ;;
    33)
      test-tcas  "779 0 289 960 395 8193 2 68 875 1 0 1"
      ;;
    34)
      test-tcas  "721 1 645 125 343 8466 0 843 913 1 1 1"
      ;;
    35)
      test-tcas  "505 0 26 584 756 3064 0 601 959 1 1 1"
      ;;
    36)
      test-tcas  "798 0 643 178 897 2281 0 88 984 1 1 1"
      ;;
    37)
      test-tcas  "754 1 313 781 431 1356 2 734 640 0 0 0"
      ;;
    38)
      test-tcas  "440 1 3 192 264 631 1 503 80 0 1 1"
      ;;
    39)
      test-tcas  "312 0 717 386 904 7001 0 904 477 1 1 0"
      ;;
    40)
      test-tcas  "663 1 603 800 609 6451 2 417 64 0 0 0"
      ;;
    41)
      test-tcas  "681 1 559 536 934 321 1 260 536 1 0 1"
      ;;
    42)
      test-tcas  "354 1 466 796 616 8007 1 182 600 0 1 1"
      ;;
    43)
      test-tcas  "139 0 516 489 974 6033 0 84 419 1 0 1"
      ;;
    44)
      test-tcas  "859 1 861 852 296 7853 2 499 574 0 0 0"
      ;;
    45)
      test-tcas  "878 1 124 962 867 350 2 467 53 1 1 1"
      ;;
    46)
      test-tcas  "124 1 995 369 480 1811 3 53 630 1 0 1"
      ;;
    47)
      test-tcas  "12 0 370 549 457 2126 2 670 764 1 1 1"
      ;;
    48)
      test-tcas  "822 1 135 663 274 9150 1 521 984 0 0 1"
      ;;
esac
