#!/bin/bash
set -euo pipefail
SCRIPT_DIR=$(cd "$(dirname "${BASH_SOURCE[0]}")" && pwd)
test-tcas () {
    diff -q <(${ANGELIX_RUN:-eval} ./tcas $1) <($SCRIPT_DIR/../golden/tcas $1) > /dev/null
}

case "$1" in
    1)
      test-tcas  "382 0 142 406 155 5910 3 638 584 0 0 1"
      ;;
    2)
      test-tcas  "823 1 950 589 507 8829 0 939 400 0 0 1"
      ;;
    3)
      test-tcas  "347 0 90 612 525 7020 0 906 455 1 1 1"
      ;;
    4)
      test-tcas  "638 1 43 445 934 9096 1 513 17 1 0 1"
      ;;
    5)
      test-tcas  "336 1 189 585 999 4732 0 847 935 1 0 0"
      ;;
    6)
      test-tcas  "487 0 969 539 314 9400 2 940 121 0 1 1"
      ;;
    7)
      test-tcas  "262 0 687 142 710 2125 0 78 220 1 1 1"
      ;;
    8)
      test-tcas  "803 0 543 539 746 2192 2 136 502 1 1 0"
      ;;
    9)
      test-tcas  "764 1 60 403 878 9931 2 808 568 0 1 1"
      ;;
    10)
      test-tcas  "625 0 887 605 817 569 0 0 777 0 1 1"
      ;;
    11)
      test-tcas  "28 1 948 258 648 8705 3 910 279 1 0 0"
      ;;
    12)
      test-tcas  "311 0 185 622 136 4239 1 639 270 1 1 1"
      ;;
    13)
      test-tcas  "26 1 573 998 157 8484 0 400 545 0 0 0"
      ;;
    14)
      test-tcas  "593 0 779 265 448 1857 0 611 550 1 1 0"
      ;;
    15)
      test-tcas  "305 1 706 260 857 1837 2 357 55 0 0 1"
      ;;
    16)
      test-tcas  "683 1 325 685 960 1886 3 838 133 0 1 1"
      ;;
    17)
      test-tcas  "680 0 474 705 313 8710 3 557 473 0 1 0"
      ;;
    18)
      test-tcas  "468 0 902 827 750 6644 0 92 77 1 0 1"
      ;;
    19)
      test-tcas  "477 1 579 54 992 3955 1 346 152 1 1 0"
      ;;
    20)
      test-tcas  "11 0 290 676 367 6672 3 206 477 1 0 1"
      ;;
    21)
      test-tcas  "169 1 740 414 779 944 1 539 722 0 1 0"
      ;;
    22)
      test-tcas  "860 0 830 936 9 5071 0 412 106 0 0 0"
      ;;
    23)
      test-tcas  "553 0 394 22 216 7177 1 363 407 1 1 0"
      ;;
    24)
      test-tcas  "925 1 563 947 890 3972 0 457 692 0 0 1"
      ;;
    25)
      test-tcas  "816 0 1 821 718 267 0 721 198 1 1 1"
      ;;
    26)
      test-tcas  "897 1 568 839 673 7765 2 405 580 0 1 0"
      ;;
    27)
      test-tcas  "125 1 471 528 249 5209 0 317 255 1 1 0"
      ;;
    28)
      test-tcas  "478 1 704 224 82 254 3 269 779 1 0 0"
      ;;
    29)
      test-tcas  "611 1 563 72 220 6326 2 401 159 0 1 1"
      ;;
    30)
      test-tcas  "893 0 158 933 79 5382 0 882 636 0 1 1"
      ;;
    31)
      test-tcas  "865 0 272 581 588 9806 0 172 881 0 0 0"
      ;;
    32)
      test-tcas  "460 0 515 595 205 3661 3 657 630 1 1 0"
      ;;
    33)
      test-tcas  "309 1 554 304 421 5204 3 126 592 1 0 1"
      ;;
    34)
      test-tcas  "184 0 267 70 980 8979 0 135 40 1 1 1"
      ;;
    35)
      test-tcas  "87 1 914 126 404 6823 0 845 686 0 0 1"
      ;;
    36)
      test-tcas  "641 0 937 18 466 2910 1 483 482 0 1 0"
      ;;
    37)
      test-tcas  "317 0 682 578 55 8376 3 45 633 1 1 1"
      ;;
    38)
      test-tcas  "644 0 276 138 371 6194 2 334 545 0 1 1"
      ;;
    39)
      test-tcas  "851 0 42 493 621 6813 3 875 542 0 1 1"
      ;;
    40)
      test-tcas  "433 1 189 846 312 9518 3 621 54 1 0 0"
      ;;
    41)
      test-tcas  "894 0 100 712 928 3726 1 770 540 0 1 0"
      ;;
    42)
      test-tcas  "381 1 345 415 116 8258 3 324 671 0 0 0"
      ;;
    43)
      test-tcas  "120 0 572 487 658 5217 1 366 356 1 1 0"
      ;;
    44)
      test-tcas  "483 1 643 877 266 8337 2 256 855 0 1 0"
      ;;
    45)
      test-tcas  "141 1 889 500 816 3640 0 268 717 1 0 0"
      ;;
    46)
      test-tcas  "96 0 971 182 878 2818 1 315 416 1 1 0"
      ;;
    47)
      test-tcas  "466 0 785 619 364 7108 0 692 434 1 0 1"
      ;;
    48)
      test-tcas  "693 0 940 420 820 1422 1 835 163 1 0 1"
      ;;
esac
