#!/bin/bash
set -euo pipefail
SCRIPT_DIR=$(cd "$(dirname "${BASH_SOURCE[0]}")" && pwd)
test-tcas () {
    diff -q <(${ANGELIX_RUN:-eval} ./tcas $1) <($SCRIPT_DIR/../golden/tcas $1) > /dev/null
}

case "$1" in
    1)
      test-tcas  "740 1 900 618 712 8343 2 680 373 0 1 0"
      ;;
    2)
      test-tcas  "303 0 670 933 282 3032 3 357 9 0 0 1"
      ;;
    3)
      test-tcas  "564 1 897 910 472 4983 3 33 159 1 1 1"
      ;;
    4)
      test-tcas  "185 1 609 665 888 6308 0 976 969 0 0 1"
      ;;
    5)
      test-tcas  "117 1 671 616 972 4338 2 704 632 1 0 1"
      ;;
    6)
      test-tcas  "379 1 388 606 555 4792 1 52 300 1 1 1"
      ;;
    7)
      test-tcas  "387 0 568 208 550 553 0 268 497 0 1 1"
      ;;
    8)
      test-tcas  "258 1 604 397 666 9132 0 285 530 1 1 1"
      ;;
    9)
      test-tcas  "484 0 297 53 616 109 2 974 705 1 0 1"
      ;;
    10)
      test-tcas  "290 1 776 194 895 9179 2 45 394 0 0 0"
      ;;
    11)
      test-tcas  "928 1 984 529 762 7989 1 332 199 0 1 1"
      ;;
    12)
      test-tcas  "978 0 783 798 600 8693 0 514 666 1 0 0"
      ;;
    13)
      test-tcas  "624 1 740 504 291 9052 0 848 148 1 1 1"
      ;;
    14)
      test-tcas  "647 0 216 952 757 8058 2 209 519 0 1 0"
      ;;
    15)
      test-tcas  "661 1 332 85 206 3317 2 710 568 0 0 0"
      ;;
    16)
      test-tcas  "873 1 832 351 65 9945 3 345 934 1 0 1"
      ;;
    17)
      test-tcas  "362 1 805 850 921 6381 0 484 472 1 1 1"
      ;;
    18)
      test-tcas  "553 0 603 194 154 5401 3 690 955 1 0 1"
      ;;
    19)
      test-tcas  "210 1 132 971 243 8659 2 122 968 1 1 1"
      ;;
    20)
      test-tcas  "917 0 61 308 22 306 3 874 787 1 0 0"
      ;;
    21)
      test-tcas  "572 1 238 931 375 9685 2 856 945 1 1 0"
      ;;
    22)
      test-tcas  "5 0 903 182 123 4686 0 311 45 1 1 1"
      ;;
    23)
      test-tcas  "365 1 996 754 992 6164 2 771 253 1 0 1"
      ;;
    24)
      test-tcas  "373 0 76 445 746 9808 0 191 658 1 1 0"
      ;;
    25)
      test-tcas  "70 0 18 940 655 4991 1 126 534 1 1 1"
      ;;
    26)
      test-tcas  "69 1 805 619 592 554 1 206 220 1 0 1"
      ;;
    27)
      test-tcas  "742 1 342 542 86 4954 1 722 98 0 0 0"
      ;;
    28)
      test-tcas  "159 1 275 180 701 3007 2 954 808 0 0 1"
      ;;
    29)
      test-tcas  "918 1 361 51 101 3328 1 887 500 0 0 0"
      ;;
    30)
      test-tcas  "313 0 943 265 135 9725 3 201 545 1 1 1"
      ;;
    31)
      test-tcas  "586 0 561 48 202 6067 2 877 723 1 1 1"
      ;;
    32)
      test-tcas  "242 1 679 554 59 7659 0 440 443 1 1 0"
      ;;
    33)
      test-tcas  "603 0 936 786 123 2811 3 758 121 1 1 1"
      ;;
    34)
      test-tcas  "17 1 212 160 131 6173 0 421 288 1 1 1"
      ;;
    35)
      test-tcas  "220 0 147 142 859 417 0 73 510 0 1 1"
      ;;
    36)
      test-tcas  "533 0 597 572 359 5139 2 596 608 1 1 1"
      ;;
    37)
      test-tcas  "625 1 780 627 939 1222 1 855 81 1 1 0"
      ;;
    38)
      test-tcas  "656 0 655 961 805 5551 1 652 2 1 0 1"
      ;;
    39)
      test-tcas  "636 1 281 383 988 4755 3 794 17 1 1 1"
      ;;
    40)
      test-tcas  "824 0 621 415 819 7632 1 574 340 1 1 0"
      ;;
    41)
      test-tcas  "973 0 422 354 846 4102 2 617 984 0 0 1"
      ;;
    42)
      test-tcas  "142 1 441 896 675 3886 1 923 636 1 1 1"
      ;;
    43)
      test-tcas  "733 0 372 54 771 643 2 991 882 0 0 0"
      ;;
    44)
      test-tcas  "227 1 454 5 788 7070 0 249 598 0 1 0"
      ;;
    45)
      test-tcas  "998 1 721 634 506 3358 2 499 525 1 1 0"
      ;;
    46)
      test-tcas  "348 0 417 826 889 5522 0 842 154 1 0 1"
      ;;
    47)
      test-tcas  "701 0 55 168 243 1433 3 516 132 1 0 1"
      ;;
    48)
      test-tcas  "638 0 71 445 839 838 2 235 460 1 1 0"
      ;;
esac
