#!/bin/bash
set -euo pipefail
SCRIPT_DIR=$(cd "$(dirname "${BASH_SOURCE[0]}")" && pwd)
test-tcas () {
    diff -q <(${ANGELIX_RUN:-eval} ./tcas $1) <($SCRIPT_DIR/../golden/tcas $1) > /dev/null
}

case "$1" in
    1)
      test-tcas  "574 1 708 792 562 3203 1 492 952 0 0 0"
      ;;
    2)
      test-tcas  "987 1 582 905 841 4102 1 654 452 0 0 0"
      ;;
    3)
      test-tcas  "191 1 103 955 153 5904 1 79 662 1 1 0"
      ;;
    4)
      test-tcas  "474 0 888 663 239 5844 2 937 35 1 0 0"
      ;;
    5)
      test-tcas  "142 1 380 636 809 7770 3 727 417 0 0 0"
      ;;
    6)
      test-tcas  "347 1 393 400 848 4157 3 573 362 0 1 0"
      ;;
    7)
      test-tcas  "108 0 466 12 211 5090 1 610 258 1 0 1"
      ;;
    8)
      test-tcas  "30 0 481 146 21 3374 1 23 549 1 1 1"
      ;;
    9)
      test-tcas  "455 1 775 475 851 2608 0 158 931 0 1 0"
      ;;
    10)
      test-tcas  "600 0 666 837 554 4996 0 677 505 1 1 1"
      ;;
    11)
      test-tcas  "422 0 14 56 39 7694 2 15 373 0 1 1"
      ;;
    12)
      test-tcas  "683 0 74 377 107 820 2 434 216 1 1 0"
      ;;
    13)
      test-tcas  "836 1 554 309 817 6644 1 640 843 1 1 1"
      ;;
    14)
      test-tcas  "4 1 330 188 616 8182 1 412 675 0 0 0"
      ;;
    15)
      test-tcas  "429 1 885 34 768 6193 1 841 524 1 0 0"
      ;;
    16)
      test-tcas  "320 1 22 261 299 6637 1 654 934 0 0 0"
      ;;
    17)
      test-tcas  "122 1 930 462 928 5827 1 695 695 1 1 1"
      ;;
    18)
      test-tcas  "686 0 130 940 86 7921 0 961 976 1 0 1"
      ;;
    19)
      test-tcas  "839 0 261 759 265 8974 0 626 803 1 1 0"
      ;;
    20)
      test-tcas  "286 1 88 936 578 3526 0 219 388 0 1 1"
      ;;
    21)
      test-tcas  "707 1 469 992 437 3678 3 637 34 1 1 0"
      ;;
    22)
      test-tcas  "277 1 358 325 850 6732 3 832 40 1 1 1"
      ;;
    23)
      test-tcas  "732 1 244 907 803 5818 1 924 218 1 0 0"
      ;;
    24)
      test-tcas  "376 0 694 518 717 8421 1 152 239 1 1 1"
      ;;
    25)
      test-tcas  "281 0 917 154 892 474 0 384 163 1 0 1"
      ;;
    26)
      test-tcas  "137 0 480 456 278 8513 1 4 71 0 1 1"
      ;;
    27)
      test-tcas  "970 0 506 822 803 9527 3 763 747 1 0 0"
      ;;
    28)
      test-tcas  "157 1 802 521 843 7368 3 697 899 1 1 0"
      ;;
    29)
      test-tcas  "791 1 542 411 242 6061 0 430 368 1 0 1"
      ;;
    30)
      test-tcas  "651 0 157 908 580 3976 3 128 225 1 1 0"
      ;;
    31)
      test-tcas  "569 1 199 610 170 8680 2 28 592 0 1 0"
      ;;
    32)
      test-tcas  "127 1 944 459 461 282 1 854 390 1 1 0"
      ;;
    33)
      test-tcas  "97 1 500 497 269 1301 3 506 83 1 1 0"
      ;;
    34)
      test-tcas  "119 1 156 208 370 3476 0 266 819 0 1 1"
      ;;
    35)
      test-tcas  "522 1 646 45 698 6522 2 263 151 1 0 0"
      ;;
    36)
      test-tcas  "199 1 898 116 431 587 1 210 781 0 0 1"
      ;;
    37)
      test-tcas  "841 1 715 34 851 3151 1 411 527 0 0 0"
      ;;
    38)
      test-tcas  "720 1 666 765 932 2215 0 698 875 1 1 1"
      ;;
    39)
      test-tcas  "583 0 293 769 71 980 3 403 182 1 0 0"
      ;;
    40)
      test-tcas  "24 1 508 993 403 4739 0 575 710 1 1 1"
      ;;
    41)
      test-tcas  "21 0 783 192 563 8382 2 516 292 1 0 1"
      ;;
    42)
      test-tcas  "59 1 496 716 703 2835 3 260 493 0 1 1"
      ;;
    43)
      test-tcas  "510 0 437 293 932 828 3 937 690 0 1 1"
      ;;
    44)
      test-tcas  "640 0 145 439 213 6637 3 924 487 1 1 0"
      ;;
    45)
      test-tcas  "776 1 391 909 101 915 1 453 386 1 1 0"
      ;;
    46)
      test-tcas  "800 1 679 200 452 388 3 751 559 0 0 1"
      ;;
    47)
      test-tcas  "263 1 214 306 542 2965 0 986 8 0 0 1"
      ;;
    48)
      test-tcas  "959 0 318 944 733 1904 0 125 278 0 0 1"
      ;;
    49)
      test-tcas  "869 0 763 154 49 7811 2 470 238 0 0 0"
      ;;
    50)
      test-tcas  "875 0 959 564 674 4694 3 881 282 0 1 1"
      ;;
    51)
      test-tcas  "656 1 368 771 524 5839 3 816 595 0 1 0"
      ;;
    52)
      test-tcas  "580 0 927 122 675 7069 0 986 873 1 0 0"
      ;;
    53)
      test-tcas  "387 1 618 747 469 8874 0 967 153 1 1 1"
      ;;
    54)
      test-tcas  "782 0 684 982 685 5079 2 270 65 0 1 1"
      ;;
    55)
      test-tcas  "969 1 283 336 179 4000 0 273 30 0 1 1"
      ;;
    56)
      test-tcas  "438 0 659 858 857 8612 3 84 536 1 0 0"
      ;;
    57)
      test-tcas  "144 1 150 223 823 4898 0 707 736 1 1 1"
      ;;
    58)
      test-tcas  "460 0 587 15 931 2493 0 999 210 1 0 0"
      ;;
    59)
      test-tcas  "21 0 785 540 894 8785 0 642 729 0 0 1"
      ;;
    60)
      test-tcas  "784 1 29 138 427 6911 0 914 432 0 0 0"
      ;;
    61)
      test-tcas  "288 1 529 257 739 9546 0 204 758 1 0 1"
      ;;
    62)
      test-tcas  "246 0 958 586 999 4021 1 215 947 1 1 1"
      ;;
    63)
      test-tcas  "190 0 214 315 128 137 1 436 848 1 1 1"
      ;;
    64)
      test-tcas  "997 1 571 54 534 54 1 823 147 0 0 1"
      ;;
esac
