#!/bin/bash
set -euo pipefail
SCRIPT_DIR=$(cd "$(dirname "${BASH_SOURCE[0]}")" && pwd)
test-tcas () {
    diff -q <(${ANGELIX_RUN:-eval} ./tcas $1) <($SCRIPT_DIR/../golden/tcas $1) > /dev/null
}

case "$1" in
    1)
      test-tcas  "162 1 709 634 10 5340 1 954 517 0 0 1"
      ;;
    2)
      test-tcas  "980 1 683 350 7 350 2 791 637 0 1 0"
      ;;
    3)
      test-tcas  "73 1 515 379 962 4912 0 547 393 0 1 1"
      ;;
    4)
      test-tcas  "776 0 309 664 562 5664 1 894 301 1 1 0"
      ;;
    5)
      test-tcas  "907 1 30 4 115 624 1 33 11 1 0 0"
      ;;
    6)
      test-tcas  "224 0 965 648 822 5679 3 67 220 1 0 0"
      ;;
    7)
      test-tcas  "422 0 998 892 753 5743 0 572 815 0 0 1"
      ;;
    8)
      test-tcas  "787 1 161 819 335 8225 1 605 362 0 1 1"
      ;;
    9)
      test-tcas  "506 1 557 151 839 1498 2 788 470 1 0 1"
      ;;
    10)
      test-tcas  "838 1 232 693 315 7098 1 86 363 1 1 0"
      ;;
    11)
      test-tcas  "917 1 904 850 818 1348 2 503 128 1 1 0"
      ;;
    12)
      test-tcas  "889 1 643 404 413 9999 2 89 531 0 0 1"
      ;;
    13)
      test-tcas  "292 0 581 925 507 8315 3 427 168 1 0 1"
      ;;
    14)
      test-tcas  "225 1 636 77 411 8815 1 140 830 0 1 0"
      ;;
    15)
      test-tcas  "768 1 892 478 785 9578 0 919 474 1 0 0"
      ;;
    16)
      test-tcas  "399 1 856 804 641 7695 3 126 46 0 1 1"
      ;;
    17)
      test-tcas  "785 1 203 460 24 5008 3 179 587 1 1 1"
      ;;
    18)
      test-tcas  "294 1 830 331 223 6834 2 663 567 1 0 0"
      ;;
    19)
      test-tcas  "881 1 151 952 457 8810 3 466 303 1 1 0"
      ;;
    20)
      test-tcas  "677 1 466 814 436 2401 2 134 497 1 1 1"
      ;;
    21)
      test-tcas  "571 0 14 541 949 5967 3 208 534 0 1 0"
      ;;
    22)
      test-tcas  "479 0 926 240 801 5536 2 387 41 0 1 1"
      ;;
    23)
      test-tcas  "624 0 753 510 843 7657 1 96 516 1 0 0"
      ;;
    24)
      test-tcas  "221 0 530 386 691 5860 0 326 362 0 1 1"
      ;;
    25)
      test-tcas  "320 1 498 833 858 2326 0 535 679 1 0 0"
      ;;
    26)
      test-tcas  "294 1 571 403 555 7407 2 865 362 1 1 0"
      ;;
    27)
      test-tcas  "496 0 477 190 220 1593 0 42 765 0 1 0"
      ;;
    28)
      test-tcas  "54 1 175 389 74 7422 3 988 85 0 0 1"
      ;;
    29)
      test-tcas  "480 1 656 501 483 2672 3 457 0 0 0 1"
      ;;
    30)
      test-tcas  "914 1 604 560 823 949 2 883 688 1 0 0"
      ;;
    31)
      test-tcas  "209 1 605 696 736 1486 1 63 417 1 1 0"
      ;;
    32)
      test-tcas  "892 1 621 865 256 6644 1 392 187 0 0 1"
      ;;
    33)
      test-tcas  "128 0 347 704 147 3157 3 980 634 1 1 0"
      ;;
    34)
      test-tcas  "309 1 821 162 111 1735 1 249 416 0 1 1"
      ;;
    35)
      test-tcas  "680 0 197 898 44 9048 2 432 676 0 0 0"
      ;;
    36)
      test-tcas  "595 1 55 295 529 6566 0 837 913 0 0 0"
      ;;
    37)
      test-tcas  "472 0 865 467 977 2036 3 745 649 0 0 0"
      ;;
    38)
      test-tcas  "392 0 334 699 488 1648 1 456 663 0 0 1"
      ;;
    39)
      test-tcas  "431 0 328 455 471 4201 3 183 364 0 0 1"
      ;;
    40)
      test-tcas  "407 1 854 363 354 2652 2 314 917 1 1 1"
      ;;
    41)
      test-tcas  "529 1 226 437 404 3607 0 967 211 1 0 1"
      ;;
    42)
      test-tcas  "719 1 27 282 643 1270 2 733 524 1 0 1"
      ;;
    43)
      test-tcas  "904 0 809 72 225 9354 0 108 868 0 1 1"
      ;;
    44)
      test-tcas  "481 0 650 730 303 2380 3 305 475 1 0 1"
      ;;
    45)
      test-tcas  "446 0 683 9 450 6579 3 872 675 0 1 0"
      ;;
    46)
      test-tcas  "219 1 609 979 98 436 2 962 619 0 0 0"
      ;;
    47)
      test-tcas  "179 1 872 879 137 5596 0 17 737 0 0 0"
      ;;
    48)
      test-tcas  "186 1 745 307 919 517 0 210 737 0 0 1"
      ;;
    49)
      test-tcas  "998 1 963 343 298 1840 3 139 80 1 0 1"
      ;;
    50)
      test-tcas  "453 1 771 405 88 1965 2 989 429 0 1 1"
      ;;
    51)
      test-tcas  "610 1 333 449 433 5803 0 738 448 1 1 1"
      ;;
    52)
      test-tcas  "702 0 380 536 989 5042 3 904 519 0 0 0"
      ;;
    53)
      test-tcas  "730 1 731 749 647 4646 2 852 549 0 1 0"
      ;;
    54)
      test-tcas  "914 1 931 61 596 3536 3 800 912 1 1 1"
      ;;
    55)
      test-tcas  "865 0 724 935 46 9655 3 381 831 0 1 1"
      ;;
    56)
      test-tcas  "398 0 341 171 718 8740 2 915 121 1 0 1"
      ;;
    57)
      test-tcas  "271 0 765 953 355 6229 2 442 114 1 1 0"
      ;;
    58)
      test-tcas  "866 1 84 940 47 2744 3 86 902 1 0 0"
      ;;
    59)
      test-tcas  "880 0 900 840 966 5576 0 358 650 0 1 0"
      ;;
    60)
      test-tcas  "500 1 419 63 319 1459 3 744 689 0 0 1"
      ;;
    61)
      test-tcas  "305 1 368 752 861 9805 3 152 434 1 1 0"
      ;;
    62)
      test-tcas  "210 0 245 867 170 311 0 680 802 0 0 0"
      ;;
    63)
      test-tcas  "219 0 618 921 114 4578 3 642 845 1 1 1"
      ;;
    64)
      test-tcas  "535 1 216 458 515 8030 2 804 603 1 0 1"
      ;;
esac
