#!/bin/bash
set -euo pipefail
SCRIPT_DIR=$(cd "$(dirname "${BASH_SOURCE[0]}")" && pwd)
test-tcas () {
    diff -q <(${ANGELIX_RUN:-eval} ./tcas $1) <($SCRIPT_DIR/../golden/tcas $1) > /dev/null
}

case "$1" in
    1)
      test-tcas  "60 0 151 31 44 7224 3 260 83 0 0 1"
      ;;
    2)
      test-tcas  "933 1 286 127 323 7835 1 247 511 1 0 0"
      ;;
    3)
      test-tcas  "275 0 792 647 20 976 1 569 4 0 1 1"
      ;;
    4)
      test-tcas  "824 1 811 755 218 7268 1 59 913 1 1 1"
      ;;
    5)
      test-tcas  "717 0 66 87 326 6536 2 12 324 1 0 0"
      ;;
    6)
      test-tcas  "683 0 327 462 653 4846 0 473 326 1 0 1"
      ;;
    7)
      test-tcas  "293 1 615 280 770 5488 0 440 275 0 1 1"
      ;;
    8)
      test-tcas  "452 0 839 200 906 3201 2 59 991 0 1 1"
      ;;
    9)
      test-tcas  "326 0 353 713 441 7261 2 439 380 1 1 1"
      ;;
    10)
      test-tcas  "245 1 534 774 659 6361 1 823 879 0 1 1"
      ;;
    11)
      test-tcas  "796 0 911 871 401 6383 3 543 381 0 1 0"
      ;;
    12)
      test-tcas  "373 1 709 668 81 1346 1 538 888 0 0 0"
      ;;
    13)
      test-tcas  "812 0 774 723 668 7890 0 55 70 1 0 0"
      ;;
    14)
      test-tcas  "464 0 865 756 760 4680 3 701 210 1 0 1"
      ;;
    15)
      test-tcas  "125 0 112 489 689 68 0 66 618 0 0 0"
      ;;
    16)
      test-tcas  "642 0 97 238 826 4283 0 829 580 1 0 1"
      ;;
    17)
      test-tcas  "772 0 576 164 747 6211 2 537 224 1 0 1"
      ;;
    18)
      test-tcas  "964 1 167 441 825 9644 1 101 333 1 1 0"
      ;;
    19)
      test-tcas  "166 0 565 537 14 9569 3 542 140 1 1 1"
      ;;
    20)
      test-tcas  "555 1 903 299 177 5713 1 543 488 1 1 1"
      ;;
    21)
      test-tcas  "201 1 722 679 182 8175 2 33 421 1 0 1"
      ;;
    22)
      test-tcas  "149 0 807 649 286 8456 0 270 304 1 0 1"
      ;;
    23)
      test-tcas  "218 1 682 129 880 8723 3 724 958 0 0 0"
      ;;
    24)
      test-tcas  "982 1 0 689 631 2476 3 486 995 0 1 0"
      ;;
    25)
      test-tcas  "874 0 325 264 335 1179 1 965 623 1 0 0"
      ;;
    26)
      test-tcas  "234 0 912 190 410 3658 2 247 574 0 0 0"
      ;;
    27)
      test-tcas  "271 1 49 585 953 8302 1 696 599 0 0 1"
      ;;
    28)
      test-tcas  "477 1 327 342 558 2241 3 200 5 0 1 1"
      ;;
    29)
      test-tcas  "891 0 823 888 798 6763 2 841 226 0 1 1"
      ;;
    30)
      test-tcas  "816 1 698 319 226 4272 1 786 126 1 1 0"
      ;;
    31)
      test-tcas  "188 0 28 566 143 9032 3 755 922 0 1 0"
      ;;
    32)
      test-tcas  "682 0 837 928 23 1853 0 638 35 1 0 1"
      ;;
    33)
      test-tcas  "882 0 363 505 557 7719 0 567 22 1 1 0"
      ;;
    34)
      test-tcas  "475 1 401 947 621 5114 1 154 893 0 1 1"
      ;;
    35)
      test-tcas  "308 1 309 327 222 6542 0 537 596 0 0 0"
      ;;
    36)
      test-tcas  "503 1 782 5 522 1353 0 466 340 1 0 1"
      ;;
    37)
      test-tcas  "372 0 918 936 434 4615 2 768 571 1 0 1"
      ;;
    38)
      test-tcas  "916 1 303 109 86 9259 1 310 972 0 0 0"
      ;;
    39)
      test-tcas  "949 1 953 611 474 3216 2 898 739 1 0 1"
      ;;
    40)
      test-tcas  "587 1 855 177 122 8652 2 491 581 1 1 0"
      ;;
    41)
      test-tcas  "802 0 617 133 320 6736 0 606 474 1 0 1"
      ;;
    42)
      test-tcas  "140 1 357 178 633 8679 2 962 111 0 0 1"
      ;;
    43)
      test-tcas  "327 0 401 657 877 1967 0 54 217 0 0 1"
      ;;
    44)
      test-tcas  "571 0 677 743 523 9875 1 719 517 0 0 0"
      ;;
    45)
      test-tcas  "721 1 806 326 690 2433 1 609 75 0 0 0"
      ;;
    46)
      test-tcas  "159 0 909 339 362 8045 1 4 991 0 1 1"
      ;;
    47)
      test-tcas  "382 0 950 852 329 6919 1 466 98 1 1 0"
      ;;
    48)
      test-tcas  "625 1 127 369 512 369 0 547 241 0 0 0"
      ;;
    49)
      test-tcas  "623 0 326 541 905 3894 3 0 51 0 1 0"
      ;;
    50)
      test-tcas  "731 1 20 814 197 6688 2 828 784 0 0 0"
      ;;
    51)
      test-tcas  "18 1 212 501 403 6005 0 989 775 1 0 1"
      ;;
    52)
      test-tcas  "772 1 29 246 346 1373 0 579 444 1 0 0"
      ;;
    53)
      test-tcas  "960 1 516 3 798 1317 0 28 432 0 0 1"
      ;;
    54)
      test-tcas  "651 0 883 345 274 3728 0 23 506 1 0 1"
      ;;
    55)
      test-tcas  "250 1 38 233 136 483 1 767 244 0 1 0"
      ;;
    56)
      test-tcas  "504 0 674 261 531 7350 2 569 225 0 0 1"
      ;;
    57)
      test-tcas  "799 0 441 914 44 1516 1 810 515 0 1 0"
      ;;
    58)
      test-tcas  "56 0 837 425 494 1365 0 943 646 0 0 1"
      ;;
    59)
      test-tcas  "759 0 418 529 357 6359 2 388 40 0 0 1"
      ;;
    60)
      test-tcas  "170 0 704 674 520 8992 3 997 922 0 0 1"
      ;;
    61)
      test-tcas  "657 0 836 116 819 5917 2 168 201 0 1 1"
      ;;
    62)
      test-tcas  "281 0 483 787 739 1338 3 661 589 0 1 1"
      ;;
    63)
      test-tcas  "366 1 853 887 50 2732 2 785 341 1 1 1"
      ;;
    64)
      test-tcas  "662 1 832 792 815 6879 1 777 490 1 0 1"
      ;;
esac
