#!/bin/bash
set -euo pipefail
SCRIPT_DIR=$(cd "$(dirname "${BASH_SOURCE[0]}")" && pwd)
test-tcas () {
    diff -q <(${ANGELIX_RUN:-eval} ./tcas $1) <($SCRIPT_DIR/../golden/tcas $1) > /dev/null
}

case "$1" in
    1)
      test-tcas  "817 0 983 68 758 714 2 695 787 1 0 0"
      ;;
    2)
      test-tcas  "238 1 179 929 380 7688 1 470 997 1 0 1"
      ;;
    3)
      test-tcas  "874 0 686 171 143 3240 0 806 63 1 1 1"
      ;;
    4)
      test-tcas  "299 1 241 471 189 4757 0 689 789 1 0 1"
      ;;
    5)
      test-tcas  "728 0 297 56 17 2237 3 667 9 0 0 1"
      ;;
    6)
      test-tcas  "636 0 727 834 905 1481 0 832 387 0 1 1"
      ;;
    7)
      test-tcas  "96 0 151 415 717 4642 1 634 629 1 1 0"
      ;;
    8)
      test-tcas  "528 0 475 90 767 3246 0 653 689 0 0 1"
      ;;
    9)
      test-tcas  "372 0 949 678 158 9236 2 959 299 0 0 1"
      ;;
    10)
      test-tcas  "834 1 976 960 549 4697 0 153 508 1 0 0"
      ;;
    11)
      test-tcas  "165 1 56 205 515 788 1 626 107 0 1 0"
      ;;
    12)
      test-tcas  "956 0 585 23 603 829 2 952 602 0 1 0"
      ;;
    13)
      test-tcas  "700 0 864 521 853 1768 2 736 19 1 1 1"
      ;;
    14)
      test-tcas  "340 0 411 392 941 2049 3 556 69 0 1 0"
      ;;
    15)
      test-tcas  "717 1 754 253 182 2534 0 951 239 1 1 1"
      ;;
    16)
      test-tcas  "736 1 63 139 464 334 3 687 78 1 0 0"
      ;;
    17)
      test-tcas  "719 1 484 675 708 3378 2 794 389 0 1 1"
      ;;
    18)
      test-tcas  "721 0 690 993 718 6150 2 52 215 0 0 1"
      ;;
    19)
      test-tcas  "710 0 55 1 248 4354 2 823 374 1 1 1"
      ;;
    20)
      test-tcas  "239 1 1 89 797 8273 0 242 901 0 0 0"
      ;;
    21)
      test-tcas  "785 1 362 848 85 1255 1 957 61 0 1 0"
      ;;
    22)
      test-tcas  "142 0 190 794 257 1161 3 620 666 1 1 0"
      ;;
    23)
      test-tcas  "184 1 191 498 730 8664 0 481 133 0 0 1"
      ;;
    24)
      test-tcas  "990 0 954 893 172 7028 0 382 247 0 1 0"
      ;;
    25)
      test-tcas  "703 0 371 882 359 3465 2 509 747 0 0 0"
      ;;
    26)
      test-tcas  "589 0 44 653 700 2262 2 184 773 1 0 1"
      ;;
    27)
      test-tcas  "565 0 140 424 910 4710 2 935 868 1 1 0"
      ;;
    28)
      test-tcas  "39 0 20 548 773 348 0 982 523 1 1 0"
      ;;
    29)
      test-tcas  "123 0 28 157 90 8252 0 139 391 0 0 1"
      ;;
    30)
      test-tcas  "260 1 159 679 791 5933 2 989 8 0 1 1"
      ;;
    31)
      test-tcas  "30 1 824 756 786 7030 2 986 432 0 0 0"
      ;;
    32)
      test-tcas  "259 0 678 149 442 7178 2 915 375 1 0 0"
      ;;
    33)
      test-tcas  "733 1 429 395 629 412 3 899 402 0 0 0"
      ;;
    34)
      test-tcas  "636 1 731 937 5 6069 3 864 372 0 0 0"
      ;;
    35)
      test-tcas  "417 1 657 579 703 8490 3 11 741 0 1 1"
      ;;
    36)
      test-tcas  "61 0 848 37 776 8798 2 576 378 0 1 0"
      ;;
    37)
      test-tcas  "767 1 296 355 649 9732 0 700 427 1 1 0"
      ;;
    38)
      test-tcas  "729 1 744 903 477 903 0 883 235 0 1 1"
      ;;
    39)
      test-tcas  "184 1 971 546 656 2881 2 19 640 0 0 1"
      ;;
    40)
      test-tcas  "43 1 705 459 769 4285 2 554 895 0 0 0"
      ;;
    41)
      test-tcas  "297 0 644 925 93 6505 0 803 185 0 1 1"
      ;;
    42)
      test-tcas  "1 1 955 214 241 5761 0 923 100 1 0 1"
      ;;
    43)
      test-tcas  "926 0 789 471 768 2094 1 479 571 1 0 1"
      ;;
    44)
      test-tcas  "62 0 716 257 508 9305 0 947 622 0 1 0"
      ;;
    45)
      test-tcas  "837 1 553 106 64 9109 1 854 841 1 1 0"
      ;;
    46)
      test-tcas  "460 0 870 161 260 6623 2 612 789 0 1 1"
      ;;
    47)
      test-tcas  "934 0 476 581 452 2865 1 416 540 0 0 0"
      ;;
    48)
      test-tcas  "231 1 426 65 422 3207 2 821 297 1 1 1"
      ;;
    49)
      test-tcas  "741 0 557 392 123 8666 0 917 440 1 0 0"
      ;;
    50)
      test-tcas  "438 0 212 473 761 9519 3 177 561 1 1 0"
      ;;
    51)
      test-tcas  "310 0 745 902 736 8082 1 273 884 1 0 0"
      ;;
    52)
      test-tcas  "345 0 480 537 581 9455 1 315 91 1 0 0"
      ;;
    53)
      test-tcas  "909 0 148 46 526 5759 1 46 886 1 1 1"
      ;;
    54)
      test-tcas  "537 0 368 859 373 735 1 677 651 0 1 0"
      ;;
    55)
      test-tcas  "134 1 528 296 275 7675 0 51 341 1 1 0"
      ;;
    56)
      test-tcas  "226 0 378 85 539 4369 3 889 180 1 1 0"
      ;;
    57)
      test-tcas  "287 1 889 767 881 4229 1 857 977 1 1 1"
      ;;
    58)
      test-tcas  "252 0 333 822 560 2845 1 143 739 1 1 1"
      ;;
    59)
      test-tcas  "176 1 210 635 533 4067 0 207 920 0 0 0"
      ;;
    60)
      test-tcas  "502 1 475 645 236 9192 2 223 977 1 0 1"
      ;;
    61)
      test-tcas  "670 1 645 253 730 7040 3 638 985 1 0 1"
      ;;
    62)
      test-tcas  "774 1 640 243 859 1560 1 104 840 0 1 1"
      ;;
    63)
      test-tcas  "666 1 730 629 642 7197 1 833 73 1 0 0"
      ;;
    64)
      test-tcas  "305 1 715 954 450 474 2 246 558 1 1 0"
      ;;
esac
