#!/bin/bash
set -euo pipefail
SCRIPT_DIR=$(cd "$(dirname "${BASH_SOURCE[0]}")" && pwd)
test-tcas () {
    diff -q <(${ANGELIX_RUN:-eval} ./tcas $1) <($SCRIPT_DIR/../golden/tcas $1) > /dev/null
}

case "$1" in
    1)
      test-tcas  "874 1 519 981 570 6860 3 936 706 1 0 1"
      ;;
    2)
      test-tcas  "232 1 554 808 405 5507 2 197 626 1 1 1"
      ;;
    3)
      test-tcas  "892 1 925 962 710 2137 1 263 46 0 0 0"
      ;;
    4)
      test-tcas  "679 1 511 188 57 790 3 870 633 1 1 1"
      ;;
    5)
      test-tcas  "472 0 207 648 831 2907 2 692 295 0 0 0"
      ;;
    6)
      test-tcas  "48 0 544 841 778 97 3 279 772 0 1 1"
      ;;
    7)
      test-tcas  "777 0 544 310 254 6183 1 708 811 1 1 0"
      ;;
    8)
      test-tcas  "663 1 419 128 192 7132 3 215 848 0 1 1"
      ;;
    9)
      test-tcas  "857 0 334 724 472 794 3 389 794 0 0 1"
      ;;
    10)
      test-tcas  "497 0 497 502 165 79 0 230 304 1 1 0"
      ;;
    11)
      test-tcas  "538 0 603 986 928 3377 1 382 823 1 0 0"
      ;;
    12)
      test-tcas  "181 0 943 782 821 4633 1 243 647 0 1 1"
      ;;
    13)
      test-tcas  "487 1 385 617 818 2526 2 356 315 0 0 1"
      ;;
    14)
      test-tcas  "873 1 937 983 447 3675 1 576 848 1 0 0"
      ;;
    15)
      test-tcas  "403 0 688 536 203 8719 2 883 551 0 1 0"
      ;;
    16)
      test-tcas  "43 0 596 387 705 2474 2 488 492 1 1 0"
      ;;
    17)
      test-tcas  "469 1 880 715 985 138 2 958 212 1 0 0"
      ;;
    18)
      test-tcas  "460 1 615 806 809 784 1 533 730 0 1 1"
      ;;
    19)
      test-tcas  "510 1 631 608 521 7003 3 587 583 0 1 1"
      ;;
    20)
      test-tcas  "932 1 834 253 601 5694 2 310 333 0 1 0"
      ;;
    21)
      test-tcas  "508 1 737 666 940 9531 0 158 829 0 0 1"
      ;;
    22)
      test-tcas  "576 1 228 442 674 1600 1 439 377 1 0 1"
      ;;
    23)
      test-tcas  "395 1 445 509 442 7143 1 542 42 1 1 1"
      ;;
    24)
      test-tcas  "679 0 37 846 978 6174 0 836 359 1 1 1"
      ;;
    25)
      test-tcas  "302 0 144 590 119 9035 3 111 944 0 1 0"
      ;;
    26)
      test-tcas  "433 1 28 234 569 3692 1 594 794 1 0 1"
      ;;
    27)
      test-tcas  "663 1 501 423 111 8725 2 143 436 1 0 1"
      ;;
    28)
      test-tcas  "88 0 112 910 416 9583 2 73 568 1 1 1"
      ;;
    29)
      test-tcas  "867 0 430 687 112 7701 2 294 404 1 1 0"
      ;;
    30)
      test-tcas  "317 1 800 90 443 2576 2 3 609 0 0 1"
      ;;
    31)
      test-tcas  "352 1 469 797 543 5783 2 95 449 1 1 0"
      ;;
    32)
      test-tcas  "836 0 229 117 209 3307 1 673 658 0 1 1"
      ;;
    33)
      test-tcas  "319 1 443 760 920 8314 1 676 455 0 0 0"
      ;;
    34)
      test-tcas  "576 1 730 471 918 751 2 545 181 1 0 0"
      ;;
    35)
      test-tcas  "493 0 508 378 218 2803 2 157 178 1 0 1"
      ;;
    36)
      test-tcas  "937 1 186 761 646 354 3 857 730 1 1 1"
      ;;
    37)
      test-tcas  "580 0 928 148 269 134 2 416 253 0 0 0"
      ;;
    38)
      test-tcas  "935 0 641 161 984 220 0 35 273 1 1 0"
      ;;
    39)
      test-tcas  "356 0 209 410 495 7956 0 175 306 0 0 1"
      ;;
    40)
      test-tcas  "269 1 902 980 492 4237 2 6 308 1 1 0"
      ;;
    41)
      test-tcas  "541 1 413 573 502 6373 0 603 77 1 0 0"
      ;;
    42)
      test-tcas  "617 0 114 321 639 3486 3 708 791 1 1 0"
      ;;
    43)
      test-tcas  "891 0 798 504 349 8554 3 898 724 1 0 0"
      ;;
    44)
      test-tcas  "678 1 534 20 159 9829 0 406 175 0 0 1"
      ;;
    45)
      test-tcas  "158 0 97 387 524 1380 3 525 731 1 0 0"
      ;;
    46)
      test-tcas  "790 0 987 329 964 8017 3 606 100 1 0 0"
      ;;
    47)
      test-tcas  "857 0 85 648 915 3734 0 81 84 0 1 0"
      ;;
    48)
      test-tcas  "132 0 733 25 66 5199 0 660 532 0 1 0"
      ;;
    49)
      test-tcas  "989 1 243 740 330 2572 0 976 632 1 1 1"
      ;;
    50)
      test-tcas  "823 0 733 907 143 9200 3 382 390 1 0 1"
      ;;
    51)
      test-tcas  "148 1 672 896 353 9370 2 372 803 1 1 0"
      ;;
    52)
      test-tcas  "458 0 524 873 692 9424 1 248 958 0 1 0"
      ;;
    53)
      test-tcas  "678 0 571 150 581 2080 1 100 96 1 1 0"
      ;;
    54)
      test-tcas  "864 0 216 29 925 6764 0 5 619 1 1 1"
      ;;
    55)
      test-tcas  "800 1 914 207 529 207 3 482 4 0 1 0"
      ;;
    56)
      test-tcas  "135 0 307 535 822 1375 0 762 706 1 0 1"
      ;;
    57)
      test-tcas  "872 0 162 991 760 3122 2 268 311 0 0 0"
      ;;
    58)
      test-tcas  "227 1 325 119 26 9679 0 887 521 0 1 1"
      ;;
    59)
      test-tcas  "204 1 132 943 12 4230 0 144 898 1 0 0"
      ;;
    60)
      test-tcas  "657 0 504 482 479 4479 2 290 800 1 0 1"
      ;;
    61)
      test-tcas  "92 1 361 385 389 6109 0 490 506 0 0 1"
      ;;
    62)
      test-tcas  "105 0 992 29 975 4533 2 907 181 0 1 0"
      ;;
    63)
      test-tcas  "998 0 584 536 887 4247 3 358 107 1 1 1"
      ;;
    64)
      test-tcas  "959 0 316 619 54 2465 1 467 456 0 0 1"
      ;;
esac
