'8 8 1
5
3
5
5
5
'
'8 4 1
2 0 8
5
5
5
5
'
'8 8 1
4 8
5
5
5
5
'
'9 4 4
1 0
5
5
5
5
'
'9 1 4
1 0
5
5
5
1 0
'
'9 1 8
5
7
2 0 8
4 8
5
'
'9 1 8
1 0
5
5
5
4 8
'
'0 9 1
1 0
3
5
3
1 0
'
'0 9 1
1 0
5
5
5
5
'
'0 9 1
1 0
5
6
5
4 8
'
'0 1 9
1 0
7
5
5
4 8
'
'0 1 8
1 0
3
6
3
1 0
'
'0 1 1
1 4
7
5
5
4 8
'
'0 1 1
1 4
7
5
5
1 0
'
'0 1 1
7
6
2 0 4
4 1
5
'
'0 1 1
4 1
4 1
4 1
5
5
'
'0 1 1
2 4 1
1 4
4 80
4 8
4 8
'
'0 1 1
5
7
2 0 8
4 8
5
'
'0 1 1
6
6
2 0 4
4 1
5
'
'0 1 1
3
7
2 0 8
4 8
5
'
'0 1 1
4 40
4 4
4 8
5
5
'
'0 1 1
1 3
7
5
5
4 1
'
'0 1 1
1 3
7
5
5
1 0
'
'0 1 1
4 41
4 4
4 1
5
5
'
'0 1 1
2 4 40
1 0
4 1
4 8
4 8
'
'0 2 1
5
6
2 0 8
4 1
5
'
'3 1 1
5
5
2 0 80
4 1
5
'
'0 2 1
1 3
3
5
6
5
'
'0 1 1
2 0 1
1 4
4 8
4 1
4 8
'
'0 2 1
1 3
5
5
5
1 0
'
'1 1 1
2 2 4
1 0
4 80
4 10
4 80
'
'0 1 1
3
3
2 0 8
4 8
5
'
'0 3 1
1 3
6
5
6
1 0
'
'0 1 1
2 0 40
1 0
4 1
4 4
4 8
'
'0 1 1
2 1 4
2 0 1
4 8
4 4
5
'
'1 1 1
2 1 4
1 0
4 10
4 80
4 8
'
