#!/bin/bash
set -euo pipefail
SCRIPT_DIR=$(cd "$(dirname "${BASH_SOURCE[0]}")" && pwd)
test-tcas () {
    diff -q <(${ANGELIX_RUN:-eval} ./tcas $1) <($SCRIPT_DIR/../golden/tcas $1) > /dev/null
}

case "$1" in
    1)
      test-tcas  "0 0 0 0 0 0 0 0 0 0 1 0"
      ;;
    2)
      test-tcas  "2272 1 0 6096 16 4336 0 -10000 6256 0 1 0"
      ;;
    3)
      test-tcas  "6160 1 1 2288 16 -10000 0 -16 -2320 0 2 0"
      ;;
    4)
      test-tcas  "6264 1 1 6368 80 4336 0 -4096 4336 0 2 0"
      ;;
    5)
      test-tcas  "6264 1 1 6368 80 4336 1 -4096 4336 0 2 0"
      ;;
    6)
      test-tcas  "2296 1 1 -9456 112 -10000 1 10000 10000 0 2 0"
      ;;
    7)
      test-tcas  "2288 1 1 2220 -9136 2220 1 -6144 5872 0 2 0"
      ;;
    8)
      test-tcas  "6264 1 1 6368 80 4336 3 -4096 4336 0 2 0"
      ;;
    9)
      test-tcas  "3864 1 1 -1904 240 -2352 0 10000 10000 0 2 0"
      ;;
    10)
      test-tcas  "6256 1 1 -9616 80 -9613 1 2288 2288 0 2 0"
      ;;
    11)
      test-tcas  "2296 1 1 -1840 112 -4144 3 10000 10000 0 2 0"
      ;;
    12)
      test-tcas  "6320 1 1 -1936 16 6352 2 -104 -10000 0 2 1"
      ;;
    13)
      test-tcas  "6320 1 1 -1936 16 6352 0 -104 -10000 0 2 1"
      ;;
    14)
      test-tcas  "6160 1 1 -9056 112 -8271 3 2288 2288 0 2 0"
      ;;
    15)
      test-tcas  "2288 1 1 2220 -9136 2220 3 -6144 5872 0 2 0"
      ;;
    16)
      test-tcas  "1776 1 1 6368 80 6370 2 2300 2064 0 2 1"
      ;;
    17)
      test-tcas  "3864 1 1 -815 240 -2864 2 10000 10000 0 2 0"
      ;;
    18)
      test-tcas  "6256 1 1 -9104 240 -1807 2 2288 2288 0 2 0"
      ;;
    19)
      test-tcas  "6264 1 1 6321 80 2080 2 -4096 5872 0 2 0"
      ;;
    20)
      test-tcas  "6320 1 1 -880 -1872 2288 0 6332 752 0 2 1"
      ;;
    21)
      test-tcas  "3296 1 1 -8944 -10000 5328 3 3997 4096 0 2 1"
      ;;
    22)
      test-tcas  "784 1 1 -9104 16 3185 0 2288 2288 0 2 0"
      ;;
    23)
      test-tcas  "2288 1 1 2220 -9136 2220 0 -6144 5872 0 2 0"
      ;;
    24)
      test-tcas  "3088 1 1 -8080 -9104 -6928 1 6380 1264 0 2 1"
      ;;
    25)
      test-tcas  "6320 1 1 -1936 16 6352 3 -104 -10000 0 2 1"
      ;;
    26)
      test-tcas  "2288 1 1 2220 -9136 2220 2 -6144 5872 0 2 0"
      ;;
    27)
      test-tcas  "6320 1 1 -1936 16 6352 1 -104 -10000 0 2 1"
      ;;
esac
