#!/bin/bash
set -euo pipefail
SCRIPT_DIR=$(cd "$(dirname "${BASH_SOURCE[0]}")" && pwd)
test-tcas () {
    diff -q <(${ANGELIX_RUN:-eval} ./tcas $1) <($SCRIPT_DIR/../golden/tcas $1) > /dev/null
}

case "$1" in
    1)
      test-tcas  "7292 1 0 3 2288 2288 2 640 -3984 0 2 1"
      ;;
    2)
      test-tcas  "-1176 1 0 3 -1840 2288 0 400 -6416 0 2 1"
      ;;
    3)
      test-tcas  "8385 1 0 -9920 6256 3296 2 -2320 752 0 2 0"
      ;;
    4)
      test-tcas  "-8192 1 0 3 6256 -4880 0 -4880 6256 0 2 0"
      ;;
    5)
      test-tcas  "-5 1 0 193 6320 2512 1 500 7280 0 2 1"
      ;;
    6)
      test-tcas  "128 1 0 1 2288 2288 3 740 -10000 0 2 1"
      ;;
    7)
      test-tcas  "6268 1 0 1 16 1 2 640 16 0 2 0"
      ;;
    8)
      test-tcas  "6264 1 0 4096 -10000 -8176 0 400 -1936 0 2 1"
      ;;
    9)
      test-tcas  "6372 1 0 4101 -6320 240 2 604 690 0 2 1"
      ;;
    10)
      test-tcas  "1292 1 0 3 489 2 2 640 740 0 2 1"
      ;;
    11)
      test-tcas  "624 1 0 3 -39 2 0 400 500 0 2 1"
      ;;
    12)
      test-tcas  "1785 1 0 -9920 257 -9921 2 640 740 0 2 0"
      ;;
    13)
      test-tcas  "808 1 0 3 257 2 0 400 500 0 2 0"
      ;;
    14)
      test-tcas  "1195 1 0 193 321 192 1 500 600 0 2 1"
      ;;
    15)
      test-tcas  "1328 1 0 1 489 0 3 740 840 0 2 1"
      ;;
    16)
      test-tcas  "1468 1 0 1 17 0 2 640 740 0 2 0"
      ;;
    17)
      test-tcas  "1464 1 0 4096 -399 4095 0 400 500 0 2 1"
      ;;
    18)
      test-tcas  "1572 1 0 4101 -319 4100 2 640 740 0 2 1"
      ;;
    19)
      test-tcas  "178 1 0 -1 6896 -1840 2 -8236 -10000 0 1 0"
      ;;
    20)
      test-tcas  "6320 1 0 3 -7440 4336 2 640 -6320 0 2 1"
      ;;
    21)
      test-tcas  "-3072 0 0 -8189 -6896 6224 2 640 3248 0 2 1"
      ;;
    22)
      test-tcas  "4336 1 0 241 6320 6320 2 640 2032 0 1 0"
      ;;
    23)
      test-tcas  "6384 1 0 3 6256 -5936 2 -1064 -912 0 2 1"
      ;;
    24)
      test-tcas  "-10000 1 0 0 3312 2064 2 8176 -10000 0 2 0"
      ;;
    25)
      test-tcas  "1378 1 0 -1 297 0 2 -9999 -10000 0 2 0"
      ;;
    26)
      test-tcas  "6320 1 0 3 -7440 4336 2 -6520 640 0 2 1"
      ;;
    27)
      test-tcas  "1128 1 0 -8189 -295 -8190 2 640 740 0 2 1"
      ;;
    28)
      test-tcas  "1336 1 0 241 321 240 2 640 740 0 2 0"
      ;;
    29)
      test-tcas  "1584 1 0 3 257 4 2 -911 -912 0 2 1"
      ;;
    30)
      test-tcas  "800 1 0 0 313 -1 2 8176 8276 0 2 0"
      ;;
    31)
      test-tcas  "178 1 0 -1 6896 -1840 0 -8236 -10000 0 1 0"
      ;;
    32)
      test-tcas  "2196 1 0 3 112 4336 0 400 6320 0 2 1"
      ;;
    33)
      test-tcas  "6313 0 0 0 -3120 -5808 0 400 3312 0 2 0"
      ;;
    34)
      test-tcas  "9689 1 0 -10000 6352 -6064 0 400 4336 0 1 0"
      ;;
    35)
      test-tcas  "-4800 1 0 8 6256 -9104 0 -52 -6096 0 2 0"
      ;;
    36)
      test-tcas  "-10000 1 0 3 2288 2192 0 3068 2288 0 2 1"
      ;;
    37)
      test-tcas  "1378 1 0 -1 297 0 0 -9999 -10000 0 2 0"
      ;;
    38)
      test-tcas  "1596 1 0 3 113 2 0 400 500 0 2 1"
      ;;
    39)
      test-tcas  "1513 1 0 0 -119 -1 0 400 500 0 2 0"
      ;;
    40)
      test-tcas  "1289 1 0 -10000 353 -10001 0 400 500 0 2 0"
      ;;
    41)
      test-tcas  "1200 1 0 8 257 9 0 -6095 -6096 0 2 0"
      ;;
    42)
      test-tcas  "800 1 0 3 489 2 0 3068 3168 0 2 1"
      ;;
    43)
      test-tcas  "8305 1 0 8192 336 2288 2 240 1232 0 2 0"
      ;;
    44)
      test-tcas  "-8192 0 0 1 6160 6320 2 -10000 6320 0 2 0"
      ;;
    45)
      test-tcas  "-9728 1 0 1 1776 -1872 2 -6032 6384 0 1 0"
      ;;
    46)
      test-tcas  "-8192 1 0 1 -560 2288 2 4176 6384 0 2 0"
      ;;
    47)
      test-tcas  "-8608 1 0 3 2288 -10000 2 -3984 464 0 2 0"
      ;;
    48)
      test-tcas  "2420 1 0 8192 3152 6256 2 -8080 2288 0 1 0"
      ;;
    49)
      test-tcas  "1705 1 0 8192 337 8191 2 640 740 0 2 0"
      ;;
    50)
      test-tcas  "808 1 0 1 161 0 2 640 740 0 2 0"
      ;;
    51)
      test-tcas  "1072 1 0 1 577 0 2 640 740 0 2 0"
      ;;
    52)
      test-tcas  "808 1 0 1 -559 0 2 4176 4276 0 2 0"
      ;;
    53)
      test-tcas  "992 1 0 3 489 4 2 465 464 0 2 0"
      ;;
    54)
      test-tcas  "1220 1 0 8192 153 8191 2 640 740 0 2 0"
      ;;
    55)
      test-tcas  "9412 1 0 -8192 272 -1584 0 -6416 6552 0 2 0"
      ;;
    56)
      test-tcas  "-6144 0 0 3 8944 2672 0 -7408 9456 0 2 0"
      ;;
    57)
      test-tcas  "-6144 1 0 3 9456 6384 0 -7408 9456 0 1 0"
      ;;
    58)
      test-tcas  "-8432 1 0 0 6256 -10000 0 8304 404 0 2 0"
      ;;
    59)
      test-tcas  "-8608 1 0 3 4336 -7792 0 -10000 384 0 2 0"
      ;;
    60)
      test-tcas  "-9424 1 0 2048 -8464 -9104 0 -9488 2288 0 1 0"
      ;;
    61)
      test-tcas  "1612 1 0 -8192 273 -8193 0 400 500 0 2 0"
      ;;
    62)
      test-tcas  "1056 1 0 3 545 2 0 400 500 0 2 0"
      ;;
    63)
      test-tcas  "1056 1 0 3 457 2 0 400 500 0 2 0"
      ;;
    64)
      test-tcas  "1168 1 0 0 257 -1 0 8304 8404 0 2 0"
      ;;
    65)
      test-tcas  "992 1 0 3 137 4 0 385 384 0 2 0"
      ;;
    66)
      test-tcas  "776 1 0 2048 -63 2047 0 400 500 0 2 0"
      ;;
    67)
      test-tcas  "178 1 0 -1 6896 -1840 1 -8236 -10000 0 1 0"
      ;;
    68)
      test-tcas  "2288 1 0 -9992 -10000 -6000 1 500 2288 0 2 1"
      ;;
    69)
      test-tcas  "-9450 0 0 3 7632 6368 1 500 -6928 0 2 0"
      ;;
    70)
      test-tcas  "-9448 1 0 3 -944 2288 1 500 2800 0 1 1"
      ;;
    71)
      test-tcas  "-9216 1 0 3 -8336 -1904 1 -96 -10000 0 2 0"
      ;;
    72)
      test-tcas  "512 1 0 3 -9008 3536 1 8316 -7856 0 2 1"
      ;;
    73)
      test-tcas  "1378 1 0 -1 297 0 1 -9999 -10000 0 2 0"
      ;;
    74)
      test-tcas  "1688 1 0 -9992 -399 -9993 1 500 600 0 2 1"
      ;;
    75)
      test-tcas  "750 1 0 3 433 2 1 500 600 0 2 0"
      ;;
    76)
      test-tcas  "752 1 0 3 -343 2 1 500 600 0 2 1"
      ;;
    77)
      test-tcas  "984 1 0 3 -535 4 1 -9999 -10000 0 2 0"
      ;;
    78)
      test-tcas  "1712 1 0 3 -7 2 1 8316 8416 0 2 1"
      ;;
    79)
      test-tcas  "178 1 0 -1 6896 -1840 3 -8236 -10000 0 1 0"
      ;;
    80)
      test-tcas  "6384 1 0 65 -7056 -6032 3 740 3184 0 2 1"
      ;;
    81)
      test-tcas  "-9728 0 0 0 8288 -3984 3 740 2288 0 2 1"
      ;;
    82)
      test-tcas  "7344 1 0 3 6320 6384 3 740 6224 0 1 1"
      ;;
    83)
      test-tcas  "-8704 1 0 3 -5984 6384 3 -16 -10000 0 2 0"
      ;;
    84)
      test-tcas  "8416 1 0 3 4336 -624 3 8420 3184 0 2 1"
      ;;
    85)
      test-tcas  "1378 1 0 -1 297 0 3 -9999 -10000 0 2 0"
      ;;
    86)
      test-tcas  "1584 1 0 65 -455 64 3 740 840 0 2 1"
      ;;
    87)
      test-tcas  "1072 1 0 0 489 -1 3 740 840 0 2 1"
      ;;
    88)
      test-tcas  "1344 1 0 3 321 2 3 740 840 0 2 1"
      ;;
    89)
      test-tcas  "896 1 0 3 -583 4 3 -9999 -10000 0 2 0"
      ;;
    90)
      test-tcas  "1216 1 0 3 137 2 3 8420 8520 0 2 1"
      ;;
    91)
      test-tcas  "7348 1 0 1 16 0 2 -8548 -10000 0 2 1"
      ;;
    92)
      test-tcas  "8377 1 0 8697 -10000 8688 2 9712 6320 0 2 0"
      ;;
    93)
      test-tcas  "-616 0 0 0 2288 -10000 2 -1968 -1936 0 1 0"
      ;;
    94)
      test-tcas  "8308 1 0 1 6256 1 2 640 -7984 0 2 0"
      ;;
    95)
      test-tcas  "-7168 1 0 3 -10000 -9200 2 640 -5936 0 2 0"
      ;;
    96)
      test-tcas  "6392 1 0 0 80 -10000 2 640 2294 0 2 1"
      ;;
    97)
      test-tcas  "6388 1 0 1 240 2288 2 640 208 0 2 1"
      ;;
    98)
      test-tcas  "7188 1 1 8192 -1968 -10000 2 640 -9488 0 1 0"
      ;;
    99)
      test-tcas  "1348 1 0 1 17 2 2 -9999 -10000 0 2 1"
      ;;
    100)
      test-tcas  "1777 1 0 8697 -399 8696 2 9712 9812 0 2 0"
      ;;
    101)
      test-tcas  "1184 1 0 0 489 1 2 -1935 -1936 0 2 0"
      ;;
    102)
      test-tcas  "1708 1 0 1 257 0 2 640 740 0 2 0"
      ;;
    103)
      test-tcas  "632 1 0 3 -399 2 2 640 740 0 2 0"
      ;;
    104)
      test-tcas  "1592 1 0 0 81 -1 2 640 740 0 2 1"
      ;;
    105)
      test-tcas  "6388 1 0 1 240 2288 2 8 640 0 2 1"
      ;;
    106)
      test-tcas  "1788 1 1 8192 -167 8191 2 640 740 0 2 0"
      ;;
    107)
      test-tcas  "8308 1 0 8192 -9136 2064 0 -1864 -5936 0 2 1"
      ;;
    108)
      test-tcas  "8316 1 0 4 -8176 0 0 6268 2288 0 2 1"
      ;;
    109)
      test-tcas  "-616 0 0 0 2288 -10000 0 -1968 -1936 0 1 0"
      ;;
    110)
      test-tcas  "6388 1 0 1 6320 -9200 0 400 240 0 2 1"
      ;;
    111)
      test-tcas  "372 1 0 4096 -10000 -6384 0 400 -1584 0 2 1"
      ;;
    112)
      test-tcas  "4339 1 0 2113 -5552 -6416 0 400 4336 0 2 1"
      ;;
    113)
      test-tcas  "2164 1 0 -8189 -10000 2291 0 400 -10000 0 2 0"
      ;;
    114)
      test-tcas  "7667 1 1 -860 -7664 -8176 0 400 -8976 0 1 0"
      ;;
    115)
      test-tcas  "1708 1 0 8192 -135 8193 0 -5935 -5936 0 2 1"
      ;;
    116)
      test-tcas  "1716 1 0 4 -375 3 0 6268 6368 0 2 1"
      ;;
    117)
      test-tcas  "1184 1 0 0 489 1 0 -1935 -1936 0 2 0"
      ;;
    118)
      test-tcas  "1588 1 0 1 321 0 0 400 500 0 2 1"
      ;;
    119)
      test-tcas  "1572 1 0 4096 -399 4095 0 400 500 0 2 1"
      ;;
    120)
      test-tcas  "1339 1 0 2113 -151 2112 0 400 500 0 2 1"
      ;;
    121)
      test-tcas  "2164 1 0 -8189 -10000 2291 0 -10000 400 0 2 0"
      ;;
    122)
      test-tcas  "1667 1 1 -860 -463 -861 0 400 500 0 2 0"
      ;;
    123)
      test-tcas  "9969 1 0 8192 -7664 240 2 1264 1136 0 2 0"
      ;;
    124)
      test-tcas  "6380 1 0 1 112 0 2 -1128 -7792 0 2 1"
      ;;
    125)
      test-tcas  "-8192 0 0 6256 -10000 -10000 2 1984 2288 0 1 0"
      ;;
    126)
      test-tcas  "6392 1 0 1 4208 -9712 2 544 640 0 2 1"
      ;;
    127)
      test-tcas  "-1984 1 0 6256 240 -7152 2 606 705 0 2 1"
      ;;
    128)
      test-tcas  "1149 1 0 3 -1808 -4880 2 208 640 0 2 1"
      ;;
    129)
      test-tcas  "6256 1 0 1 -4592 6256 2 541 640 0 2 1"
      ;;
    130)
      test-tcas  "5908 1 1 8192 336 16 2 638 736 0 1 1"
      ;;
    131)
      test-tcas  "1569 1 0 8192 -463 8191 2 1264 1364 0 2 0"
      ;;
    132)
      test-tcas  "1580 1 0 1 113 2 2 -7791 -7792 0 2 1"
      ;;
    133)
      test-tcas  "808 1 0 6256 -399 6255 2 1984 2084 0 2 0"
      ;;
    134)
      test-tcas  "1592 1 0 1 9 0 2 640 740 0 2 1"
      ;;
    135)
      test-tcas  "1016 1 0 6256 241 6255 2 640 740 0 2 1"
      ;;
    136)
      test-tcas  "1749 1 0 3 -7 2 2 640 740 0 2 1"
      ;;
    137)
      test-tcas  "1456 1 0 1 -391 0 2 640 740 0 2 1"
      ;;
    138)
      test-tcas  "1708 1 1 8192 337 8191 2 640 740 0 2 1"
      ;;
esac
