#!/bin/bash
set -euo pipefail
SCRIPT_DIR=$(cd "$(dirname "${BASH_SOURCE[0]}")" && pwd)
test-tcas () {
    diff -q <(${ANGELIX_RUN:-eval} ./tcas $1) <($SCRIPT_DIR/../golden/tcas $1) > /dev/null
}

case "$1" in
    1)
      test-tcas  "711 1 222 462 826 1472 3 177 661 0 1 0"
      ;;
    2)
      test-tcas  "92 0 450 143 170 4205 0 739 391 1 0 1"
      ;;
    3)
      test-tcas  "291 0 529 752 717 9150 3 959 942 0 0 0"
      ;;
    4)
      test-tcas  "856 1 45 176 589 2200 1 808 273 0 0 1"
      ;;
    5)
      test-tcas  "128 1 289 118 679 8950 0 810 734 0 1 1"
      ;;
    6)
      test-tcas  "670 0 956 111 707 5102 2 115 94 0 1 1"
      ;;
    7)
      test-tcas  "571 0 94 961 17 7227 2 27 955 1 0 0"
      ;;
    8)
      test-tcas  "456 0 38 816 24 3823 3 629 264 0 0 0"
      ;;
    9)
      test-tcas  "473 1 417 353 808 2750 3 374 367 1 1 0"
      ;;
    10)
      test-tcas  "338 1 633 563 331 9461 0 381 196 1 1 0"
      ;;
    11)
      test-tcas  "866 0 462 350 254 957 0 850 822 1 0 0"
      ;;
    12)
      test-tcas  "220 0 717 601 274 3101 2 315 727 1 1 0"
      ;;
    13)
      test-tcas  "338 1 98 532 322 3830 1 561 697 0 0 0"
      ;;
    14)
      test-tcas  "769 1 536 31 845 1852 0 778 310 1 0 0"
      ;;
    15)
      test-tcas  "325 0 527 253 766 9734 3 72 486 1 1 1"
      ;;
    16)
      test-tcas  "631 0 23 125 517 1689 0 638 556 1 0 0"
      ;;
    17)
      test-tcas  "787 0 584 363 864 44 2 860 756 0 1 1"
      ;;
    18)
      test-tcas  "986 0 524 444 980 202 0 282 972 0 1 0"
      ;;
    19)
      test-tcas  "970 1 827 382 464 1905 2 726 942 0 1 1"
      ;;
    20)
      test-tcas  "777 1 601 386 708 4834 2 988 989 1 1 1"
      ;;
    21)
      test-tcas  "241 0 811 388 176 8965 0 311 683 0 0 0"
      ;;
    22)
      test-tcas  "185 0 947 31 802 4680 0 414 605 1 0 1"
      ;;
    23)
      test-tcas  "185 0 215 101 808 4400 3 65 679 1 1 1"
      ;;
    24)
      test-tcas  "226 1 687 403 844 6459 0 207 247 1 1 0"
      ;;
    25)
      test-tcas  "448 1 701 916 368 3091 3 300 267 1 1 1"
      ;;
    26)
      test-tcas  "520 0 597 523 709 7720 3 971 690 0 0 1"
      ;;
    27)
      test-tcas  "36 1 679 880 246 2263 2 200 200 1 0 0"
      ;;
    28)
      test-tcas  "599 0 8 876 564 2878 0 94 115 0 0 0"
      ;;
    29)
      test-tcas  "26 0 368 863 393 2441 3 904 321 0 0 1"
      ;;
    30)
      test-tcas  "341 1 436 153 507 174 0 182 650 0 0 0"
      ;;
    31)
      test-tcas  "922 0 807 412 606 3054 2 35 124 0 0 1"
      ;;
    32)
      test-tcas  "349 0 203 404 574 133 0 89 991 0 1 1"
      ;;
    33)
      test-tcas  "98 0 721 35 237 9519 3 295 388 1 1 1"
      ;;
    34)
      test-tcas  "396 0 588 960 64 8604 2 795 930 1 0 1"
      ;;
    35)
      test-tcas  "62 0 394 921 946 1141 2 4 374 0 1 1"
      ;;
    36)
      test-tcas  "250 1 269 751 412 9983 2 631 890 1 1 0"
      ;;
esac
