#!/bin/bash
set -euo pipefail
SCRIPT_DIR=$(cd "$(dirname "${BASH_SOURCE[0]}")" && pwd)
test-tcas () {
    diff -q <(${ANGELIX_RUN:-eval} ./tcas $1) <($SCRIPT_DIR/../golden/tcas $1) > /dev/null
}

case "$1" in
    1)
      test-tcas  "973 1 376 802 752 6977 0 650 188 0 1 1"
      ;;
    2)
      test-tcas  "813 0 396 238 396 627 1 272 115 1 0 1"
      ;;
    3)
      test-tcas  "766 0 45 387 561 6604 3 876 309 0 1 0"
      ;;
    4)
      test-tcas  "421 0 944 711 225 5807 1 957 537 1 0 0"
      ;;
    5)
      test-tcas  "313 1 529 765 449 2010 2 350 496 0 1 0"
      ;;
    6)
      test-tcas  "136 0 623 427 748 7018 0 583 282 0 0 0"
      ;;
    7)
      test-tcas  "995 0 892 37 251 1593 3 382 775 0 0 0"
      ;;
    8)
      test-tcas  "196 1 697 614 713 2363 1 751 979 1 0 0"
      ;;
    9)
      test-tcas  "112 1 972 197 818 7998 2 40 212 1 0 0"
      ;;
    10)
      test-tcas  "855 1 569 669 910 741 3 929 53 1 1 1"
      ;;
    11)
      test-tcas  "7 0 37 221 103 1846 0 166 269 1 1 0"
      ;;
    12)
      test-tcas  "280 0 80 868 851 1633 2 356 400 0 1 1"
      ;;
    13)
      test-tcas  "907 1 882 187 324 6708 2 945 404 1 1 1"
      ;;
    14)
      test-tcas  "672 0 209 603 469 8458 2 948 684 1 1 1"
      ;;
    15)
      test-tcas  "805 1 590 262 395 8102 3 736 979 1 0 1"
      ;;
    16)
      test-tcas  "548 1 23 638 636 4540 2 553 932 0 0 0"
      ;;
    17)
      test-tcas  "939 1 470 641 60 1801 0 141 781 1 0 1"
      ;;
    18)
      test-tcas  "370 1 33 71 576 3189 3 133 369 1 1 0"
      ;;
    19)
      test-tcas  "676 1 909 786 397 9203 0 518 722 0 1 1"
      ;;
    20)
      test-tcas  "943 0 300 995 461 5936 2 722 682 0 0 0"
      ;;
    21)
      test-tcas  "855 1 135 549 655 55 1 404 515 0 0 1"
      ;;
    22)
      test-tcas  "284 1 914 47 768 5436 3 249 130 0 1 1"
      ;;
    23)
      test-tcas  "901 0 147 22 577 5297 2 564 395 1 0 0"
      ;;
    24)
      test-tcas  "874 0 741 324 188 2067 3 553 197 0 0 1"
      ;;
    25)
      test-tcas  "274 1 289 202 666 5295 1 638 185 1 0 0"
      ;;
    26)
      test-tcas  "501 0 523 389 160 5748 1 207 716 1 1 0"
      ;;
    27)
      test-tcas  "54 1 235 815 59 1244 0 583 277 1 0 1"
      ;;
    28)
      test-tcas  "101 1 735 305 330 6993 0 957 654 0 0 0"
      ;;
    29)
      test-tcas  "719 0 365 876 961 11 3 394 325 1 0 0"
      ;;
    30)
      test-tcas  "304 1 801 937 494 3738 2 895 978 0 0 0"
      ;;
    31)
      test-tcas  "436 0 785 848 806 5197 0 808 709 0 0 0"
      ;;
    32)
      test-tcas  "606 1 540 981 842 2949 3 689 301 0 1 1"
      ;;
    33)
      test-tcas  "409 1 491 463 589 9677 0 959 94 1 1 1"
      ;;
    34)
      test-tcas  "352 1 979 424 550 8543 2 464 233 0 1 1"
      ;;
    35)
      test-tcas  "106 0 416 566 48 7404 2 197 621 1 1 0"
      ;;
    36)
      test-tcas  "964 0 885 413 35 9649 1 177 624 1 1 0"
      ;;
esac
