#!/bin/bash
set -euo pipefail
SCRIPT_DIR=$(cd "$(dirname "${BASH_SOURCE[0]}")" && pwd)
test-tcas () {
    diff -q <(${ANGELIX_RUN:-eval} ./tcas $1) <($SCRIPT_DIR/../golden/tcas $1) > /dev/null
}

case "$1" in
    1)
      test-tcas  "866 0 160 150 596 8791 0 343 105 1 1 0"
      ;;
    2)
      test-tcas  "633 0 70 502 313 432 2 918 253 0 0 1"
      ;;
    3)
      test-tcas  "587 0 423 173 176 7987 2 897 836 0 0 0"
      ;;
    4)
      test-tcas  "538 0 4 144 30 9902 0 151 709 0 0 1"
      ;;
    5)
      test-tcas  "384 0 857 947 786 7194 3 31 269 0 0 0"
      ;;
    6)
      test-tcas  "194 1 726 629 910 1461 2 838 54 0 0 0"
      ;;
    7)
      test-tcas  "170 1 530 140 264 2471 2 938 966 1 1 1"
      ;;
    8)
      test-tcas  "455 0 742 61 121 9705 1 516 254 0 1 1"
      ;;
    9)
      test-tcas  "704 0 616 919 525 9666 0 384 157 1 0 1"
      ;;
    10)
      test-tcas  "517 0 938 83 760 7955 1 227 97 1 0 1"
      ;;
    11)
      test-tcas  "236 1 457 473 490 1962 3 8 543 0 1 0"
      ;;
    12)
      test-tcas  "200 0 354 4 160 6519 2 142 46 1 0 1"
      ;;
    13)
      test-tcas  "412 0 6 871 477 1127 1 362 636 1 1 1"
      ;;
    14)
      test-tcas  "607 1 930 406 246 3250 0 997 625 1 1 1"
      ;;
    15)
      test-tcas  "983 1 164 347 530 7756 0 643 916 0 1 1"
      ;;
    16)
      test-tcas  "347 0 366 943 986 7915 2 937 259 0 1 0"
      ;;
    17)
      test-tcas  "145 1 754 349 332 8269 3 351 394 0 0 0"
      ;;
    18)
      test-tcas  "752 1 457 289 266 4399 3 591 752 0 0 0"
      ;;
    19)
      test-tcas  "561 0 122 943 668 8947 0 313 373 0 1 1"
      ;;
    20)
      test-tcas  "773 0 527 455 728 7260 0 489 840 0 1 1"
      ;;
    21)
      test-tcas  "363 0 624 407 595 9778 0 819 461 0 1 0"
      ;;
    22)
      test-tcas  "496 1 834 940 384 1679 1 143 503 0 0 1"
      ;;
    23)
      test-tcas  "719 0 475 121 770 3379 2 802 163 0 0 1"
      ;;
    24)
      test-tcas  "442 0 62 431 78 8305 0 392 967 1 1 1"
      ;;
    25)
      test-tcas  "738 0 728 67 614 6775 1 304 594 1 1 0"
      ;;
    26)
      test-tcas  "109 1 277 13 84 7035 0 848 584 0 0 1"
      ;;
    27)
      test-tcas  "811 1 364 554 241 6305 2 675 126 0 0 1"
      ;;
    28)
      test-tcas  "422 0 967 115 416 6241 3 530 13 1 0 1"
      ;;
    29)
      test-tcas  "658 0 749 992 346 8433 2 231 33 1 1 0"
      ;;
    30)
      test-tcas  "31 1 33 635 647 6475 0 34 401 0 0 1"
      ;;
    31)
      test-tcas  "670 1 941 811 475 1727 3 327 435 0 0 0"
      ;;
    32)
      test-tcas  "645 0 857 986 303 179 0 816 484 1 0 0"
      ;;
    33)
      test-tcas  "339 1 609 866 366 7798 3 67 109 0 0 0"
      ;;
    34)
      test-tcas  "821 1 817 6 137 1404 3 444 804 0 0 0"
      ;;
    35)
      test-tcas  "838 0 548 909 294 1445 0 112 958 0 1 1"
      ;;
    36)
      test-tcas  "909 1 867 959 840 2092 0 891 457 0 0 0"
      ;;
esac
