#!/bin/bash
set -euo pipefail
SCRIPT_DIR=$(cd "$(dirname "${BASH_SOURCE[0]}")" && pwd)
test-tcas () {
    diff -q <(${ANGELIX_RUN:-eval} ./tcas $1) <($SCRIPT_DIR/../golden/tcas $1) > /dev/null
}

case "$1" in
    1)
      test-tcas  "496 1 253 489 264 4603 1 208 617 0 0 1"
      ;;
    2)
      test-tcas  "851 1 386 779 366 1119 3 889 428 1 0 1"
      ;;
    3)
      test-tcas  "359 1 785 336 694 6665 3 680 193 0 0 1"
      ;;
    4)
      test-tcas  "127 0 481 40 143 7541 0 202 152 1 1 0"
      ;;
    5)
      test-tcas  "102 1 564 336 204 6963 0 163 166 1 1 0"
      ;;
    6)
      test-tcas  "252 0 736 73 536 8982 0 779 554 0 1 1"
      ;;
    7)
      test-tcas  "640 1 352 480 682 409 2 958 628 1 0 1"
      ;;
    8)
      test-tcas  "102 1 751 185 670 4324 1 752 844 0 1 0"
      ;;
    9)
      test-tcas  "696 1 153 25 41 5893 1 455 500 0 1 1"
      ;;
    10)
      test-tcas  "394 0 173 293 369 4232 0 640 812 0 0 0"
      ;;
    11)
      test-tcas  "640 0 226 82 799 3097 1 510 848 0 0 1"
      ;;
    12)
      test-tcas  "348 1 532 498 379 8075 0 21 390 0 0 1"
      ;;
    13)
      test-tcas  "784 1 322 690 72 8840 3 517 166 1 0 1"
      ;;
    14)
      test-tcas  "419 1 5 954 296 1838 0 886 140 1 0 1"
      ;;
    15)
      test-tcas  "378 1 614 546 629 1506 2 707 611 1 1 1"
      ;;
    16)
      test-tcas  "449 1 687 309 966 6829 1 334 815 1 0 1"
      ;;
    17)
      test-tcas  "837 0 14 801 889 4619 1 476 473 1 1 0"
      ;;
    18)
      test-tcas  "895 0 186 271 360 1508 1 540 358 0 0 1"
      ;;
    19)
      test-tcas  "943 1 829 588 992 3107 3 774 378 1 1 1"
      ;;
    20)
      test-tcas  "25 0 640 86 195 1209 1 147 3 0 1 0"
      ;;
    21)
      test-tcas  "54 1 947 217 344 8324 2 864 989 1 0 1"
      ;;
    22)
      test-tcas  "189 0 439 980 808 3089 0 514 333 0 0 1"
      ;;
    23)
      test-tcas  "561 1 11 182 261 374 1 973 227 1 0 0"
      ;;
    24)
      test-tcas  "596 1 275 849 41 6092 1 482 467 1 0 1"
      ;;
    25)
      test-tcas  "114 1 282 417 604 8792 0 649 254 1 1 1"
      ;;
    26)
      test-tcas  "188 1 297 738 161 8242 1 575 730 1 0 1"
      ;;
    27)
      test-tcas  "389 1 123 457 539 5142 3 852 749 0 0 1"
      ;;
    28)
      test-tcas  "535 0 487 916 57 6063 1 804 469 1 0 1"
      ;;
    29)
      test-tcas  "383 0 330 429 811 3590 3 77 225 0 1 1"
      ;;
    30)
      test-tcas  "866 1 548 576 250 3429 2 500 877 0 0 1"
      ;;
    31)
      test-tcas  "528 1 736 35 171 7991 1 59 409 0 0 1"
      ;;
    32)
      test-tcas  "626 1 901 456 458 9662 1 831 988 0 1 0"
      ;;
    33)
      test-tcas  "108 1 796 951 833 6561 2 835 936 0 1 0"
      ;;
    34)
      test-tcas  "204 0 601 932 733 9167 2 931 208 1 1 0"
      ;;
    35)
      test-tcas  "762 0 105 306 111 7681 3 227 883 0 0 1"
      ;;
    36)
      test-tcas  "710 0 251 363 440 7416 0 800 31 1 1 0"
      ;;
esac
