#!/bin/bash
set -euo pipefail
SCRIPT_DIR=$(cd "$(dirname "${BASH_SOURCE[0]}")" && pwd)
test-tcas () {
    diff -q <(${ANGELIX_RUN:-eval} ./tcas $1) <($SCRIPT_DIR/../golden/tcas $1) > /dev/null
}

case "$1" in
    1)
      test-tcas  "221 1 102 966 833 7009 0 938 489 1 0 0"
      ;;
    2)
      test-tcas  "816 0 751 779 61 6500 1 535 759 1 0 1"
      ;;
    3)
      test-tcas  "959 1 378 134 727 4751 0 210 895 0 1 1"
      ;;
    4)
      test-tcas  "754 1 528 109 648 730 3 589 257 0 1 0"
      ;;
    5)
      test-tcas  "680 0 508 476 297 8223 3 981 791 0 0 1"
      ;;
    6)
      test-tcas  "647 1 134 608 888 4301 0 137 838 0 0 1"
      ;;
    7)
      test-tcas  "173 0 267 460 636 2823 0 453 329 1 0 1"
      ;;
    8)
      test-tcas  "642 1 372 215 518 688 2 736 944 0 1 0"
      ;;
    9)
      test-tcas  "244 0 605 897 33 6431 3 532 422 0 0 1"
      ;;
    10)
      test-tcas  "407 1 262 747 191 6061 2 864 556 1 0 1"
      ;;
    11)
      test-tcas  "314 1 900 523 283 9830 2 840 211 1 1 1"
      ;;
    12)
      test-tcas  "539 1 961 103 955 5797 2 94 212 1 1 1"
      ;;
    13)
      test-tcas  "788 1 364 781 579 1682 1 335 976 1 1 1"
      ;;
    14)
      test-tcas  "335 1 271 592 81 5608 0 475 424 1 1 0"
      ;;
    15)
      test-tcas  "942 0 37 686 77 8796 3 794 956 1 0 0"
      ;;
    16)
      test-tcas  "779 0 286 375 460 9265 3 495 88 1 1 0"
      ;;
    17)
      test-tcas  "288 1 41 913 507 4944 2 673 817 0 1 0"
      ;;
    18)
      test-tcas  "844 0 975 289 63 7439 3 287 756 0 1 0"
      ;;
    19)
      test-tcas  "656 1 996 489 412 3961 0 118 751 0 1 1"
      ;;
    20)
      test-tcas  "480 1 730 566 188 4612 3 931 865 0 0 0"
      ;;
    21)
      test-tcas  "478 0 780 727 889 5359 0 114 430 1 1 0"
      ;;
    22)
      test-tcas  "872 0 189 211 470 3595 2 30 287 1 0 0"
      ;;
    23)
      test-tcas  "994 1 43 296 935 3222 1 56 293 0 1 0"
      ;;
    24)
      test-tcas  "840 1 862 40 896 9598 0 899 793 0 1 0"
      ;;
    25)
      test-tcas  "370 1 151 556 745 1602 3 242 911 1 0 0"
      ;;
    26)
      test-tcas  "486 1 366 658 289 8390 1 54 305 0 1 0"
      ;;
    27)
      test-tcas  "956 1 467 539 573 2168 3 60 394 1 0 1"
      ;;
    28)
      test-tcas  "427 1 297 868 12 5503 1 841 21 1 0 1"
      ;;
    29)
      test-tcas  "160 1 142 238 13 2349 1 859 79 1 1 0"
      ;;
    30)
      test-tcas  "243 1 52 288 852 5996 1 380 782 0 1 1"
      ;;
    31)
      test-tcas  "670 1 846 53 805 4715 1 797 978 0 1 0"
      ;;
    32)
      test-tcas  "978 0 118 180 333 6762 3 184 286 0 1 0"
      ;;
    33)
      test-tcas  "12 1 78 567 514 835 0 153 717 0 0 0"
      ;;
    34)
      test-tcas  "804 0 654 758 918 5872 2 103 0 0 1 0"
      ;;
    35)
      test-tcas  "667 1 8 15 697 5352 1 868 946 1 1 1"
      ;;
    36)
      test-tcas  "207 1 369 481 854 5947 2 477 871 1 0 1"
      ;;
esac
