#!/bin/bash
set -euo pipefail
SCRIPT_DIR=$(cd "$(dirname "${BASH_SOURCE[0]}")" && pwd)
test-tcas () {
    diff -q <(${ANGELIX_RUN:-eval} ./tcas $1) <($SCRIPT_DIR/../golden/tcas $1) > /dev/null
}

case "$1" in
    1)
      test-tcas  "519 1 267 25 398 6441 2 92 945 1 0 0"
      ;;
    2)
      test-tcas  "548 0 611 626 495 2762 0 675 612 1 0 0"
      ;;
    3)
      test-tcas  "552 1 639 684 149 2672 3 793 78 0 0 0"
      ;;
    4)
      test-tcas  "890 1 122 370 416 2035 1 965 404 1 1 1"
      ;;
    5)
      test-tcas  "238 0 260 584 530 1471 2 993 418 0 1 0"
      ;;
    6)
      test-tcas  "425 0 439 121 799 9044 1 551 381 0 1 0"
      ;;
    7)
      test-tcas  "148 0 778 838 780 5688 1 756 766 0 1 1"
      ;;
    8)
      test-tcas  "808 1 253 722 533 3727 1 653 823 0 1 1"
      ;;
    9)
      test-tcas  "378 0 272 668 497 567 0 247 434 0 1 1"
      ;;
    10)
      test-tcas  "107 1 319 15 380 9797 2 741 617 0 0 1"
      ;;
    11)
      test-tcas  "722 1 556 515 410 547 2 26 22 1 1 1"
      ;;
    12)
      test-tcas  "824 0 211 302 323 2988 1 185 847 0 0 1"
      ;;
    13)
      test-tcas  "278 1 31 757 615 3346 2 814 736 1 1 1"
      ;;
    14)
      test-tcas  "587 1 210 749 786 5697 1 417 526 1 1 0"
      ;;
    15)
      test-tcas  "521 0 833 739 664 195 0 830 13 0 1 1"
      ;;
    16)
      test-tcas  "683 1 201 525 266 8146 1 769 388 1 0 1"
      ;;
    17)
      test-tcas  "143 1 240 58 199 3586 2 6 523 0 0 0"
      ;;
    18)
      test-tcas  "850 0 657 786 189 8684 3 464 912 0 0 1"
      ;;
    19)
      test-tcas  "213 0 585 306 29 6397 3 671 822 1 1 0"
      ;;
    20)
      test-tcas  "985 1 88 794 13 8333 2 440 994 0 0 0"
      ;;
    21)
      test-tcas  "425 1 143 725 835 8777 1 506 204 0 0 1"
      ;;
    22)
      test-tcas  "705 1 558 769 878 7221 1 964 929 0 0 1"
      ;;
    23)
      test-tcas  "501 1 727 458 908 1640 0 873 551 1 1 0"
      ;;
    24)
      test-tcas  "914 0 106 293 353 2983 3 244 636 0 1 0"
      ;;
    25)
      test-tcas  "30 0 976 368 595 8145 2 806 215 0 1 1"
      ;;
    26)
      test-tcas  "798 0 201 330 64 3786 2 465 275 1 1 0"
      ;;
    27)
      test-tcas  "289 1 561 599 370 7029 0 280 233 1 0 1"
      ;;
    28)
      test-tcas  "920 0 575 199 244 1060 1 971 687 1 0 0"
      ;;
    29)
      test-tcas  "837 0 792 348 694 4156 1 545 409 0 1 1"
      ;;
    30)
      test-tcas  "325 0 36 66 512 9583 3 536 327 0 1 0"
      ;;
    31)
      test-tcas  "930 0 356 540 89 1152 0 618 67 0 0 1"
      ;;
    32)
      test-tcas  "834 0 124 790 407 5012 2 910 591 1 0 0"
      ;;
    33)
      test-tcas  "39 1 166 352 87 2495 0 264 505 0 0 0"
      ;;
    34)
      test-tcas  "931 1 713 175 480 1489 2 110 726 0 0 1"
      ;;
    35)
      test-tcas  "31 1 555 789 975 4920 0 14 460 1 1 0"
      ;;
    36)
      test-tcas  "926 1 912 981 989 4449 0 143 726 1 0 0"
      ;;
esac
