#!/bin/bash
set -euo pipefail
SCRIPT_DIR=$(cd "$(dirname "${BASH_SOURCE[0]}")" && pwd)
test-tcas () {
    diff -q <(${ANGELIX_RUN:-eval} ./tcas $1) <($SCRIPT_DIR/../golden/tcas $1) > /dev/null
}

case "$1" in
    1)
      test-tcas  "991 1 978 347 543 409 2 774 706 0 1 0"
      ;;
    2)
      test-tcas  "249 0 229 466 649 6062 3 48 783 1 1 1"
      ;;
    3)
      test-tcas  "121 1 453 432 282 8605 3 252 206 0 0 0"
      ;;
    4)
      test-tcas  "726 0 895 601 32 7886 0 586 389 1 0 0"
      ;;
    5)
      test-tcas  "461 0 89 134 767 208 2 757 145 1 0 1"
      ;;
    6)
      test-tcas  "531 0 885 650 65 6891 3 779 257 0 1 0"
      ;;
    7)
      test-tcas  "960 1 220 945 961 6699 2 933 282 0 1 1"
      ;;
    8)
      test-tcas  "704 1 214 346 584 2815 1 50 794 1 0 1"
      ;;
    9)
      test-tcas  "473 1 565 882 342 8990 1 736 529 0 0 1"
      ;;
    10)
      test-tcas  "201 0 528 721 831 5630 2 369 560 1 0 1"
      ;;
    11)
      test-tcas  "995 1 103 332 701 4934 2 585 847 1 0 1"
      ;;
    12)
      test-tcas  "698 1 314 550 151 4700 1 621 76 1 1 1"
      ;;
    13)
      test-tcas  "17 1 720 166 698 3104 3 223 894 0 0 1"
      ;;
    14)
      test-tcas  "399 1 503 836 288 1702 3 892 134 0 1 0"
      ;;
    15)
      test-tcas  "603 1 680 963 671 922 3 27 742 1 0 1"
      ;;
    16)
      test-tcas  "85 1 120 819 377 1622 0 46 576 0 1 0"
      ;;
    17)
      test-tcas  "14 0 183 491 388 7736 0 755 265 0 0 1"
      ;;
    18)
      test-tcas  "842 0 884 263 956 8667 1 215 748 0 1 0"
      ;;
    19)
      test-tcas  "981 0 540 804 727 5912 0 990 32 1 1 0"
      ;;
    20)
      test-tcas  "207 1 901 17 609 6444 0 63 106 0 0 0"
      ;;
    21)
      test-tcas  "955 1 740 573 486 5547 2 770 799 0 1 0"
      ;;
    22)
      test-tcas  "680 0 865 92 65 4226 3 966 680 0 0 0"
      ;;
    23)
      test-tcas  "941 1 443 536 791 871 3 141 936 0 0 0"
      ;;
    24)
      test-tcas  "826 1 413 755 843 3638 2 453 361 1 0 1"
      ;;
    25)
      test-tcas  "732 1 674 170 823 8940 1 656 384 0 1 1"
      ;;
    26)
      test-tcas  "428 0 533 380 795 2623 0 552 230 0 0 1"
      ;;
    27)
      test-tcas  "661 0 738 973 817 3692 3 31 972 1 0 0"
      ;;
    28)
      test-tcas  "411 1 186 59 125 5992 0 895 399 1 0 0"
      ;;
    29)
      test-tcas  "183 1 145 966 556 960 0 482 199 0 1 1"
      ;;
    30)
      test-tcas  "488 1 541 217 722 4420 3 719 59 1 1 1"
      ;;
    31)
      test-tcas  "897 0 562 287 830 2532 3 475 803 0 0 1"
      ;;
    32)
      test-tcas  "762 1 461 718 916 6209 2 118 724 1 0 1"
      ;;
    33)
      test-tcas  "841 0 77 8 559 9827 0 893 725 1 1 0"
      ;;
    34)
      test-tcas  "739 1 177 224 968 8658 2 178 867 0 0 1"
      ;;
    35)
      test-tcas  "146 1 298 528 559 295 0 854 292 0 1 0"
      ;;
    36)
      test-tcas  "459 1 261 795 911 8379 0 863 430 1 0 0"
      ;;
esac
