#!/bin/bash
set -euo pipefail
SCRIPT_DIR=$(cd "$(dirname "${BASH_SOURCE[0]}")" && pwd)
test-tcas () {
    diff -q <(${ANGELIX_RUN:-eval} ./tcas $1) <($SCRIPT_DIR/../golden/tcas $1) > /dev/null
}

case "$1" in
    1)
      test-tcas  "329 1 359 686 940 1974 3 914 761 1 1 0"
      ;;
    2)
      test-tcas  "87 0 545 551 562 1109 0 176 535 0 0 1"
      ;;
    3)
      test-tcas  "758 1 133 214 500 6441 1 168 149 0 1 0"
      ;;
    4)
      test-tcas  "521 0 759 345 373 7957 3 734 74 1 1 0"
      ;;
    5)
      test-tcas  "998 1 125 926 953 2643 1 780 902 0 0 0"
      ;;
    6)
      test-tcas  "279 1 584 389 459 3808 3 759 310 0 0 0"
      ;;
    7)
      test-tcas  "313 1 650 863 428 6361 2 846 744 1 1 0"
      ;;
    8)
      test-tcas  "957 1 262 776 907 592 1 893 701 1 1 0"
      ;;
    9)
      test-tcas  "461 0 142 526 352 4420 2 609 349 1 1 1"
      ;;
    10)
      test-tcas  "154 0 964 8 764 3631 1 398 482 1 0 1"
      ;;
    11)
      test-tcas  "556 0 510 670 214 1409 0 95 608 0 0 1"
      ;;
    12)
      test-tcas  "48 1 318 330 952 2402 1 281 167 1 0 0"
      ;;
    13)
      test-tcas  "629 0 703 260 877 2740 0 43 589 1 1 0"
      ;;
    14)
      test-tcas  "133 0 307 63 124 5714 0 3 83 0 0 1"
      ;;
    15)
      test-tcas  "624 1 643 591 29 3362 3 7 659 1 1 0"
      ;;
    16)
      test-tcas  "457 0 331 573 668 6921 3 262 15 1 1 1"
      ;;
    17)
      test-tcas  "775 1 925 822 602 3974 2 758 488 1 0 0"
      ;;
    18)
      test-tcas  "940 1 460 735 320 7223 0 595 303 1 1 0"
      ;;
    19)
      test-tcas  "583 1 936 408 265 9073 0 345 888 0 0 1"
      ;;
    20)
      test-tcas  "637 1 148 26 114 7669 2 806 978 0 0 0"
      ;;
    21)
      test-tcas  "870 0 300 187 318 3676 0 442 707 1 1 1"
      ;;
    22)
      test-tcas  "2 1 943 606 624 2925 2 458 785 1 0 1"
      ;;
    23)
      test-tcas  "608 1 792 112 584 8040 0 859 253 0 0 0"
      ;;
    24)
      test-tcas  "524 1 960 14 710 2412 2 920 176 1 1 0"
      ;;
    25)
      test-tcas  "497 0 137 882 132 2229 1 320 939 0 1 1"
      ;;
    26)
      test-tcas  "306 1 162 349 245 6887 0 731 616 1 0 0"
      ;;
    27)
      test-tcas  "509 1 335 954 931 4860 0 903 146 1 1 0"
      ;;
    28)
      test-tcas  "432 1 707 59 529 1057 1 262 786 0 0 0"
      ;;
    29)
      test-tcas  "851 1 411 698 764 2857 1 737 485 0 1 1"
      ;;
    30)
      test-tcas  "217 0 900 704 353 5314 0 925 535 0 0 0"
      ;;
    31)
      test-tcas  "80 1 765 679 0 1564 2 852 949 1 1 0"
      ;;
    32)
      test-tcas  "665 1 522 324 934 2173 1 433 657 1 1 0"
      ;;
    33)
      test-tcas  "315 1 491 317 59 7032 2 284 659 1 0 0"
      ;;
    34)
      test-tcas  "747 1 570 266 186 5509 1 853 842 0 1 1"
      ;;
    35)
      test-tcas  "779 1 351 426 661 4838 1 818 163 1 0 0"
      ;;
    36)
      test-tcas  "322 1 675 614 32 3155 2 439 388 1 0 1"
      ;;
esac
