#!/bin/bash
set -euo pipefail
SCRIPT_DIR=$(cd "$(dirname "${BASH_SOURCE[0]}")" && pwd)
test-tcas () {
    diff -q <(${ANGELIX_RUN:-eval} ./tcas $1) <($SCRIPT_DIR/../golden/tcas $1) > /dev/null
}

case "$1" in
    1)
      test-tcas  "809 1 217 880 178 9390 3 931 307 1 1 1"
      ;;
    2)
      test-tcas  "721 0 300 712 583 6444 0 489 711 0 0 0"
      ;;
    3)
      test-tcas  "933 1 174 307 922 7705 3 666 186 0 1 0"
      ;;
    4)
      test-tcas  "733 1 342 4 15 3116 1 390 173 1 0 1"
      ;;
    5)
      test-tcas  "267 0 765 726 127 4775 0 859 697 0 0 0"
      ;;
    6)
      test-tcas  "270 1 131 382 787 2208 3 111 493 1 1 1"
      ;;
    7)
      test-tcas  "544 1 817 834 870 5461 2 957 454 0 0 0"
      ;;
    8)
      test-tcas  "445 0 276 646 981 6689 1 885 365 1 1 1"
      ;;
    9)
      test-tcas  "293 0 221 972 168 578 0 637 112 0 0 0"
      ;;
    10)
      test-tcas  "237 0 129 42 845 9449 3 348 721 0 0 0"
      ;;
    11)
      test-tcas  "422 0 910 9 444 435 0 439 488 0 1 0"
      ;;
    12)
      test-tcas  "604 0 413 258 855 9512 3 842 284 0 0 0"
      ;;
    13)
      test-tcas  "396 0 469 710 66 559 2 591 766 1 1 1"
      ;;
    14)
      test-tcas  "281 0 672 222 623 6915 0 413 681 1 0 1"
      ;;
    15)
      test-tcas  "262 0 821 788 568 8164 1 594 813 0 1 0"
      ;;
    16)
      test-tcas  "666 0 120 999 416 6031 2 170 272 1 1 0"
      ;;
    17)
      test-tcas  "41 1 687 28 462 421 1 337 855 1 0 0"
      ;;
    18)
      test-tcas  "407 1 707 317 290 9669 2 923 60 0 1 1"
      ;;
    19)
      test-tcas  "241 0 784 169 770 8075 0 802 41 1 1 0"
      ;;
    20)
      test-tcas  "592 0 483 530 117 8726 0 274 340 0 1 1"
      ;;
    21)
      test-tcas  "508 1 938 458 664 469 2 643 636 1 1 0"
      ;;
    22)
      test-tcas  "679 1 583 56 994 4722 3 570 950 0 0 0"
      ;;
    23)
      test-tcas  "674 1 579 40 841 535 2 178 876 1 0 1"
      ;;
    24)
      test-tcas  "541 1 406 576 818 5008 3 391 282 0 1 0"
      ;;
    25)
      test-tcas  "718 1 306 608 544 794 0 607 729 0 0 1"
      ;;
    26)
      test-tcas  "277 0 807 549 20 2952 0 491 433 1 0 0"
      ;;
    27)
      test-tcas  "391 1 486 976 334 3935 1 467 88 1 0 0"
      ;;
    28)
      test-tcas  "664 1 386 822 736 7914 0 360 124 0 1 1"
      ;;
    29)
      test-tcas  "535 0 60 492 30 4009 2 650 146 0 1 1"
      ;;
    30)
      test-tcas  "398 1 197 393 912 2311 0 821 282 1 0 0"
      ;;
    31)
      test-tcas  "337 0 39 471 426 6816 2 505 970 0 0 0"
      ;;
    32)
      test-tcas  "496 0 436 610 119 5580 0 338 428 0 1 0"
      ;;
    33)
      test-tcas  "44 0 356 43 697 516 3 825 539 1 1 1"
      ;;
    34)
      test-tcas  "511 0 959 348 74 7329 3 943 241 1 1 0"
      ;;
    35)
      test-tcas  "896 0 51 114 612 36 3 758 751 1 0 1"
      ;;
    36)
      test-tcas  "440 0 673 966 145 4511 2 958 947 0 1 1"
      ;;
esac
