'0 0 0
'
'0 0 0
5 4 0
2 9 0
'
'0 0 0
3 4 0
2 9 0
'
'0 0 0
6 4 0
2 9 0
'
'0 0 0
7 4 0
2 9 0
'
'1 0 0
5 4 00
2 0 0
'
'2 0 0
5 4 0
2 0 0
'
'0 1 0
3 4 00
2 0 0
'
'1 0 0
3 4 00
2 0 0
'
'9 0 0
'
'8 0 0
2 0 0
4 0
4 0
'
'9 0 0
4 0
4 00
4 0
'
'9 0 0
1 0
4 0
4 0
'
'9 8 0
1 0
2 0 0
4 0
'
'9 0 0
3 4 0
4 0
'
'0 0 0
2 0 0
2 0 0
2 0 00
'
'0 0 9
1 0
2 0 0
4 0
'
'0 9 4
1 0
2 0 0
4 0
'
'0 0 0
1 4
2 0 0
4 0
'
'1 0 9
1 0
2 0 0
4 0
'
'0 0 0
4 0
1 4
2 0 0
'
'0 0 0
4 00
1 4
2 0 0
'
'3 0 0
5 4 00
2 0 0
'
'0 0 0
1 0
2 0 0
4 0
'
'1 0 0
7 4 0
2 0 0
'
'0 0 0
4 11
1 8
2 0 00
'
'0 0 0
4 01
5 2 0 0
'
'0 0 0
4 1
1 4
2 0 0
'
'0 0 0
1 0
4 0
4 0
'
'0 0 0
2 0 00
5 2 0 00
'
'0 1 0
1 3
2 8 0
4 00
'
'0 2 0
7 4 0
2 0 0
'
'0 2 0
1 3
2 0 0
4 0
'
'0 0 0
2 1 0
2 0 0
2 0 0
'
'0 1 1
1 8
2 1 0
4 0
'
'0 3 0
1 3
2 0 00
4 00
'
'1 0 0
1 0
3 2 0 00
'
