#!/bin/bash
set -euo pipefail
SCRIPT_DIR=$(cd "$(dirname "${BASH_SOURCE[0]}")" && pwd)
test-tcas () {
    diff -q <(${ANGELIX_RUN:-eval} ./tcas $1) <($SCRIPT_DIR/../golden/tcas $1) > /dev/null
}

case "$1" in
    1)
      test-tcas  "2288 1 1 2288 -1936 2128 0 -104 -7952 0 2 1"
      ;;
    2)
      test-tcas  "2544 1 1 -5007 -2320 -6032 0 6332 752 0 2 1"
      ;;
    3)
      test-tcas  "2288 1 1 2288 -1936 2128 1 -104 -7952 0 2 1"
      ;;
    4)
      test-tcas  "2288 1 1 2288 -1936 2128 2 -104 -7952 0 2 1"
      ;;
    5)
      test-tcas  "1200 1 1 -6000 272 -10000 1 6380 1264 0 2 1"
      ;;
    6)
      test-tcas  "3280 1 1 -880 -9104 -3056 3 3996 1264 0 2 1"
      ;;
    7)
      test-tcas  "5872 1 1 6320 80 6256 2 2302 2368 0 2 1"
      ;;
    8)
      test-tcas  "2288 1 1 2288 -1936 2128 3 -104 -7952 0 2 1"
      ;;
    9)
      test-tcas  "2288 1 1 -271 -10000 -271 3 -6408 -7268 0 2 1"
      ;;
    10)
      test-tcas  "2288 1 1 2208 -1936 2208 0 -104 -7952 0 2 1"
      ;;
    11)
      test-tcas  "2544 1 1 -5519 -2320 -5519 0 6332 752 0 2 1"
      ;;
    12)
      test-tcas  "2288 1 1 2208 -1936 2208 1 -104 -7952 0 2 1"
      ;;
    13)
      test-tcas  "2288 1 1 2208 -1936 2208 2 -104 -7952 0 2 1"
      ;;
    14)
      test-tcas  "1200 1 1 -8000 272 -8000 1 6380 1264 0 2 1"
      ;;
    15)
      test-tcas  "3280 1 1 -1968 -9104 -1968 3 3996 1264 0 2 1"
      ;;
    16)
      test-tcas  "5872 1 1 6288 80 6288 2 2302 2368 0 2 1"
      ;;
    17)
      test-tcas  "2288 1 1 2208 -1936 2208 3 -104 -7952 0 2 1"
      ;;
    18)
      test-tcas  "2288 1 1 -271 -10000 -271 3 -7268 -7268 0 2 1"
      ;;
    19)
      test-tcas  "3280 1 1 -8976 112 6352 0 -48 -10000 0 2 0"
      ;;
    20)
      test-tcas  "3280 1 1 6352 112 -8976 0 -10000 -10000 0 2 0"
      ;;
    21)
      test-tcas  "3184 1 1 -9200 336 1904 0 6324 2288 0 2 1"
      ;;
    22)
      test-tcas  "3184 1 1 -3648 336 -3648 0 6324 2288 0 2 1"
      ;;
    23)
      test-tcas  "3280 1 1 -8976 112 6352 1 -48 -10000 0 2 0"
      ;;
    24)
      test-tcas  "3280 1 1 6352 112 -8976 1 -10000 -10000 0 2 0"
      ;;
    25)
      test-tcas  "3280 1 1 -8976 112 6352 2 -48 -10000 0 2 0"
      ;;
    26)
      test-tcas  "3280 1 1 6352 112 -8976 2 -10000 -10000 0 2 0"
      ;;
    27)
      test-tcas  "6384 1 1 -8176 16 4336 1 6320 2288 0 2 0"
      ;;
    28)
      test-tcas  "6384 1 1 -1920 16 -1920 1 6320 2288 0 2 0"
      ;;
    29)
      test-tcas  "6256 1 1 -6128 240 2288 3 6320 2288 0 2 0"
      ;;
    30)
      test-tcas  "6256 1 1 -1920 240 -1920 3 6320 2288 0 2 0"
      ;;
    31)
      test-tcas  "720 1 1 -9200 80 2288 2 6320 2288 0 2 0"
      ;;
    32)
      test-tcas  "720 1 1 -3456 80 -3456 2 6320 2288 0 2 0"
      ;;
    33)
      test-tcas  "3280 1 1 -8976 112 6352 3 -48 -10000 0 2 0"
      ;;
    34)
      test-tcas  "3280 1 1 6352 112 -8976 3 -10000 -10000 0 2 0"
      ;;
    35)
      test-tcas  "2928 1 1 3824 240 3824 3 -8292 -64 0 2 1"
      ;;
    36)
      test-tcas  "2960 1 1 3089 16 -4352 3 1944 404 0 2 1"
      ;;
    37)
      test-tcas  "7280 1 1 2288 80 2288 3 6320 6368 0 2 1"
      ;;
    38)
      test-tcas  "608 1 1 6333 336 6333 3 -4 -552 0 2 0"
      ;;
    39)
      test-tcas  "8304 1 1 2297 -6064 2298 3 -103 -876 0 2 1"
      ;;
    40)
      test-tcas  "6160 1 1 2288 -10000 -1872 3 -9216 -8128 0 2 0"
      ;;
    41)
      test-tcas  "2960 1 1 -631 16 -631 3 1944 404 0 2 1"
      ;;
    42)
      test-tcas  "3680 1 1 2288 3680 2288 3 6320 6368 0 2 1"
      ;;
    43)
      test-tcas  "608 1 1 6333 336 6333 3 -552 -552 0 2 0"
      ;;
    44)
      test-tcas  "8304 1 1 2298 -6064 2297 3 -876 -876 0 2 1"
      ;;
    45)
      test-tcas  "6160 1 1 208 -10000 208 3 -9216 -8128 0 2 0"
      ;;
esac
