#!/bin/bash
set -euo pipefail
SCRIPT_DIR=$(cd "$(dirname "${BASH_SOURCE[0]}")" && pwd)
test-tcas () {
    diff -q <(${ANGELIX_RUN:-eval} ./tcas $1) <($SCRIPT_DIR/../golden/tcas $1) > /dev/null
}

case "$1" in
    1)
      test-tcas  "486 0 689 146 990 1953 1 615 230 0 1 1"
      ;;
    2)
      test-tcas  "91 1 754 296 78 2850 1 771 951 1 1 1"
      ;;
    3)
      test-tcas  "72 1 439 981 863 310 0 329 228 1 1 0"
      ;;
    4)
      test-tcas  "52 0 618 531 930 9275 2 964 76 0 0 1"
      ;;
    5)
      test-tcas  "964 1 152 714 642 6616 0 862 789 1 1 1"
      ;;
    6)
      test-tcas  "551 1 343 673 896 1331 2 844 739 0 1 1"
      ;;
    7)
      test-tcas  "352 0 956 654 664 2323 3 540 878 1 0 0"
      ;;
    8)
      test-tcas  "472 0 781 621 51 4719 0 574 702 1 1 0"
      ;;
    9)
      test-tcas  "493 0 606 943 477 3319 0 337 126 0 0 1"
      ;;
    10)
      test-tcas  "413 0 203 81 856 237 1 210 726 1 1 0"
      ;;
    11)
      test-tcas  "273 0 520 500 244 3300 3 897 226 1 0 0"
      ;;
    12)
      test-tcas  "306 0 665 900 354 2155 1 973 775 0 0 1"
      ;;
    13)
      test-tcas  "941 0 578 411 626 370 2 797 676 0 1 0"
      ;;
    14)
      test-tcas  "842 1 359 427 170 4094 2 514 583 0 0 1"
      ;;
    15)
      test-tcas  "338 1 188 469 853 1059 3 131 974 0 1 0"
      ;;
    16)
      test-tcas  "150 0 585 736 139 7845 3 417 792 1 0 0"
      ;;
    17)
      test-tcas  "190 1 375 857 925 8430 1 798 560 0 0 0"
      ;;
    18)
      test-tcas  "415 0 222 835 631 3062 1 417 103 0 0 0"
      ;;
    19)
      test-tcas  "302 1 928 217 145 3461 2 83 98 0 1 1"
      ;;
    20)
      test-tcas  "407 0 852 197 906 8252 2 60 146 1 1 1"
      ;;
    21)
      test-tcas  "714 0 839 555 442 1376 3 384 919 0 0 1"
      ;;
    22)
      test-tcas  "100 0 898 237 71 5992 3 779 8 0 1 0"
      ;;
    23)
      test-tcas  "146 0 561 743 164 7108 1 208 694 1 0 1"
      ;;
    24)
      test-tcas  "842 0 441 577 458 7810 0 640 630 0 1 0"
      ;;
    25)
      test-tcas  "320 0 845 579 306 6574 1 774 663 1 0 0"
      ;;
    26)
      test-tcas  "771 0 583 211 497 6647 0 205 520 0 1 0"
      ;;
    27)
      test-tcas  "956 1 165 645 373 2944 3 832 998 0 0 1"
      ;;
    28)
      test-tcas  "427 1 501 924 424 7346 2 277 469 1 1 1"
      ;;
    29)
      test-tcas  "548 0 0 440 309 9570 2 566 123 0 0 0"
      ;;
    30)
      test-tcas  "759 0 571 573 371 8085 0 479 238 0 1 0"
      ;;
    31)
      test-tcas  "216 0 465 516 216 3779 3 663 56 0 1 1"
      ;;
    32)
      test-tcas  "973 0 218 75 689 8182 3 913 397 1 1 1"
      ;;
    33)
      test-tcas  "230 0 85 606 794 8187 3 933 117 0 1 0"
      ;;
    34)
      test-tcas  "931 0 346 226 558 216 2 377 783 0 1 1"
      ;;
    35)
      test-tcas  "12 0 686 962 710 8724 2 55 555 0 0 1"
      ;;
    36)
      test-tcas  "38 0 524 687 227 6881 2 869 261 0 0 1"
      ;;
    37)
      test-tcas  "710 1 703 398 338 1050 1 330 930 1 1 1"
      ;;
    38)
      test-tcas  "817 0 278 759 434 5508 0 356 742 0 0 1"
      ;;
    39)
      test-tcas  "644 0 381 752 580 9538 0 530 322 0 1 1"
      ;;
    40)
      test-tcas  "634 0 154 786 858 5678 1 44 667 1 1 0"
      ;;
esac
