#!/bin/bash
set -euo pipefail
SCRIPT_DIR=$(cd "$(dirname "${BASH_SOURCE[0]}")" && pwd)
test-tcas () {
    diff -q <(${ANGELIX_RUN:-eval} ./tcas $1) <($SCRIPT_DIR/../golden/tcas $1) > /dev/null
}

case "$1" in
    1)
      test-tcas  "385 0 629 21 551 4638 2 154 349 0 0 0"
      ;;
    2)
      test-tcas  "595 1 891 108 297 2393 2 151 995 1 0 0"
      ;;
    3)
      test-tcas  "847 1 530 356 92 8926 2 23 446 0 0 0"
      ;;
    4)
      test-tcas  "64 1 282 207 933 44 3 362 925 1 1 0"
      ;;
    5)
      test-tcas  "329 0 442 25 336 8782 2 515 834 1 0 1"
      ;;
    6)
      test-tcas  "871 1 891 504 325 296 0 339 626 0 0 1"
      ;;
    7)
      test-tcas  "873 0 234 425 325 2364 1 783 30 0 0 0"
      ;;
    8)
      test-tcas  "310 0 251 533 933 370 0 695 60 0 0 0"
      ;;
    9)
      test-tcas  "467 0 231 115 138 7460 2 17 28 0 1 0"
      ;;
    10)
      test-tcas  "710 0 173 465 646 4503 0 994 26 0 1 1"
      ;;
    11)
      test-tcas  "486 1 125 664 509 611 1 195 1 0 0 0"
      ;;
    12)
      test-tcas  "351 1 304 155 255 3338 3 106 754 1 1 0"
      ;;
    13)
      test-tcas  "182 0 867 284 218 8160 1 638 810 1 0 0"
      ;;
    14)
      test-tcas  "512 0 468 429 707 9576 3 250 230 0 0 0"
      ;;
    15)
      test-tcas  "180 0 968 503 68 1033 2 490 989 0 1 1"
      ;;
    16)
      test-tcas  "234 0 820 503 593 7980 0 487 606 0 0 0"
      ;;
    17)
      test-tcas  "215 0 829 357 566 7614 3 478 219 1 1 1"
      ;;
    18)
      test-tcas  "629 0 92 653 594 326 1 660 275 0 1 0"
      ;;
    19)
      test-tcas  "544 1 28 872 623 1536 1 588 468 0 1 1"
      ;;
    20)
      test-tcas  "843 1 455 492 844 8372 2 26 452 1 0 0"
      ;;
    21)
      test-tcas  "784 1 707 806 886 3735 0 522 282 1 1 1"
      ;;
    22)
      test-tcas  "994 0 777 498 430 443 0 68 350 0 0 0"
      ;;
    23)
      test-tcas  "110 1 452 917 520 580 3 58 938 0 1 1"
      ;;
    24)
      test-tcas  "691 1 301 641 488 9713 2 242 299 0 1 1"
      ;;
    25)
      test-tcas  "44 0 342 242 546 2453 3 685 420 0 1 1"
      ;;
    26)
      test-tcas  "959 1 24 255 613 4765 3 659 387 0 0 0"
      ;;
    27)
      test-tcas  "296 0 44 138 68 9571 0 135 436 0 1 0"
      ;;
    28)
      test-tcas  "674 0 306 495 551 5532 2 928 468 1 1 0"
      ;;
    29)
      test-tcas  "373 0 119 81 981 4423 0 674 939 1 1 1"
      ;;
    30)
      test-tcas  "836 0 474 35 378 178 2 686 627 1 0 0"
      ;;
    31)
      test-tcas  "918 0 944 462 992 2636 3 291 874 1 0 1"
      ;;
    32)
      test-tcas  "279 0 469 846 647 1034 2 531 440 0 1 1"
      ;;
    33)
      test-tcas  "995 0 894 891 59 6617 3 137 100 1 1 1"
      ;;
    34)
      test-tcas  "650 0 795 200 197 151 3 375 625 1 0 1"
      ;;
    35)
      test-tcas  "790 1 691 735 575 8792 1 848 721 1 1 0"
      ;;
    36)
      test-tcas  "753 0 304 255 608 7572 0 454 912 0 1 1"
      ;;
    37)
      test-tcas  "431 1 73 908 894 3805 2 619 275 0 1 1"
      ;;
    38)
      test-tcas  "595 0 598 849 507 7900 2 496 232 1 0 0"
      ;;
    39)
      test-tcas  "905 0 184 141 28 1480 1 149 506 1 1 1"
      ;;
    40)
      test-tcas  "724 0 70 375 189 3254 2 785 561 1 1 0"
      ;;
esac
