#!/bin/bash
set -euo pipefail
SCRIPT_DIR=$(cd "$(dirname "${BASH_SOURCE[0]}")" && pwd)
test-tcas () {
    diff -q <(${ANGELIX_RUN:-eval} ./tcas $1) <($SCRIPT_DIR/../golden/tcas $1) > /dev/null
}

case "$1" in
    1)
      test-tcas  "27 0 707 461 235 1305 1 250 528 1 0 1"
      ;;
    2)
      test-tcas  "137 0 942 573 125 4967 2 913 333 1 0 0"
      ;;
    3)
      test-tcas  "268 1 631 512 464 3372 1 843 251 1 1 1"
      ;;
    4)
      test-tcas  "870 1 524 355 314 6399 1 437 350 0 1 0"
      ;;
    5)
      test-tcas  "700 0 818 131 445 6711 0 881 370 0 1 1"
      ;;
    6)
      test-tcas  "61 0 197 997 303 7918 1 790 497 1 1 1"
      ;;
    7)
      test-tcas  "582 0 299 133 205 681 0 556 710 0 0 0"
      ;;
    8)
      test-tcas  "827 1 701 854 834 2852 3 498 346 0 0 1"
      ;;
    9)
      test-tcas  "833 1 542 577 409 1349 3 389 455 0 0 1"
      ;;
    10)
      test-tcas  "136 1 939 280 944 8456 2 143 986 0 1 1"
      ;;
    11)
      test-tcas  "845 1 531 896 494 3689 3 594 939 0 0 1"
      ;;
    12)
      test-tcas  "947 1 737 785 494 4268 2 252 314 0 1 1"
      ;;
    13)
      test-tcas  "261 1 678 921 996 2527 0 683 931 1 0 1"
      ;;
    14)
      test-tcas  "212 0 154 806 977 7396 0 850 96 0 0 0"
      ;;
    15)
      test-tcas  "70 1 589 317 804 9236 2 207 527 1 0 0"
      ;;
    16)
      test-tcas  "213 1 534 746 467 2992 3 667 23 1 1 1"
      ;;
    17)
      test-tcas  "622 0 993 189 327 3670 3 761 995 0 1 1"
      ;;
    18)
      test-tcas  "969 1 699 153 808 650 2 288 247 1 0 1"
      ;;
    19)
      test-tcas  "421 1 369 870 796 3335 0 647 186 0 1 0"
      ;;
    20)
      test-tcas  "694 0 957 181 396 9963 3 734 131 0 0 1"
      ;;
    21)
      test-tcas  "801 0 67 160 183 4278 1 820 358 1 1 1"
      ;;
    22)
      test-tcas  "532 1 844 730 178 996 2 252 179 1 0 1"
      ;;
    23)
      test-tcas  "840 1 968 511 477 695 3 17 531 1 1 0"
      ;;
    24)
      test-tcas  "47 0 774 880 692 7907 1 316 393 0 1 0"
      ;;
    25)
      test-tcas  "120 1 965 941 283 2749 2 201 711 0 0 0"
      ;;
    26)
      test-tcas  "215 1 995 522 282 6452 1 106 529 0 1 1"
      ;;
    27)
      test-tcas  "183 0 825 674 985 4584 3 701 609 0 1 1"
      ;;
    28)
      test-tcas  "876 0 547 327 834 8641 3 972 983 1 1 1"
      ;;
    29)
      test-tcas  "792 1 211 765 951 7040 2 693 692 1 1 1"
      ;;
    30)
      test-tcas  "892 1 116 419 629 250 0 651 288 1 0 1"
      ;;
    31)
      test-tcas  "356 0 915 241 505 2045 3 904 685 0 0 1"
      ;;
    32)
      test-tcas  "488 1 961 405 181 9471 3 246 456 0 1 1"
      ;;
    33)
      test-tcas  "118 0 590 501 656 8191 0 677 866 1 1 0"
      ;;
    34)
      test-tcas  "498 1 341 651 164 7409 1 221 635 0 1 0"
      ;;
    35)
      test-tcas  "962 0 527 987 808 9472 0 782 780 1 0 0"
      ;;
    36)
      test-tcas  "515 0 90 929 776 3691 2 939 831 1 1 1"
      ;;
    37)
      test-tcas  "950 1 265 406 932 1692 1 618 200 0 1 1"
      ;;
    38)
      test-tcas  "156 0 277 823 148 2915 2 492 649 1 1 0"
      ;;
    39)
      test-tcas  "942 1 91 990 930 3524 0 673 466 1 0 0"
      ;;
    40)
      test-tcas  "927 1 109 548 664 189 3 842 310 1 1 0"
      ;;
esac
