#!/bin/bash
set -euo pipefail
SCRIPT_DIR=$(cd "$(dirname "${BASH_SOURCE[0]}")" && pwd)
test-tcas () {
    diff -q <(${ANGELIX_RUN:-eval} ./tcas $1) <($SCRIPT_DIR/../golden/tcas $1) > /dev/null
}

case "$1" in
    1)
      test-tcas  "-9298 1 0 6960 1232 -9488 2 2296 6268 0 2 0"
      ;;
    2)
      test-tcas  "251 1 0 7344 7937 -831 2 6352 8368 0 2 0"
      ;;
    3)
      test-tcas  "-1309 1 0 -2048 -9603 -9488 0 6256 6320 0 2 0"
      ;;
    4)
      test-tcas  "231 1 0 -3997 3905 -4102 0 4344 4346 0 2 0"
      ;;
    5)
      test-tcas  "1566 1 0 2288 -9731 1776 3 1008 6368 0 2 0"
      ;;
    6)
      test-tcas  "2800 1 0 -812 -256 -816 3 9980 10000 0 2 0"
      ;;
    7)
      test-tcas  "-9302 1 0 -9392 7254 -10000 1 6256 6368 0 2 0"
      ;;
    8)
      test-tcas  "-1247 1 0 6256 3256 -10000 1 2296 2544 0 2 0"
      ;;
    9)
      test-tcas  "6399 1 0 -1040 -6144 -7440 0 6264 6364 0 2 1"
      ;;
    10)
      test-tcas  "-4033 1 0 6960 -4033 -9488 2 2296 6268 0 2 0"
      ;;
    11)
      test-tcas  "4094 1 0 7344 4094 -831 2 6352 8368 0 2 0"
      ;;
    12)
      test-tcas  "-5456 1 0 -2048 -5456 -9488 0 6256 6320 0 2 0"
      ;;
    13)
      test-tcas  "2068 1 0 -3997 2068 -4102 0 4344 4346 0 2 0"
      ;;
    14)
      test-tcas  "-4082 1 0 2288 -4082 1776 3 1008 6368 0 2 0"
      ;;
    15)
      test-tcas  "1272 1 0 -812 1272 -816 3 9980 10000 0 2 0"
      ;;
    16)
      test-tcas  "-1024 1 0 -9392 -1024 -10000 1 6256 6368 0 2 0"
      ;;
    17)
      test-tcas  "1004 1 0 6256 1004 -10000 1 2296 2544 0 2 0"
      ;;
    18)
      test-tcas  "127 1 0 -1040 127 -7440 0 6264 6364 0 2 1"
      ;;
    19)
      test-tcas  "3704 1 0 3696 -3712 3248 2 6356 6364 0 2 0"
      ;;
    20)
      test-tcas  "-2080 1 0 3761 2840 1712 2 10000 10000 0 2 0"
      ;;
    21)
      test-tcas  "518 1 0 -1968 9698 -2288 2 4082 4183 0 2 1"
      ;;
    22)
      test-tcas  "-4 1 0 3696 -4 3248 2 6356 6364 0 2 0"
      ;;
    23)
      test-tcas  "380 1 0 3761 380 1712 2 10000 10000 0 2 0"
      ;;
    24)
      test-tcas  "5108 1 0 -1968 5108 -2288 2 4082 4183 0 2 1"
      ;;
    25)
      test-tcas  "7176 1 0 6256 8789 2288 2 2184 2288 0 2 1"
      ;;
    26)
      test-tcas  "135 1 0 2049 238 2048 2 6304 6320 0 2 0"
      ;;
    27)
      test-tcas  "2052 1 0 -1808 1 -5904 2 640 1776 0 2 0"
      ;;
    28)
      test-tcas  "7982 1 0 6256 7982 2288 2 2184 2288 0 2 1"
      ;;
    29)
      test-tcas  "186 1 0 2049 186 2048 2 6304 6320 0 2 0"
      ;;
    30)
      test-tcas  "1026 1 0 -1808 1026 -5904 2 640 1776 0 2 0"
      ;;
    31)
      test-tcas  "1415 1 0 6328 -4506 6320 0 6384 9456 0 2 1"
      ;;
    32)
      test-tcas  "180 1 0 9970 4093 9968 0 2684 2785 0 2 1"
      ;;
    33)
      test-tcas  "5325 1 0 6260 -9606 6256 0 2544 2544 0 2 0"
      ;;
    34)
      test-tcas  "-1545 1 0 6328 -1545 6320 0 6384 9456 0 2 1"
      ;;
    35)
      test-tcas  "2136 1 0 9970 2136 9968 0 2684 2785 0 2 1"
      ;;
    36)
      test-tcas  "-2140 1 0 6260 -2140 6256 0 2544 2544 0 2 0"
      ;;
    37)
      test-tcas  "7793 1 0 6368 -4096 6256 0 7180 7284 1 2 1"
      ;;
    38)
      test-tcas  "0 1 0 6383 512 6379 0 2800 3056 0 2 0"
      ;;
    39)
      test-tcas  "8208 1 0 -9614 6269 -9616 0 6268 7408 0 2 0"
      ;;
    40)
      test-tcas  "1848 1 0 6368 1848 6256 0 7180 7284 1 2 1"
      ;;
    41)
      test-tcas  "256 1 0 6383 256 6379 0 2800 3056 0 2 0"
      ;;
    42)
      test-tcas  "7238 1 0 -9614 7238 -9616 0 6268 7408 0 2 0"
      ;;
    43)
      test-tcas  "96 1 0 6256 -593 -5920 3 2288 6256 0 2 0"
      ;;
    44)
      test-tcas  "5268 1 0 3248 9108 2672 3 7340 7904 0 2 1"
      ;;
    45)
      test-tcas  "-5807 1 0 -6880 6323 -9904 3 2288 6320 0 2 1"
      ;;
    46)
      test-tcas  "-248 1 0 6256 -248 -5920 3 2288 6256 0 2 0"
      ;;
    47)
      test-tcas  "7188 1 0 3248 7188 2672 3 7340 7904 0 2 1"
      ;;
    48)
      test-tcas  "258 1 0 -6880 258 -9904 3 2288 6320 0 2 1"
      ;;
    49)
      test-tcas  "-946 1 0 4336 9308 2544 3 4316 4336 0 2 0"
      ;;
    50)
      test-tcas  "6616 1 0 2800 -7777 1264 3 6172 6352 0 2 1"
      ;;
    51)
      test-tcas  "4149 1 0 -6032 -4095 -6080 3 6388 6392 0 2 0"
      ;;
    52)
      test-tcas  "4181 1 0 4336 4181 2544 3 4316 4336 0 2 0"
      ;;
    53)
      test-tcas  "-580 1 0 2800 -580 1264 3 6172 6352 0 2 1"
      ;;
    54)
      test-tcas  "27 1 0 -6032 27 -6080 3 6388 6392 0 2 0"
      ;;
    55)
      test-tcas  "8321 1 0 -1416 -7935 -9601 1 6768 6880 0 2 0"
      ;;
    56)
      test-tcas  "-6361 1 0 2238 8660 1868 1 8880 9040 0 2 1"
      ;;
    57)
      test-tcas  "6121 1 0 2288 -6162 -10000 1 2300 2300 0 2 0"
      ;;
    58)
      test-tcas  "193 1 0 -1416 193 -9601 1 6768 6880 0 2 0"
      ;;
    59)
      test-tcas  "1149 1 0 2238 1149 1868 1 8880 9040 0 2 1"
      ;;
    60)
      test-tcas  "-20 1 0 2288 -20 -10000 1 2300 2300 0 2 0"
      ;;
    61)
      test-tcas  "7289 1 0 -9999 10000 -10000 1 6320 6369 0 2 0"
      ;;
    62)
      test-tcas  "-9506 1 0 4209 6722 4208 1 6352 6354 0 2 0"
      ;;
    63)
      test-tcas  "-8188 1 0 6322 8193 2192 1 4784 4784 0 2 0"
      ;;
    64)
      test-tcas  "8644 1 0 -9999 8644 -10000 1 6320 6369 0 2 0"
      ;;
    65)
      test-tcas  "-1392 1 0 4209 -1392 4208 1 6352 6354 0 2 0"
      ;;
    66)
      test-tcas  "2 1 0 6322 2 2192 1 4784 4784 0 2 0"
      ;;
    67)
      test-tcas  "-960 1 0 -3599 -3744 -3600 0 6396 6896 0 2 0"
      ;;
    68)
      test-tcas  "2681 1 0 4496 5847 -4976 0 7420 8409 0 2 0"
      ;;
    69)
      test-tcas  "-2352 1 0 -3599 -2352 -3600 0 6396 6896 0 2 0"
      ;;
    70)
      test-tcas  "4264 1 0 4496 4264 -4976 0 7420 8409 0 2 0"
      ;;
esac
