#!/bin/bash
set -euo pipefail
SCRIPT_DIR=$(cd "$(dirname "${BASH_SOURCE[0]}")" && pwd)
test-tcas () {
    diff -q <(${ANGELIX_RUN:-eval} ./tcas $1) <($SCRIPT_DIR/../golden/tcas $1) > /dev/null
}

case "$1" in
    1)
      test-tcas  "735 1 515 887 281 1162 3 115 76 1 0 0"
      ;;
    2)
      test-tcas  "715 0 728 656 544 9914 1 780 299 0 1 1"
      ;;
    3)
      test-tcas  "582 1 337 421 571 8066 0 406 873 1 1 0"
      ;;
    4)
      test-tcas  "896 0 400 368 458 7596 3 751 586 1 0 1"
      ;;
    5)
      test-tcas  "651 1 729 931 29 5726 0 177 460 0 0 0"
      ;;
    6)
      test-tcas  "163 1 763 323 527 4808 1 143 933 1 1 0"
      ;;
    7)
      test-tcas  "811 0 886 426 578 5739 3 765 506 1 1 1"
      ;;
    8)
      test-tcas  "864 0 738 221 939 2602 2 488 636 1 0 0"
      ;;
    9)
      test-tcas  "421 1 743 204 288 1054 1 863 306 1 1 0"
      ;;
    10)
      test-tcas  "28 0 901 494 736 2492 3 299 37 1 0 0"
      ;;
    11)
      test-tcas  "812 1 11 544 901 208 3 563 184 0 1 0"
      ;;
    12)
      test-tcas  "916 0 782 554 287 2619 2 616 135 0 0 0"
      ;;
    13)
      test-tcas  "729 0 788 834 271 2226 3 193 554 1 1 1"
      ;;
    14)
      test-tcas  "819 0 2 510 371 7221 3 325 7 1 1 1"
      ;;
    15)
      test-tcas  "593 1 564 8 444 5569 2 717 272 1 1 1"
      ;;
    16)
      test-tcas  "573 1 652 876 266 9048 3 652 299 0 1 1"
      ;;
    17)
      test-tcas  "723 0 669 467 398 7041 3 734 137 0 1 1"
      ;;
    18)
      test-tcas  "573 0 640 51 437 6855 2 478 280 1 1 1"
      ;;
    19)
      test-tcas  "875 1 479 872 665 9051 3 341 678 1 0 0"
      ;;
    20)
      test-tcas  "246 1 897 589 727 2651 1 393 199 0 1 1"
      ;;
    21)
      test-tcas  "719 0 935 470 350 6120 3 404 588 0 1 0"
      ;;
    22)
      test-tcas  "252 0 658 553 135 5822 3 617 946 0 1 0"
      ;;
    23)
      test-tcas  "142 0 186 851 283 4038 2 999 425 1 1 0"
      ;;
    24)
      test-tcas  "906 1 233 466 590 3798 3 221 270 0 0 0"
      ;;
    25)
      test-tcas  "467 1 411 285 300 7577 1 55 460 1 0 0"
      ;;
    26)
      test-tcas  "559 1 960 639 309 1404 2 268 33 1 1 0"
      ;;
    27)
      test-tcas  "995 0 134 56 909 5141 3 483 783 1 1 1"
      ;;
    28)
      test-tcas  "937 0 269 911 631 3539 0 803 260 0 1 1"
      ;;
    29)
      test-tcas  "463 0 589 422 820 1266 2 311 45 1 1 1"
      ;;
    30)
      test-tcas  "692 1 46 71 442 8342 2 832 977 1 1 1"
      ;;
    31)
      test-tcas  "301 0 935 127 103 359 0 603 453 1 1 1"
      ;;
    32)
      test-tcas  "652 1 722 487 561 487 0 687 85 0 1 0"
      ;;
    33)
      test-tcas  "813 1 394 600 959 7588 2 190 891 1 1 1"
      ;;
    34)
      test-tcas  "517 0 782 727 706 6756 2 445 759 1 1 0"
      ;;
    35)
      test-tcas  "642 1 611 253 352 5298 1 498 291 1 0 0"
      ;;
    36)
      test-tcas  "0 0 616 202 918 8535 2 289 127 0 0 1"
      ;;
    37)
      test-tcas  "150 1 796 528 4 5880 0 984 619 1 0 1"
      ;;
    38)
      test-tcas  "662 0 906 89 558 8395 3 970 220 1 1 0"
      ;;
    39)
      test-tcas  "574 0 461 593 484 4467 2 973 98 0 1 1"
      ;;
    40)
      test-tcas  "931 0 976 86 250 382 2 776 444 0 1 0"
      ;;
    41)
      test-tcas  "95 1 801 840 412 7367 2 915 547 0 1 0"
      ;;
    42)
      test-tcas  "49 1 783 757 390 6198 2 646 58 1 1 0"
      ;;
    43)
      test-tcas  "173 0 42 591 996 4639 1 344 946 0 1 1"
      ;;
    44)
      test-tcas  "955 1 505 512 100 1883 0 349 420 0 1 1"
      ;;
    45)
      test-tcas  "779 1 297 661 420 7685 0 59 607 0 1 0"
      ;;
esac
