#!/bin/bash
set -euo pipefail
SCRIPT_DIR=$(cd "$(dirname "${BASH_SOURCE[0]}")" && pwd)
test-tcas () {
    diff -q <(${ANGELIX_RUN:-eval} ./tcas $1) <($SCRIPT_DIR/../golden/tcas $1) > /dev/null
}

case "$1" in
    1)
      test-tcas  "585 0 183 474 267 8787 1 127 905 0 0 1"
      ;;
    2)
      test-tcas  "615 1 350 146 478 7221 1 40 32 0 1 0"
      ;;
    3)
      test-tcas  "332 1 319 89 285 1711 0 577 678 0 1 1"
      ;;
    4)
      test-tcas  "298 1 616 706 794 3824 1 455 516 1 0 0"
      ;;
    5)
      test-tcas  "341 1 841 926 675 1635 2 401 133 1 1 0"
      ;;
    6)
      test-tcas  "145 1 342 651 646 7866 2 808 244 0 0 1"
      ;;
    7)
      test-tcas  "812 0 392 209 198 3 0 944 870 1 1 0"
      ;;
    8)
      test-tcas  "647 0 563 177 314 5338 0 374 857 0 0 0"
      ;;
    9)
      test-tcas  "226 1 298 911 59 7576 1 303 530 1 1 0"
      ;;
    10)
      test-tcas  "560 1 471 217 942 1259 0 625 545 0 1 0"
      ;;
    11)
      test-tcas  "664 1 745 725 732 5815 1 678 100 0 0 0"
      ;;
    12)
      test-tcas  "283 1 961 827 130 2538 0 968 638 0 0 1"
      ;;
    13)
      test-tcas  "730 1 524 351 176 5235 0 561 966 0 0 0"
      ;;
    14)
      test-tcas  "872 1 893 634 657 8648 2 239 343 1 1 1"
      ;;
    15)
      test-tcas  "238 0 651 150 971 8049 3 181 601 0 1 0"
      ;;
    16)
      test-tcas  "982 1 481 521 962 8681 2 512 661 0 1 1"
      ;;
    17)
      test-tcas  "29 0 453 453 115 4878 1 874 14 0 0 0"
      ;;
    18)
      test-tcas  "225 1 522 947 266 5806 3 13 719 0 0 1"
      ;;
    19)
      test-tcas  "562 1 936 74 511 7863 3 297 355 1 1 1"
      ;;
    20)
      test-tcas  "724 1 423 593 486 2720 2 175 56 0 1 0"
      ;;
    21)
      test-tcas  "177 1 514 809 396 4962 0 649 311 0 1 1"
      ;;
    22)
      test-tcas  "852 0 212 239 314 4123 0 133 602 1 1 1"
      ;;
    23)
      test-tcas  "141 0 412 982 229 2741 1 326 180 0 1 0"
      ;;
    24)
      test-tcas  "447 0 984 37 96 4781 1 201 378 1 0 1"
      ;;
    25)
      test-tcas  "894 1 338 309 795 7474 0 670 756 0 1 0"
      ;;
    26)
      test-tcas  "990 0 490 612 413 4232 1 124 167 0 1 0"
      ;;
    27)
      test-tcas  "107 0 221 642 538 6846 1 732 418 0 1 1"
      ;;
    28)
      test-tcas  "517 0 811 645 491 1689 2 148 677 1 0 1"
      ;;
    29)
      test-tcas  "453 1 116 375 389 7060 1 220 57 1 1 1"
      ;;
    30)
      test-tcas  "281 1 312 860 820 7183 3 193 954 1 1 1"
      ;;
    31)
      test-tcas  "222 0 584 557 597 2672 0 45 721 1 0 0"
      ;;
    32)
      test-tcas  "419 1 342 589 633 7532 2 695 47 0 1 1"
      ;;
    33)
      test-tcas  "165 0 122 8 324 8936 2 139 130 1 1 0"
      ;;
    34)
      test-tcas  "137 1 358 325 123 8144 2 876 212 1 1 0"
      ;;
    35)
      test-tcas  "217 0 473 981 13 8977 1 455 431 1 1 1"
      ;;
    36)
      test-tcas  "179 0 435 935 536 4261 1 518 135 0 1 1"
      ;;
    37)
      test-tcas  "959 0 891 152 805 595 2 326 843 0 1 1"
      ;;
    38)
      test-tcas  "583 1 364 452 525 7649 0 510 962 1 1 0"
      ;;
    39)
      test-tcas  "990 1 675 5 497 5 0 592 65 0 0 1"
      ;;
    40)
      test-tcas  "0 1 773 608 409 7330 3 728 135 1 0 1"
      ;;
    41)
      test-tcas  "562 1 560 874 814 2305 2 174 605 1 1 1"
      ;;
    42)
      test-tcas  "69 0 987 534 217 5383 1 23 290 0 0 1"
      ;;
    43)
      test-tcas  "144 0 780 211 9 1004 3 0 389 0 1 0"
      ;;
    44)
      test-tcas  "626 0 563 291 650 1379 3 380 749 0 1 0"
      ;;
    45)
      test-tcas  "777 1 875 862 41 1385 0 461 310 0 0 1"
      ;;
esac
