#!/bin/bash
set -euo pipefail
SCRIPT_DIR=$(cd "$(dirname "${BASH_SOURCE[0]}")" && pwd)
test-tcas () {
    diff -q <(${ANGELIX_RUN:-eval} ./tcas $1) <($SCRIPT_DIR/../golden/tcas $1) > /dev/null
}

case "$1" in
    1)
      test-tcas  "51 1 512 675 9 498 1 623 589 1 1 0"
      ;;
    2)
      test-tcas  "136 0 992 615 890 3673 0 409 259 1 0 1"
      ;;
    3)
      test-tcas  "398 1 524 52 822 6830 2 881 664 1 0 0"
      ;;
    4)
      test-tcas  "579 0 855 979 240 4090 1 520 813 1 1 0"
      ;;
    5)
      test-tcas  "810 0 277 511 237 3911 2 505 0 0 1 0"
      ;;
    6)
      test-tcas  "140 0 994 704 558 2585 2 21 580 0 0 1"
      ;;
    7)
      test-tcas  "839 1 94 863 719 5473 3 344 805 1 1 0"
      ;;
    8)
      test-tcas  "587 1 734 42 955 8597 1 350 859 1 1 1"
      ;;
    9)
      test-tcas  "899 0 551 608 460 4151 1 519 508 1 0 0"
      ;;
    10)
      test-tcas  "53 0 812 572 829 7890 0 641 744 1 0 1"
      ;;
    11)
      test-tcas  "211 0 429 230 557 4159 2 545 333 0 1 0"
      ;;
    12)
      test-tcas  "493 1 661 224 73 5598 3 11 258 0 0 1"
      ;;
    13)
      test-tcas  "410 0 110 604 956 9258 1 789 805 1 1 0"
      ;;
    14)
      test-tcas  "322 1 496 765 742 8981 1 221 313 0 0 1"
      ;;
    15)
      test-tcas  "386 0 705 282 125 5491 0 389 530 1 1 1"
      ;;
    16)
      test-tcas  "938 1 619 635 292 635 0 961 979 1 0 1"
      ;;
    17)
      test-tcas  "237 1 465 665 697 673 1 45 880 0 1 0"
      ;;
    18)
      test-tcas  "132 0 628 265 745 5394 0 289 785 1 0 1"
      ;;
    19)
      test-tcas  "439 0 259 317 560 5151 1 288 416 1 0 0"
      ;;
    20)
      test-tcas  "594 1 434 272 391 6685 1 967 40 0 0 0"
      ;;
    21)
      test-tcas  "569 1 171 945 121 797 2 141 162 1 0 0"
      ;;
    22)
      test-tcas  "17 0 253 164 862 545 0 724 408 1 1 0"
      ;;
    23)
      test-tcas  "212 0 500 800 740 7753 2 293 90 0 0 0"
      ;;
    24)
      test-tcas  "516 0 3 435 716 8082 2 685 200 0 0 1"
      ;;
    25)
      test-tcas  "891 1 709 507 535 904 3 175 416 0 1 1"
      ;;
    26)
      test-tcas  "343 0 761 200 857 9581 2 509 134 1 0 0"
      ;;
    27)
      test-tcas  "129 1 127 595 72 567 1 579 562 0 0 0"
      ;;
    28)
      test-tcas  "138 1 205 743 412 6035 0 958 531 0 1 1"
      ;;
    29)
      test-tcas  "996 0 424 227 646 4410 0 702 895 1 1 1"
      ;;
    30)
      test-tcas  "179 0 208 628 916 6320 3 953 183 0 0 0"
      ;;
    31)
      test-tcas  "763 0 175 908 145 74 3 760 593 1 0 0"
      ;;
    32)
      test-tcas  "386 1 1 246 911 755 0 337 370 1 1 1"
      ;;
    33)
      test-tcas  "487 0 42 162 724 489 1 545 247 1 1 0"
      ;;
    34)
      test-tcas  "35 1 575 949 316 4309 2 889 757 0 0 1"
      ;;
    35)
      test-tcas  "665 1 369 461 770 6394 3 573 48 0 1 1"
      ;;
    36)
      test-tcas  "428 0 233 140 172 5174 3 329 153 0 1 0"
      ;;
    37)
      test-tcas  "293 1 243 897 889 3035 1 707 676 1 1 0"
      ;;
    38)
      test-tcas  "993 0 474 980 613 6964 1 341 365 1 0 1"
      ;;
    39)
      test-tcas  "938 1 296 383 897 546 3 390 236 0 1 0"
      ;;
    40)
      test-tcas  "548 0 608 570 180 5271 1 862 619 1 1 1"
      ;;
    41)
      test-tcas  "687 0 808 363 34 9991 3 878 853 0 1 1"
      ;;
    42)
      test-tcas  "705 0 791 773 821 1827 1 165 288 1 1 0"
      ;;
    43)
      test-tcas  "70 0 895 328 908 9577 3 97 771 1 1 1"
      ;;
    44)
      test-tcas  "649 0 378 38 193 2005 0 478 903 0 0 1"
      ;;
    45)
      test-tcas  "309 0 827 622 866 8014 3 40 85 0 0 0"
      ;;
esac
