#!/bin/bash
set -euo pipefail
SCRIPT_DIR=$(cd "$(dirname "${BASH_SOURCE[0]}")" && pwd)
test-tcas () {
    diff -q <(${ANGELIX_RUN:-eval} ./tcas $1) <($SCRIPT_DIR/../golden/tcas $1) > /dev/null
}

case "$1" in
    1)
      test-tcas  "272 0 415 953 107 4455 3 129 489 0 0 0"
      ;;
    2)
      test-tcas  "465 0 695 304 229 2521 2 871 337 1 0 1"
      ;;
    3)
      test-tcas  "755 0 521 742 825 1408 1 731 445 1 1 0"
      ;;
    4)
      test-tcas  "714 1 680 650 790 8813 2 22 990 1 1 0"
      ;;
    5)
      test-tcas  "979 0 510 72 453 2952 3 179 902 0 0 0"
      ;;
    6)
      test-tcas  "871 1 701 5 642 3456 0 517 406 1 1 0"
      ;;
    7)
      test-tcas  "814 0 511 65 249 2015 0 714 301 1 0 0"
      ;;
    8)
      test-tcas  "677 1 585 150 246 2224 2 528 990 1 1 0"
      ;;
    9)
      test-tcas  "366 0 28 795 38 4444 1 726 924 1 0 0"
      ;;
    10)
      test-tcas  "291 1 347 156 948 4934 1 867 653 1 0 1"
      ;;
    11)
      test-tcas  "513 1 278 74 495 9205 3 467 192 0 1 1"
      ;;
    12)
      test-tcas  "594 1 435 358 978 7408 0 230 946 0 1 0"
      ;;
    13)
      test-tcas  "292 1 24 370 661 4606 2 299 873 0 0 1"
      ;;
    14)
      test-tcas  "393 0 745 127 674 1017 0 95 7 1 0 1"
      ;;
    15)
      test-tcas  "50 1 259 513 455 6763 0 39 861 1 1 1"
      ;;
    16)
      test-tcas  "55 1 369 758 297 2233 2 462 630 0 0 0"
      ;;
    17)
      test-tcas  "511 0 321 160 226 9000 3 210 403 0 1 0"
      ;;
    18)
      test-tcas  "352 1 283 40 127 7190 3 877 959 1 1 1"
      ;;
    19)
      test-tcas  "149 0 279 160 606 3414 0 252 953 0 0 1"
      ;;
    20)
      test-tcas  "535 1 455 292 717 8678 1 412 589 1 1 1"
      ;;
    21)
      test-tcas  "536 1 683 293 206 8303 2 5 39 1 0 1"
      ;;
    22)
      test-tcas  "923 0 74 962 468 5556 1 537 116 0 1 0"
      ;;
    23)
      test-tcas  "558 0 15 36 919 7673 0 22 802 1 1 0"
      ;;
    24)
      test-tcas  "534 1 869 51 922 7031 1 78 393 1 1 0"
      ;;
    25)
      test-tcas  "647 0 435 304 873 1535 1 522 104 1 0 0"
      ;;
    26)
      test-tcas  "527 1 742 966 435 6778 0 679 26 1 1 1"
      ;;
    27)
      test-tcas  "443 0 656 351 291 8202 3 36 368 0 1 0"
      ;;
    28)
      test-tcas  "492 0 161 577 117 4342 3 461 906 1 0 0"
      ;;
    29)
      test-tcas  "535 1 44 258 805 2296 3 65 538 0 1 1"
      ;;
    30)
      test-tcas  "863 1 43 552 209 3798 3 815 765 0 0 0"
      ;;
    31)
      test-tcas  "170 0 277 692 990 4679 1 296 822 0 1 1"
      ;;
    32)
      test-tcas  "971 1 95 280 283 2134 1 496 76 1 1 0"
      ;;
    33)
      test-tcas  "107 0 157 874 151 3012 3 194 117 0 1 0"
      ;;
    34)
      test-tcas  "535 0 806 931 926 2295 2 476 798 0 1 1"
      ;;
    35)
      test-tcas  "990 1 415 940 630 4168 2 26 267 1 1 0"
      ;;
    36)
      test-tcas  "601 0 582 470 817 8377 3 219 744 1 0 1"
      ;;
    37)
      test-tcas  "921 0 595 121 178 2186 0 623 560 1 1 0"
      ;;
    38)
      test-tcas  "205 0 719 678 328 2912 3 316 617 1 0 1"
      ;;
    39)
      test-tcas  "109 1 359 437 152 8005 1 441 111 0 0 1"
      ;;
    40)
      test-tcas  "307 1 188 494 79 8712 1 676 969 0 1 0"
      ;;
    41)
      test-tcas  "771 0 805 821 577 9663 2 733 38 1 1 0"
      ;;
    42)
      test-tcas  "752 1 442 236 70 236 3 694 633 1 0 0"
      ;;
    43)
      test-tcas  "664 1 637 883 338 4189 1 881 580 1 0 1"
      ;;
    44)
      test-tcas  "296 0 721 499 322 1936 3 72 378 1 1 0"
      ;;
    45)
      test-tcas  "921 0 270 721 45 4894 2 204 567 1 1 0"
      ;;
esac
