#!/bin/bash
set -euo pipefail
SCRIPT_DIR=$(cd "$(dirname "${BASH_SOURCE[0]}")" && pwd)
test-tcas () {
    diff -q <(${ANGELIX_RUN:-eval} ./tcas $1) <($SCRIPT_DIR/../golden/tcas $1) > /dev/null
}

case "$1" in
    1)
      test-tcas  "275 0 819 124 847 5718 3 981 803 0 0 0"
      ;;
    2)
      test-tcas  "367 1 451 131 109 8030 2 472 977 0 1 0"
      ;;
    3)
      test-tcas  "540 0 843 265 861 6170 3 606 206 1 0 0"
      ;;
    4)
      test-tcas  "146 0 849 702 472 8311 3 976 730 0 1 0"
      ;;
    5)
      test-tcas  "136 1 865 540 87 5269 3 235 452 0 0 0"
      ;;
    6)
      test-tcas  "389 0 447 804 469 9427 3 321 475 0 1 0"
      ;;
    7)
      test-tcas  "361 1 411 497 523 4823 3 36 689 1 1 0"
      ;;
    8)
      test-tcas  "463 1 709 301 798 1123 1 312 454 0 0 0"
      ;;
    9)
      test-tcas  "776 1 756 39 5 9507 3 333 675 1 0 1"
      ;;
    10)
      test-tcas  "537 0 317 372 939 7279 2 260 464 0 1 1"
      ;;
    11)
      test-tcas  "218 1 591 415 104 185 0 863 20 1 0 0"
      ;;
    12)
      test-tcas  "997 1 782 998 890 7075 2 626 428 0 0 0"
      ;;
    13)
      test-tcas  "51 0 171 187 239 606 2 119 713 0 1 1"
      ;;
    14)
      test-tcas  "235 0 508 421 471 206 1 408 761 0 0 1"
      ;;
    15)
      test-tcas  "505 1 476 203 248 9449 1 157 505 1 1 1"
      ;;
    16)
      test-tcas  "819 0 990 691 527 9388 1 776 255 0 0 1"
      ;;
    17)
      test-tcas  "206 0 170 822 885 2220 0 505 39 1 0 0"
      ;;
    18)
      test-tcas  "232 1 58 696 652 5894 2 731 465 0 1 1"
      ;;
    19)
      test-tcas  "269 1 415 907 983 9996 1 65 805 0 1 1"
      ;;
    20)
      test-tcas  "700 1 328 311 286 6368 1 780 828 0 1 0"
      ;;
    21)
      test-tcas  "531 0 827 352 257 4489 0 139 291 1 1 0"
      ;;
    22)
      test-tcas  "815 1 296 556 283 1654 1 909 999 1 1 0"
      ;;
    23)
      test-tcas  "813 0 113 150 979 1451 3 968 934 1 0 1"
      ;;
    24)
      test-tcas  "945 1 721 889 315 889 1 354 124 0 0 1"
      ;;
    25)
      test-tcas  "283 1 185 264 11 6889 3 425 713 0 1 1"
      ;;
    26)
      test-tcas  "653 1 231 34 715 6588 0 926 40 1 1 1"
      ;;
    27)
      test-tcas  "305 1 802 820 921 3090 1 738 515 1 1 1"
      ;;
    28)
      test-tcas  "616 0 317 972 606 8983 0 927 631 0 0 1"
      ;;
    29)
      test-tcas  "357 1 16 365 160 3948 3 390 597 0 1 1"
      ;;
    30)
      test-tcas  "762 0 127 983 439 345 0 879 817 1 0 0"
      ;;
    31)
      test-tcas  "887 1 981 233 534 1592 3 582 785 1 1 1"
      ;;
    32)
      test-tcas  "623 1 731 883 274 2528 0 623 905 1 1 0"
      ;;
    33)
      test-tcas  "208 1 909 241 460 8793 3 890 230 0 0 1"
      ;;
    34)
      test-tcas  "106 0 781 829 429 3494 2 510 294 1 0 0"
      ;;
    35)
      test-tcas  "789 1 219 266 714 4153 1 1 858 1 1 1"
      ;;
    36)
      test-tcas  "203 1 721 340 340 1039 2 722 750 0 0 0"
      ;;
    37)
      test-tcas  "537 0 169 435 681 9568 1 678 845 0 0 0"
      ;;
    38)
      test-tcas  "323 1 982 419 741 4484 0 970 736 0 0 1"
      ;;
    39)
      test-tcas  "950 1 522 961 305 1945 0 327 739 1 0 0"
      ;;
    40)
      test-tcas  "273 1 811 907 520 7556 3 89 537 1 1 0"
      ;;
    41)
      test-tcas  "217 0 29 861 252 3690 2 808 75 1 0 1"
      ;;
    42)
      test-tcas  "80 1 668 465 860 8214 1 290 144 0 1 0"
      ;;
    43)
      test-tcas  "641 1 775 107 992 8926 0 375 593 0 0 1"
      ;;
    44)
      test-tcas  "163 1 351 806 511 3646 1 76 141 1 0 1"
      ;;
    45)
      test-tcas  "985 0 688 924 789 4966 0 889 413 0 0 1"
      ;;
esac
