#!/bin/bash
set -euo pipefail
SCRIPT_DIR=$(cd "$(dirname "${BASH_SOURCE[0]}")" && pwd)
test-tcas () {
    diff -q <(${ANGELIX_RUN:-eval} ./tcas $1) <($SCRIPT_DIR/../golden/tcas $1) > /dev/null
}

case "$1" in
    1)
      test-tcas  "722 1 248 20 197 2357 0 647 418 0 0 0"
      ;;
    2)
      test-tcas  "423 1 686 520 892 5260 0 628 220 0 1 1"
      ;;
    3)
      test-tcas  "441 1 473 791 136 4246 0 950 637 0 0 0"
      ;;
    4)
      test-tcas  "10 1 635 743 545 1236 0 151 736 1 0 1"
      ;;
    5)
      test-tcas  "22 1 931 956 885 9041 1 293 237 1 1 0"
      ;;
    6)
      test-tcas  "454 1 239 69 770 7631 3 557 241 1 1 1"
      ;;
    7)
      test-tcas  "945 1 952 265 589 7802 0 224 249 1 0 0"
      ;;
    8)
      test-tcas  "522 1 190 260 990 9210 3 63 515 0 0 0"
      ;;
    9)
      test-tcas  "557 0 637 750 402 2462 2 378 913 0 0 1"
      ;;
    10)
      test-tcas  "177 0 309 57 209 6006 0 652 699 1 1 0"
      ;;
    11)
      test-tcas  "638 1 764 951 543 8152 3 634 913 0 0 0"
      ;;
    12)
      test-tcas  "508 0 972 136 995 2496 0 76 539 1 1 1"
      ;;
    13)
      test-tcas  "952 0 413 765 57 1454 1 969 80 1 1 1"
      ;;
    14)
      test-tcas  "957 1 902 569 657 7464 1 110 784 0 1 1"
      ;;
    15)
      test-tcas  "971 0 168 759 826 4704 2 209 485 1 0 1"
      ;;
    16)
      test-tcas  "141 0 310 748 286 5901 2 407 767 0 1 1"
      ;;
    17)
      test-tcas  "185 0 4 10 616 8969 3 121 93 1 0 0"
      ;;
    18)
      test-tcas  "814 0 604 973 571 6829 3 507 480 0 0 1"
      ;;
    19)
      test-tcas  "662 1 196 797 209 797 1 547 390 0 1 1"
      ;;
    20)
      test-tcas  "756 1 162 146 569 3396 2 836 674 1 0 1"
      ;;
    21)
      test-tcas  "780 0 880 725 914 384 0 539 652 1 1 0"
      ;;
    22)
      test-tcas  "644 0 890 278 838 4128 0 768 779 1 1 0"
      ;;
    23)
      test-tcas  "300 1 107 101 988 1247 2 677 780 1 0 0"
      ;;
    24)
      test-tcas  "174 0 549 748 607 6688 3 69 691 0 0 1"
      ;;
    25)
      test-tcas  "192 1 497 629 780 4040 1 32 861 1 0 0"
      ;;
    26)
      test-tcas  "14 0 73 527 892 8025 1 301 714 0 0 1"
      ;;
    27)
      test-tcas  "889 1 850 769 626 9622 0 469 878 0 1 1"
      ;;
    28)
      test-tcas  "338 1 377 804 742 7267 3 12 206 0 1 1"
      ;;
    29)
      test-tcas  "883 0 322 314 785 8997 3 240 236 1 0 0"
      ;;
    30)
      test-tcas  "22 0 367 722 17 236 2 783 711 0 0 0"
      ;;
    31)
      test-tcas  "831 1 20 11 977 241 3 69 17 0 1 0"
      ;;
    32)
      test-tcas  "767 0 136 163 368 6938 3 454 635 1 1 1"
      ;;
    33)
      test-tcas  "590 0 114 318 295 5032 0 164 146 1 0 1"
      ;;
    34)
      test-tcas  "715 1 593 793 351 5917 0 113 748 1 0 0"
      ;;
    35)
      test-tcas  "850 0 833 598 555 9905 1 879 865 0 1 0"
      ;;
    36)
      test-tcas  "328 0 975 810 827 1816 1 659 55 0 1 1"
      ;;
    37)
      test-tcas  "283 0 948 344 352 9847 0 959 204 1 1 0"
      ;;
    38)
      test-tcas  "590 1 5 91 71 5030 1 23 840 0 0 1"
      ;;
    39)
      test-tcas  "365 1 588 238 391 4346 3 565 350 1 1 0"
      ;;
    40)
      test-tcas  "821 1 655 698 265 4810 0 369 909 0 0 0"
      ;;
    41)
      test-tcas  "317 0 506 145 865 8515 1 537 93 0 0 1"
      ;;
    42)
      test-tcas  "642 0 748 925 277 9686 2 846 339 0 1 1"
      ;;
    43)
      test-tcas  "793 1 146 343 938 4408 0 599 766 0 0 0"
      ;;
    44)
      test-tcas  "886 0 889 358 917 1578 3 719 273 0 1 0"
      ;;
    45)
      test-tcas  "274 1 111 570 617 144 1 433 336 1 0 1"
      ;;
esac
