#!/bin/bash
set -euo pipefail
SCRIPT_DIR=$(cd "$(dirname "${BASH_SOURCE[0]}")" && pwd)
test-tcas () {
    diff -q <(${ANGELIX_RUN:-eval} ./tcas $1) <($SCRIPT_DIR/../golden/tcas $1) > /dev/null
}

case "$1" in
    1)
      test-tcas  "774 1 289 989 731 4434 0 595 185 0 1 1"
      ;;
    2)
      test-tcas  "825 1 346 644 84 4827 0 767 88 1 1 0"
      ;;
    3)
      test-tcas  "822 0 398 515 751 8111 3 991 750 0 0 0"
      ;;
    4)
      test-tcas  "133 0 82 437 771 2877 0 367 765 0 0 0"
      ;;
    5)
      test-tcas  "938 0 315 568 407 1061 1 313 879 0 1 1"
      ;;
    6)
      test-tcas  "886 0 962 434 83 2746 1 304 908 0 1 1"
      ;;
    7)
      test-tcas  "339 1 108 132 252 302 1 664 854 1 1 0"
      ;;
    8)
      test-tcas  "13 0 103 978 843 235 2 826 795 0 0 1"
      ;;
    9)
      test-tcas  "622 0 828 238 26 9147 2 862 490 0 1 0"
      ;;
    10)
      test-tcas  "790 1 340 138 935 4239 2 664 853 1 0 1"
      ;;
    11)
      test-tcas  "949 0 992 928 781 8691 1 767 493 1 0 1"
      ;;
    12)
      test-tcas  "312 0 535 466 379 8135 3 555 398 1 1 1"
      ;;
    13)
      test-tcas  "133 1 336 602 567 6243 3 380 596 1 0 0"
      ;;
    14)
      test-tcas  "533 1 925 501 312 5196 0 86 190 0 1 0"
      ;;
    15)
      test-tcas  "997 1 428 33 418 481 1 380 595 0 1 1"
      ;;
    16)
      test-tcas  "357 0 192 437 743 9079 3 657 59 0 0 0"
      ;;
    17)
      test-tcas  "648 0 940 604 670 5667 3 24 687 0 1 1"
      ;;
    18)
      test-tcas  "569 1 225 624 240 2954 2 605 106 1 1 1"
      ;;
    19)
      test-tcas  "564 1 689 549 865 9696 2 567 734 1 1 0"
      ;;
    20)
      test-tcas  "598 1 748 812 928 3310 1 781 252 0 0 0"
      ;;
    21)
      test-tcas  "603 0 728 248 744 3308 3 633 346 1 0 0"
      ;;
    22)
      test-tcas  "386 1 290 319 428 7018 1 125 144 0 0 0"
      ;;
    23)
      test-tcas  "351 0 104 865 109 252 0 197 920 0 0 1"
      ;;
    24)
      test-tcas  "868 1 173 525 636 2676 3 34 670 0 0 1"
      ;;
    25)
      test-tcas  "427 1 75 878 549 717 3 90 17 1 0 1"
      ;;
    26)
      test-tcas  "823 0 481 384 463 9820 1 558 611 0 0 1"
      ;;
    27)
      test-tcas  "641 1 878 285 302 2821 1 213 726 0 1 0"
      ;;
    28)
      test-tcas  "117 0 206 839 944 2031 2 722 178 0 1 1"
      ;;
    29)
      test-tcas  "130 0 363 535 757 9486 2 864 879 0 1 1"
      ;;
    30)
      test-tcas  "592 1 18 339 333 2513 0 527 455 1 0 0"
      ;;
    31)
      test-tcas  "877 1 76 477 366 477 3 840 279 0 1 1"
      ;;
    32)
      test-tcas  "113 1 359 857 78 3178 2 397 0 0 1 0"
      ;;
    33)
      test-tcas  "230 0 603 868 973 1924 0 257 312 1 0 1"
      ;;
    34)
      test-tcas  "537 0 815 85 818 809 0 146 123 0 1 0"
      ;;
    35)
      test-tcas  "326 1 263 233 819 8138 1 227 584 1 0 1"
      ;;
    36)
      test-tcas  "619 1 958 723 777 6346 1 730 609 1 1 0"
      ;;
    37)
      test-tcas  "538 1 465 121 741 3008 0 832 468 0 0 1"
      ;;
    38)
      test-tcas  "106 1 109 22 208 5851 0 351 879 0 0 1"
      ;;
    39)
      test-tcas  "348 1 307 50 324 796 0 46 704 0 0 1"
      ;;
    40)
      test-tcas  "544 0 724 16 757 4213 2 690 863 0 1 1"
      ;;
    41)
      test-tcas  "277 0 233 683 15 8635 3 538 429 1 0 1"
      ;;
    42)
      test-tcas  "550 0 356 93 889 5133 1 313 105 1 0 0"
      ;;
    43)
      test-tcas  "753 0 841 26 465 5529 0 515 284 1 1 1"
      ;;
    44)
      test-tcas  "564 0 378 833 776 3464 0 552 840 0 0 1"
      ;;
    45)
      test-tcas  "63 0 147 702 607 5160 3 23 474 1 0 1"
      ;;
esac
