#!/bin/bash
set -euo pipefail
SCRIPT_DIR=$(cd "$(dirname "${BASH_SOURCE[0]}")" && pwd)
test-tcas () {
    diff -q <(${ANGELIX_RUN:-eval} ./tcas $1) <($SCRIPT_DIR/../golden/tcas $1) > /dev/null
}

case "$1" in
    1)
      test-tcas  "3280 1 1 -880 -9104 -3056 3 3996 1264 0 2 1"
      ;;
    2)
      test-tcas  "2544 1 1 -5007 -2320 -6032 0 6332 752 0 2 1"
      ;;
    3)
      test-tcas  "1200 1 1 -6000 272 -10000 1 6380 1264 0 2 1"
      ;;
    4)
      test-tcas  "5872 1 1 6320 80 6256 2 2302 2368 0 2 1"
      ;;
    5)
      test-tcas  "1136 1 1 4208 80 6257 0 8084 6320 0 2 1"
      ;;
    6)
      test-tcas  "2096 1 1 0 80 3057 3 8028 2288 0 2 1"
      ;;
    7)
      test-tcas  "4336 1 1 1776 80 6321 1 8028 2288 0 2 1"
      ;;
    8)
      test-tcas  "6160 1 1 -912 -7968 6257 2 8028 2288 0 2 1"
      ;;
    9)
      test-tcas  "3280 1 1 -1968 -9104 -1968 3 3996 1264 0 2 1"
      ;;
    10)
      test-tcas  "2544 1 1 -5519 -2320 -5519 0 6332 752 0 2 1"
      ;;
    11)
      test-tcas  "1200 1 1 -8000 272 -8000 1 6380 1264 0 2 1"
      ;;
    12)
      test-tcas  "5872 1 1 6288 80 6288 2 2302 2368 0 2 1"
      ;;
    13)
      test-tcas  "1136 1 1 5232 80 5232 0 8084 6320 0 2 1"
      ;;
    14)
      test-tcas  "2096 1 1 1528 80 1528 3 8028 2288 0 2 1"
      ;;
    15)
      test-tcas  "4336 1 1 4048 80 4048 1 8028 2288 0 2 1"
      ;;
    16)
      test-tcas  "6160 1 1 2672 -7968 2672 2 8028 2288 0 2 1"
      ;;
    17)
      test-tcas  "6256 1 1 -6128 240 2288 3 6320 2288 0 2 0"
      ;;
    18)
      test-tcas  "6256 1 1 -1920 240 -1920 3 6320 2288 0 2 0"
      ;;
    19)
      test-tcas  "3184 1 1 -9200 336 1904 0 6324 2288 0 2 1"
      ;;
    20)
      test-tcas  "3184 1 1 -3648 336 -3648 0 6324 2288 0 2 1"
      ;;
    21)
      test-tcas  "6384 1 1 -8176 16 4336 1 6320 2288 0 2 0"
      ;;
    22)
      test-tcas  "6384 1 1 -1920 16 -1920 1 6320 2288 0 2 0"
      ;;
    23)
      test-tcas  "720 1 1 -9200 80 2288 2 6320 2288 0 2 0"
      ;;
    24)
      test-tcas  "720 1 1 -3456 80 -3456 2 6320 2288 0 2 0"
      ;;
    25)
      test-tcas  "3280 1 1 6256 112 6256 0 7280 1232 0 2 1"
      ;;
    26)
      test-tcas  "1808 1 1 6353 368 -10000 0 6036 2288 0 2 1"
      ;;
    27)
      test-tcas  "1696 1 1 6256 1696 6256 0 7280 1232 0 2 1"
      ;;
    28)
      test-tcas  "1808 1 1 -1823 368 -1823 0 6036 2288 0 2 1"
      ;;
    29)
      test-tcas  "2704 1 1 -8323 80 -8323 3 9968 6384 0 2 1"
      ;;
    30)
      test-tcas  "3184 1 1 -303 240 -912 3 2292 2288 0 2 1"
      ;;
    31)
      test-tcas  "1392 1 1 -8323 1392 -8323 3 9968 6384 0 2 1"
      ;;
    32)
      test-tcas  "3184 1 1 -607 240 -607 3 2292 2288 0 2 1"
      ;;
    33)
      test-tcas  "2640 1 1 2736 272 2736 1 2290 2288 0 2 0"
      ;;
    34)
      test-tcas  "2272 1 1 10000 -6416 5904 1 2292 2288 0 2 1"
      ;;
    35)
      test-tcas  "1456 1 1 2736 1456 2736 1 2290 2288 0 2 0"
      ;;
    36)
      test-tcas  "2272 1 1 7952 -6416 7952 1 2292 2288 0 2 1"
      ;;
    37)
      test-tcas  "3312 1 1 7172 -7408 7172 2 7632 6256 0 2 0"
      ;;
    38)
      test-tcas  "6256 1 1 -783 240 -912 2 2292 2288 0 2 1"
      ;;
    39)
      test-tcas  "-2048 1 1 7172 -2048 7172 2 7632 6256 0 2 0"
      ;;
    40)
      test-tcas  "6256 1 1 -847 240 -847 2 2292 2288 0 2 1"
      ;;
esac
