#!/bin/bash
set -euo pipefail
SCRIPT_DIR=$(cd "$(dirname "${BASH_SOURCE[0]}")" && pwd)
test-tcas () {
    diff -q <(${ANGELIX_RUN:-eval} ./tcas $1) <($SCRIPT_DIR/../golden/tcas $1) > /dev/null
}

case "$1" in
    1)
      test-tcas  "908 0 5 924 807 5328 1 684 990 0 0 0"
      ;;
    2)
      test-tcas  "779 1 132 768 394 3707 0 764 149 0 0 0"
      ;;
    3)
      test-tcas  "812 1 636 489 94 8708 3 978 219 1 1 0"
      ;;
    4)
      test-tcas  "612 0 86 582 22 278 3 61 789 1 1 1"
      ;;
    5)
      test-tcas  "580 0 398 474 600 2183 2 361 226 1 1 1"
      ;;
    6)
      test-tcas  "4 0 691 915 193 7661 2 768 362 1 1 0"
      ;;
    7)
      test-tcas  "86 0 815 772 436 735 1 695 796 0 0 1"
      ;;
    8)
      test-tcas  "507 1 929 130 1 7659 0 250 353 0 1 1"
      ;;
    9)
      test-tcas  "644 1 460 180 139 7557 2 244 38 1 1 1"
      ;;
    10)
      test-tcas  "466 1 676 793 490 8103 0 983 102 1 0 1"
      ;;
    11)
      test-tcas  "590 0 960 688 175 999 2 702 557 0 0 1"
      ;;
    12)
      test-tcas  "834 1 744 935 285 3200 3 253 663 1 0 0"
      ;;
    13)
      test-tcas  "995 0 848 987 343 3141 1 30 619 0 1 1"
      ;;
    14)
      test-tcas  "366 1 744 716 329 6724 1 251 787 0 0 1"
      ;;
    15)
      test-tcas  "841 1 46 829 304 5571 2 588 395 1 0 1"
      ;;
    16)
      test-tcas  "177 1 191 706 563 9894 1 670 766 0 0 1"
      ;;
    17)
      test-tcas  "260 1 9 110 685 447 2 299 623 1 1 1"
      ;;
    18)
      test-tcas  "872 1 501 285 638 8277 1 198 68 1 1 1"
      ;;
    19)
      test-tcas  "672 1 790 785 489 7444 2 864 288 0 1 1"
      ;;
    20)
      test-tcas  "708 0 772 928 8 4545 0 507 12 1 1 0"
      ;;
    21)
      test-tcas  "901 1 584 2 761 9661 1 251 148 1 0 0"
      ;;
    22)
      test-tcas  "511 1 516 341 981 6427 0 622 923 1 1 0"
      ;;
    23)
      test-tcas  "633 0 495 66 737 4072 2 971 204 0 1 0"
      ;;
    24)
      test-tcas  "308 1 733 716 575 1692 1 786 498 1 0 0"
      ;;
    25)
      test-tcas  "776 0 576 105 934 4623 2 876 444 0 0 1"
      ;;
    26)
      test-tcas  "889 0 981 598 273 4491 1 191 334 1 0 1"
      ;;
    27)
      test-tcas  "590 0 416 570 894 8539 1 479 469 0 0 0"
      ;;
    28)
      test-tcas  "769 1 355 97 4 9910 1 203 846 1 0 1"
      ;;
    29)
      test-tcas  "657 1 789 917 560 8946 0 44 816 1 1 0"
      ;;
    30)
      test-tcas  "250 0 512 457 952 6050 2 938 34 0 0 1"
      ;;
    31)
      test-tcas  "37 1 154 117 477 9375 0 944 90 0 1 0"
      ;;
    32)
      test-tcas  "575 1 149 219 32 5489 1 332 809 1 0 1"
      ;;
    33)
      test-tcas  "205 1 35 851 303 8260 2 22 236 0 1 1"
      ;;
    34)
      test-tcas  "356 0 601 482 106 449 1 53 852 1 1 1"
      ;;
    35)
      test-tcas  "606 0 551 515 337 3986 1 961 533 1 1 1"
      ;;
    36)
      test-tcas  "768 0 432 989 312 8506 1 888 215 1 0 0"
      ;;
    37)
      test-tcas  "904 0 619 401 22 3597 0 915 168 1 0 1"
      ;;
    38)
      test-tcas  "209 0 206 67 55 8186 2 482 130 0 0 0"
      ;;
    39)
      test-tcas  "296 1 627 688 654 734 0 874 460 1 1 0"
      ;;
    40)
      test-tcas  "393 1 807 629 538 6272 3 533 740 1 1 0"
      ;;
    41)
      test-tcas  "447 0 580 100 747 902 2 539 93 1 1 1"
      ;;
    42)
      test-tcas  "100 0 990 767 894 1170 1 827 723 0 0 1"
      ;;
    43)
      test-tcas  "904 0 16 357 769 4638 0 676 926 1 0 1"
      ;;
    44)
      test-tcas  "28 0 37 662 278 9161 1 735 10 1 0 1"
      ;;
    45)
      test-tcas  "83 0 210 793 235 1681 2 214 244 0 1 0"
      ;;
    46)
      test-tcas  "491 0 701 812 493 2876 2 36 83 0 1 0"
      ;;
    47)
      test-tcas  "154 1 439 761 337 1714 2 576 524 1 1 1"
      ;;
    48)
      test-tcas  "895 1 808 828 11 3833 3 185 540 0 0 1"
      ;;
    49)
      test-tcas  "423 1 347 694 610 9780 3 983 51 0 0 1"
      ;;
    50)
      test-tcas  "232 0 200 291 450 3373 3 411 925 1 0 1"
      ;;
    51)
      test-tcas  "50 1 681 940 324 6945 1 745 998 0 0 0"
      ;;
    52)
      test-tcas  "51 1 894 417 878 8825 3 251 4 1 0 0"
      ;;
    53)
      test-tcas  "196 1 923 754 581 9298 1 760 783 0 1 0"
      ;;
    54)
      test-tcas  "605 1 631 521 505 4240 3 400 978 0 1 1"
      ;;
    55)
      test-tcas  "924 0 599 58 327 883 3 741 807 0 1 0"
      ;;
    56)
      test-tcas  "166 0 207 536 631 7532 1 995 333 0 0 0"
      ;;
    57)
      test-tcas  "470 1 295 833 743 8631 3 901 912 1 1 1"
      ;;
    58)
      test-tcas  "700 0 237 78 910 8359 0 703 305 0 0 0"
      ;;
    59)
      test-tcas  "693 1 646 290 733 9891 2 101 145 1 1 0"
      ;;
    60)
      test-tcas  "377 1 256 797 298 3576 0 237 152 1 1 0"
      ;;
    61)
      test-tcas  "823 1 841 159 466 5650 1 702 670 0 1 1"
      ;;
    62)
      test-tcas  "630 0 318 19 254 9603 2 169 726 1 0 1"
      ;;
    63)
      test-tcas  "824 0 411 747 204 5007 3 618 920 0 1 1"
      ;;
    64)
      test-tcas  "728 0 482 928 46 3545 0 165 40 0 0 1"
      ;;
    65)
      test-tcas  "977 0 324 604 856 9014 1 322 322 1 0 0"
      ;;
    66)
      test-tcas  "73 0 840 767 247 7389 1 0 803 1 0 1"
      ;;
    67)
      test-tcas  "512 0 682 958 998 4447 2 789 193 0 1 1"
      ;;
    68)
      test-tcas  "693 0 3 822 760 2127 1 1 133 1 0 1"
      ;;
    69)
      test-tcas  "386 1 525 247 306 610 1 634 642 0 0 0"
      ;;
    70)
      test-tcas  "643 1 177 180 964 1131 0 753 921 1 1 1"
      ;;
    71)
      test-tcas  "550 0 532 405 622 4742 1 938 568 1 1 0"
      ;;
    72)
      test-tcas  "275 1 247 496 822 4622 0 221 549 0 1 1"
      ;;
esac
