#!/bin/bash
set -euo pipefail
SCRIPT_DIR=$(cd "$(dirname "${BASH_SOURCE[0]}")" && pwd)
test-tcas () {
    diff -q <(${ANGELIX_RUN:-eval} ./tcas $1) <($SCRIPT_DIR/../golden/tcas $1) > /dev/null
}

case "$1" in
    1)
      test-tcas  "707 1 325 727 91 7207 3 872 306 1 1 1"
      ;;
    2)
      test-tcas  "322 0 800 715 575 4258 0 71 539 1 1 1"
      ;;
    3)
      test-tcas  "614 1 522 319 864 2153 2 6 394 0 1 0"
      ;;
    4)
      test-tcas  "62 1 545 959 769 5528 3 708 793 1 0 1"
      ;;
    5)
      test-tcas  "515 0 539 490 387 4668 3 908 215 0 1 1"
      ;;
    6)
      test-tcas  "619 0 785 774 91 3026 2 378 169 0 0 0"
      ;;
    7)
      test-tcas  "94 1 93 513 751 9545 2 867 854 0 1 0"
      ;;
    8)
      test-tcas  "80 1 476 896 302 9329 3 45 178 1 1 0"
      ;;
    9)
      test-tcas  "68 1 888 641 692 2510 2 333 965 0 1 0"
      ;;
    10)
      test-tcas  "192 0 298 277 157 4646 3 172 669 1 0 1"
      ;;
    11)
      test-tcas  "840 0 778 41 663 2663 2 174 507 1 0 1"
      ;;
    12)
      test-tcas  "754 0 188 413 148 8204 2 726 363 1 1 0"
      ;;
    13)
      test-tcas  "948 1 366 291 58 5312 0 921 329 0 1 1"
      ;;
    14)
      test-tcas  "848 1 595 927 409 1588 2 291 147 1 1 1"
      ;;
    15)
      test-tcas  "218 0 386 112 382 1423 3 534 247 0 0 0"
      ;;
    16)
      test-tcas  "439 0 386 692 159 6474 3 453 418 0 1 1"
      ;;
    17)
      test-tcas  "757 1 455 281 390 2385 2 521 530 1 1 0"
      ;;
    18)
      test-tcas  "125 0 651 77 354 1729 2 905 989 1 1 1"
      ;;
    19)
      test-tcas  "205 1 35 906 472 1307 2 448 930 0 1 1"
      ;;
    20)
      test-tcas  "52 0 847 104 440 7335 0 947 354 0 1 0"
      ;;
    21)
      test-tcas  "889 0 697 485 811 4559 0 165 678 0 1 1"
      ;;
    22)
      test-tcas  "278 1 14 586 359 5101 0 319 316 1 1 1"
      ;;
    23)
      test-tcas  "786 1 20 448 94 9767 3 289 75 0 1 0"
      ;;
    24)
      test-tcas  "124 0 11 556 220 8617 1 551 278 0 0 1"
      ;;
    25)
      test-tcas  "442 1 726 108 800 8969 3 780 605 0 0 0"
      ;;
    26)
      test-tcas  "267 1 3 534 273 7414 2 262 710 1 0 1"
      ;;
    27)
      test-tcas  "255 0 880 204 343 8152 0 633 703 0 1 0"
      ;;
    28)
      test-tcas  "622 0 649 451 108 2800 2 87 570 0 1 1"
      ;;
    29)
      test-tcas  "774 1 252 471 602 6865 2 26 590 1 0 1"
      ;;
    30)
      test-tcas  "279 0 724 295 204 5317 1 175 717 1 1 0"
      ;;
    31)
      test-tcas  "907 0 179 924 605 4138 3 462 827 0 1 0"
      ;;
    32)
      test-tcas  "30 0 114 758 259 6290 3 437 578 0 0 0"
      ;;
    33)
      test-tcas  "207 0 510 782 406 9407 2 730 484 1 0 0"
      ;;
    34)
      test-tcas  "258 0 430 485 933 8432 2 972 611 0 1 1"
      ;;
    35)
      test-tcas  "623 1 489 223 428 9658 3 725 84 1 1 0"
      ;;
    36)
      test-tcas  "214 0 675 697 918 2951 3 370 331 1 0 0"
      ;;
    37)
      test-tcas  "376 1 652 399 791 6494 3 452 723 0 1 0"
      ;;
    38)
      test-tcas  "965 0 706 265 477 3139 3 801 932 1 0 1"
      ;;
    39)
      test-tcas  "857 0 82 396 420 9354 0 764 10 1 1 1"
      ;;
    40)
      test-tcas  "540 1 433 542 870 6892 0 107 777 0 0 0"
      ;;
    41)
      test-tcas  "713 1 614 77 942 3577 2 647 742 0 1 0"
      ;;
    42)
      test-tcas  "46 0 987 506 296 3120 3 290 292 0 1 1"
      ;;
    43)
      test-tcas  "503 1 829 978 662 4526 3 103 460 1 1 0"
      ;;
    44)
      test-tcas  "780 0 316 30 282 9520 2 122 33 0 1 1"
      ;;
    45)
      test-tcas  "591 0 925 708 139 1494 3 954 281 1 0 1"
      ;;
    46)
      test-tcas  "631 0 912 326 641 1661 2 777 954 0 1 0"
      ;;
    47)
      test-tcas  "174 1 807 530 142 7589 3 104 676 1 1 1"
      ;;
    48)
      test-tcas  "272 1 662 889 434 5845 3 684 161 0 1 1"
      ;;
    49)
      test-tcas  "598 0 983 45 11 4312 2 93 81 1 0 0"
      ;;
    50)
      test-tcas  "945 0 3 480 551 712 2 36 673 1 0 1"
      ;;
    51)
      test-tcas  "362 1 110 182 705 2048 1 978 496 0 1 1"
      ;;
    52)
      test-tcas  "854 1 878 974 852 5039 0 631 961 1 1 0"
      ;;
    53)
      test-tcas  "466 1 278 916 60 169 1 870 484 0 1 1"
      ;;
    54)
      test-tcas  "441 1 184 119 991 1703 0 984 314 1 0 1"
      ;;
    55)
      test-tcas  "0 0 370 396 31 2967 3 666 208 1 1 0"
      ;;
    56)
      test-tcas  "77 1 687 522 334 263 2 891 280 0 1 1"
      ;;
    57)
      test-tcas  "136 1 87 427 959 130 1 804 419 0 1 0"
      ;;
    58)
      test-tcas  "951 0 625 414 638 3124 0 882 737 1 0 1"
      ;;
    59)
      test-tcas  "914 0 485 477 123 2959 1 82 547 1 1 1"
      ;;
    60)
      test-tcas  "170 0 449 15 364 2744 3 238 349 1 1 1"
      ;;
    61)
      test-tcas  "478 1 108 653 115 54 3 863 286 1 1 1"
      ;;
    62)
      test-tcas  "360 1 425 538 809 9850 0 520 451 0 1 1"
      ;;
    63)
      test-tcas  "673 1 52 322 819 8670 1 218 343 1 1 1"
      ;;
    64)
      test-tcas  "291 1 70 161 429 5111 0 779 631 0 0 0"
      ;;
    65)
      test-tcas  "141 1 565 317 4 455 0 814 236 1 0 0"
      ;;
    66)
      test-tcas  "298 1 618 514 33 9241 3 891 538 0 1 0"
      ;;
    67)
      test-tcas  "332 0 6 904 827 2784 2 614 306 1 1 0"
      ;;
    68)
      test-tcas  "538 0 996 485 727 8992 0 694 694 0 0 1"
      ;;
    69)
      test-tcas  "65 1 265 956 770 9391 1 686 341 0 1 0"
      ;;
    70)
      test-tcas  "347 1 22 426 772 8986 0 860 343 1 1 0"
      ;;
    71)
      test-tcas  "569 0 974 996 771 6528 0 689 460 0 0 0"
      ;;
    72)
      test-tcas  "232 1 780 34 766 1865 0 699 600 1 0 0"
      ;;
esac
