#!/bin/bash
set -euo pipefail
SCRIPT_DIR=$(cd "$(dirname "${BASH_SOURCE[0]}")" && pwd)
test-tcas () {
    diff -q <(${ANGELIX_RUN:-eval} ./tcas $1) <($SCRIPT_DIR/../golden/tcas $1) > /dev/null
}

case "$1" in
    1)
      test-tcas  "554 1 424 413 790 4396 0 285 867 1 1 1"
      ;;
    2)
      test-tcas  "508 0 151 456 420 3257 0 213 736 0 1 0"
      ;;
    3)
      test-tcas  "947 1 456 314 676 214 3 242 880 1 0 0"
      ;;
    4)
      test-tcas  "6 1 660 397 377 2345 1 452 638 1 1 0"
      ;;
    5)
      test-tcas  "388 0 92 905 210 8250 0 111 226 1 1 0"
      ;;
    6)
      test-tcas  "908 1 126 510 358 8498 3 366 472 1 0 1"
      ;;
    7)
      test-tcas  "395 0 69 512 481 702 0 681 507 1 1 1"
      ;;
    8)
      test-tcas  "262 0 243 259 730 4701 0 362 23 0 1 0"
      ;;
    9)
      test-tcas  "885 1 704 777 59 5601 0 141 91 0 0 0"
      ;;
    10)
      test-tcas  "123 0 9 195 91 5640 0 6 318 1 1 1"
      ;;
    11)
      test-tcas  "853 0 237 840 103 9996 1 252 191 0 0 0"
      ;;
    12)
      test-tcas  "258 0 98 750 354 6735 2 138 911 0 0 0"
      ;;
    13)
      test-tcas  "821 0 481 803 972 7135 0 546 776 1 0 1"
      ;;
    14)
      test-tcas  "568 0 78 718 976 9573 2 583 341 1 0 0"
      ;;
    15)
      test-tcas  "984 0 933 849 682 8071 1 285 6 0 1 0"
      ;;
    16)
      test-tcas  "277 1 756 903 785 5421 2 345 537 1 0 0"
      ;;
    17)
      test-tcas  "287 1 720 600 777 619 2 146 146 0 0 1"
      ;;
    18)
      test-tcas  "236 0 144 659 93 989 2 354 287 0 0 0"
      ;;
    19)
      test-tcas  "843 0 31 589 425 1104 1 881 157 1 0 0"
      ;;
    20)
      test-tcas  "898 1 818 315 58 3133 1 155 67 0 1 0"
      ;;
    21)
      test-tcas  "422 0 909 938 842 6812 0 425 413 1 1 1"
      ;;
    22)
      test-tcas  "798 1 681 697 487 1674 3 111 814 0 1 0"
      ;;
    23)
      test-tcas  "945 1 541 606 338 9593 2 177 239 1 1 1"
      ;;
    24)
      test-tcas  "611 0 386 252 527 2013 1 13 474 1 1 0"
      ;;
    25)
      test-tcas  "181 0 447 804 578 3535 3 441 228 0 1 0"
      ;;
    26)
      test-tcas  "111 1 933 473 951 1718 1 161 384 1 0 1"
      ;;
    27)
      test-tcas  "111 1 184 443 879 2135 2 257 528 1 0 1"
      ;;
    28)
      test-tcas  "600 0 212 641 978 7769 2 308 824 0 0 0"
      ;;
    29)
      test-tcas  "637 0 464 712 608 2911 3 100 551 1 0 1"
      ;;
    30)
      test-tcas  "645 1 484 79 837 3637 0 56 312 0 1 0"
      ;;
    31)
      test-tcas  "603 0 825 145 16 9870 0 178 807 0 0 1"
      ;;
    32)
      test-tcas  "179 1 77 432 519 7874 3 547 463 1 0 0"
      ;;
    33)
      test-tcas  "320 1 230 781 85 6768 1 314 805 0 1 1"
      ;;
    34)
      test-tcas  "310 1 807 674 409 8406 1 587 484 1 1 0"
      ;;
    35)
      test-tcas  "40 1 244 271 191 6592 3 634 227 1 1 0"
      ;;
    36)
      test-tcas  "392 1 879 845 766 9185 1 527 634 0 1 0"
      ;;
    37)
      test-tcas  "90 1 666 50 687 5196 0 545 819 0 0 1"
      ;;
    38)
      test-tcas  "200 1 285 733 227 8413 2 522 225 1 1 1"
      ;;
    39)
      test-tcas  "602 0 760 904 703 9516 2 744 703 0 0 0"
      ;;
    40)
      test-tcas  "272 0 961 992 805 9977 2 24 980 1 1 1"
      ;;
    41)
      test-tcas  "47 1 461 565 756 3289 0 214 56 0 1 1"
      ;;
    42)
      test-tcas  "744 1 206 420 66 2321 0 603 832 0 1 0"
      ;;
    43)
      test-tcas  "20 0 206 171 991 5722 0 471 351 0 0 1"
      ;;
    44)
      test-tcas  "259 0 146 380 442 1387 2 472 477 1 1 0"
      ;;
    45)
      test-tcas  "973 0 269 703 108 1026 0 503 624 0 1 0"
      ;;
    46)
      test-tcas  "766 0 224 594 874 6847 0 295 269 1 0 1"
      ;;
    47)
      test-tcas  "848 0 739 760 338 9249 1 171 448 1 0 1"
      ;;
    48)
      test-tcas  "283 0 7 793 240 3275 0 157 266 0 0 0"
      ;;
    49)
      test-tcas  "810 1 521 261 997 1338 2 23 575 0 1 0"
      ;;
    50)
      test-tcas  "960 1 801 944 260 455 1 788 517 1 0 1"
      ;;
    51)
      test-tcas  "523 1 12 951 478 3863 0 766 441 0 0 0"
      ;;
    52)
      test-tcas  "999 1 850 52 838 9499 1 404 900 1 0 1"
      ;;
    53)
      test-tcas  "678 0 322 796 740 1324 3 874 984 0 0 1"
      ;;
    54)
      test-tcas  "271 1 117 748 22 3959 2 758 91 1 1 1"
      ;;
    55)
      test-tcas  "710 0 186 639 613 6484 2 54 478 1 1 0"
      ;;
    56)
      test-tcas  "690 1 925 155 58 7603 3 279 497 0 1 0"
      ;;
    57)
      test-tcas  "919 1 954 715 508 1640 1 571 319 0 0 0"
      ;;
    58)
      test-tcas  "686 1 953 765 206 3048 3 376 207 0 1 0"
      ;;
    59)
      test-tcas  "428 0 291 872 344 6280 2 637 986 1 1 0"
      ;;
    60)
      test-tcas  "326 0 360 293 296 7920 1 289 309 1 0 0"
      ;;
    61)
      test-tcas  "686 1 474 627 769 9045 3 362 595 0 1 0"
      ;;
    62)
      test-tcas  "938 1 47 756 203 7719 2 74 123 0 0 1"
      ;;
    63)
      test-tcas  "468 1 433 383 8 4424 0 990 777 1 0 0"
      ;;
    64)
      test-tcas  "283 1 314 248 699 7086 3 584 197 1 0 1"
      ;;
    65)
      test-tcas  "560 1 906 440 896 7120 0 410 806 1 0 0"
      ;;
    66)
      test-tcas  "619 1 427 136 380 3623 2 561 125 1 1 1"
      ;;
    67)
      test-tcas  "591 0 355 634 932 9512 0 150 188 0 1 0"
      ;;
    68)
      test-tcas  "224 1 857 672 621 975 1 169 515 0 1 1"
      ;;
    69)
      test-tcas  "703 1 535 720 433 141 3 368 155 0 0 1"
      ;;
    70)
      test-tcas  "201 1 205 244 746 331 1 603 686 0 0 0"
      ;;
    71)
      test-tcas  "12 1 836 858 88 3652 0 537 765 0 0 1"
      ;;
    72)
      test-tcas  "641 0 67 738 878 2040 3 612 909 0 0 0"
      ;;
esac
