#!/bin/bash
set -euo pipefail
SCRIPT_DIR=$(cd "$(dirname "${BASH_SOURCE[0]}")" && pwd)
test-tcas () {
    diff -q <(${ANGELIX_RUN:-eval} ./tcas $1) <($SCRIPT_DIR/../golden/tcas $1) > /dev/null
}

case "$1" in
    1)
      test-tcas  "984 0 840 856 514 8529 3 812 426 0 1 1"
      ;;
    2)
      test-tcas  "342 0 709 865 282 4858 2 332 579 1 1 1"
      ;;
    3)
      test-tcas  "326 0 839 209 945 1380 1 643 680 0 1 0"
      ;;
    4)
      test-tcas  "741 1 735 491 390 4500 2 824 446 0 1 0"
      ;;
    5)
      test-tcas  "594 0 542 578 401 5473 0 363 94 1 1 0"
      ;;
    6)
      test-tcas  "55 1 933 435 434 4780 3 941 457 1 1 0"
      ;;
    7)
      test-tcas  "813 1 250 278 974 8265 3 395 403 1 1 1"
      ;;
    8)
      test-tcas  "424 0 571 198 912 9523 0 868 95 1 1 0"
      ;;
    9)
      test-tcas  "483 0 864 409 348 9323 1 627 244 1 1 0"
      ;;
    10)
      test-tcas  "762 0 326 590 98 6335 0 677 31 1 1 0"
      ;;
    11)
      test-tcas  "594 1 456 257 73 4117 2 230 945 1 1 1"
      ;;
    12)
      test-tcas  "45 1 257 808 536 7159 1 172 240 0 1 1"
      ;;
    13)
      test-tcas  "505 1 342 820 55 3842 1 19 217 1 1 0"
      ;;
    14)
      test-tcas  "498 1 559 321 732 6412 1 404 939 0 1 1"
      ;;
    15)
      test-tcas  "574 0 996 123 61 7472 3 905 413 1 1 1"
      ;;
    16)
      test-tcas  "213 0 45 870 466 9136 2 16 636 0 0 0"
      ;;
    17)
      test-tcas  "710 1 398 292 251 4756 2 258 243 0 0 1"
      ;;
    18)
      test-tcas  "981 1 566 139 369 4145 0 881 807 1 0 1"
      ;;
    19)
      test-tcas  "234 1 660 531 16 1377 3 223 113 0 1 1"
      ;;
    20)
      test-tcas  "346 1 856 911 659 9616 3 682 989 0 1 0"
      ;;
    21)
      test-tcas  "708 1 4 466 660 9972 0 316 473 1 1 1"
      ;;
    22)
      test-tcas  "183 0 493 768 202 1100 3 407 303 1 1 0"
      ;;
    23)
      test-tcas  "634 1 453 524 687 3236 1 846 843 0 0 0"
      ;;
    24)
      test-tcas  "312 1 957 629 290 4390 2 905 704 1 0 1"
      ;;
    25)
      test-tcas  "174 0 807 283 734 7810 0 975 405 1 1 0"
      ;;
    26)
      test-tcas  "921 1 989 710 798 8233 0 961 459 0 0 1"
      ;;
    27)
      test-tcas  "297 0 756 981 422 174 0 478 328 0 1 0"
      ;;
    28)
      test-tcas  "846 0 726 690 609 4330 0 568 659 0 0 1"
      ;;
    29)
      test-tcas  "999 1 210 612 652 8244 1 506 208 1 1 1"
      ;;
    30)
      test-tcas  "963 1 318 161 472 4591 1 321 764 0 0 0"
      ;;
    31)
      test-tcas  "502 1 198 298 121 4900 0 911 303 1 0 1"
      ;;
    32)
      test-tcas  "230 0 997 650 690 8104 1 131 487 0 0 0"
      ;;
    33)
      test-tcas  "588 0 909 866 93 2140 1 951 435 1 0 1"
      ;;
    34)
      test-tcas  "160 1 811 800 290 2782 3 679 521 0 0 1"
      ;;
    35)
      test-tcas  "461 1 735 815 698 7081 0 422 738 0 1 0"
      ;;
    36)
      test-tcas  "742 0 487 482 578 9144 1 302 893 1 1 0"
      ;;
    37)
      test-tcas  "798 0 387 107 279 3515 1 529 635 0 0 1"
      ;;
    38)
      test-tcas  "94 0 143 936 230 6197 0 243 984 0 1 1"
      ;;
    39)
      test-tcas  "892 1 436 472 577 5227 3 55 707 0 1 0"
      ;;
    40)
      test-tcas  "377 0 803 216 326 1874 0 444 474 1 1 1"
      ;;
    41)
      test-tcas  "26 1 867 140 780 9796 2 645 356 1 1 1"
      ;;
    42)
      test-tcas  "743 0 948 521 977 2994 2 324 754 0 1 1"
      ;;
    43)
      test-tcas  "496 1 477 216 695 4077 2 244 404 0 1 0"
      ;;
    44)
      test-tcas  "342 1 539 202 436 2198 3 218 573 0 0 1"
      ;;
    45)
      test-tcas  "933 0 221 94 601 5087 2 20 48 1 0 0"
      ;;
    46)
      test-tcas  "673 1 265 524 872 1834 3 415 951 0 1 1"
      ;;
    47)
      test-tcas  "812 0 835 631 530 2498 2 313 802 1 1 0"
      ;;
    48)
      test-tcas  "807 1 943 472 180 7238 3 973 640 0 1 0"
      ;;
    49)
      test-tcas  "324 1 332 988 27 1450 3 431 352 0 1 1"
      ;;
    50)
      test-tcas  "242 1 312 172 499 4382 0 755 651 0 1 0"
      ;;
    51)
      test-tcas  "985 1 202 323 649 6894 3 340 454 1 0 1"
      ;;
    52)
      test-tcas  "444 1 675 728 331 9343 3 361 626 0 0 1"
      ;;
    53)
      test-tcas  "664 1 422 794 743 3183 0 566 293 0 1 0"
      ;;
    54)
      test-tcas  "327 0 98 547 417 9560 2 885 97 0 1 1"
      ;;
    55)
      test-tcas  "910 0 594 525 272 5113 2 869 946 1 1 1"
      ;;
    56)
      test-tcas  "218 0 147 435 774 9338 1 702 883 1 1 1"
      ;;
    57)
      test-tcas  "741 1 827 482 722 9120 3 486 859 0 0 1"
      ;;
    58)
      test-tcas  "70 1 360 56 539 4558 3 688 179 1 0 1"
      ;;
    59)
      test-tcas  "289 0 173 456 361 5872 3 9 485 0 0 0"
      ;;
    60)
      test-tcas  "960 1 936 531 526 4051 1 584 93 0 1 0"
      ;;
    61)
      test-tcas  "971 1 737 552 386 7924 3 212 483 0 0 1"
      ;;
    62)
      test-tcas  "144 1 339 258 654 7609 1 420 677 1 1 1"
      ;;
    63)
      test-tcas  "65 1 776 911 724 8687 2 374 140 0 1 0"
      ;;
    64)
      test-tcas  "202 1 794 250 637 3079 1 195 711 0 1 0"
      ;;
    65)
      test-tcas  "858 1 390 557 531 1397 3 914 910 1 0 1"
      ;;
    66)
      test-tcas  "39 0 885 553 596 7514 1 231 784 0 0 0"
      ;;
    67)
      test-tcas  "766 1 647 588 640 9305 0 399 222 1 0 1"
      ;;
    68)
      test-tcas  "787 1 722 556 495 9828 0 905 433 0 1 1"
      ;;
    69)
      test-tcas  "80 0 219 117 524 797 2 220 968 1 1 1"
      ;;
    70)
      test-tcas  "865 1 391 240 552 4931 0 670 389 0 0 1"
      ;;
    71)
      test-tcas  "231 1 883 661 503 5654 3 516 311 0 0 1"
      ;;
    72)
      test-tcas  "744 1 644 694 23 1795 2 573 178 1 0 1"
      ;;
esac
