#!/bin/bash
set -euo pipefail
SCRIPT_DIR=$(cd "$(dirname "${BASH_SOURCE[0]}")" && pwd)
test-tcas () {
    diff -q <(${ANGELIX_RUN:-eval} ./tcas $1) <($SCRIPT_DIR/../golden/tcas $1) > /dev/null
}

case "$1" in
    1)
      test-tcas  "854 0 182 425 683 4877 0 430 453 0 1 1"
      ;;
    2)
      test-tcas  "352 0 620 268 919 5000 3 906 746 1 1 1"
      ;;
    3)
      test-tcas  "122 1 735 358 471 798 0 121 193 1 0 1"
      ;;
    4)
      test-tcas  "381 1 19 222 950 5976 2 820 894 1 1 0"
      ;;
    5)
      test-tcas  "769 1 648 511 982 7406 3 919 167 1 1 1"
      ;;
    6)
      test-tcas  "727 1 740 552 619 9455 3 589 590 1 0 1"
      ;;
    7)
      test-tcas  "372 0 214 719 780 1355 1 407 287 1 0 0"
      ;;
    8)
      test-tcas  "380 1 491 101 966 3396 0 114 111 0 1 0"
      ;;
    9)
      test-tcas  "695 0 462 98 889 2574 0 603 960 1 1 1"
      ;;
    10)
      test-tcas  "562 0 370 440 568 5437 0 548 478 1 0 1"
      ;;
    11)
      test-tcas  "635 0 384 749 776 5141 0 575 962 0 1 1"
      ;;
    12)
      test-tcas  "537 1 772 66 572 1149 0 115 209 1 0 1"
      ;;
    13)
      test-tcas  "417 0 667 795 925 3699 2 21 544 1 0 1"
      ;;
    14)
      test-tcas  "630 1 487 287 213 948 3 673 150 1 1 1"
      ;;
    15)
      test-tcas  "768 0 88 758 602 4752 2 702 245 1 0 0"
      ;;
    16)
      test-tcas  "786 1 743 401 25 1235 3 540 459 0 1 1"
      ;;
    17)
      test-tcas  "12 0 974 516 628 4678 3 836 141 1 0 1"
      ;;
    18)
      test-tcas  "268 1 246 48 212 7867 3 303 90 1 1 0"
      ;;
    19)
      test-tcas  "330 1 380 333 280 8793 1 825 463 1 0 1"
      ;;
    20)
      test-tcas  "331 1 470 864 902 2529 1 621 371 1 1 0"
      ;;
    21)
      test-tcas  "624 1 883 720 633 8310 2 949 837 1 1 0"
      ;;
    22)
      test-tcas  "964 1 750 786 236 5102 3 270 506 0 0 1"
      ;;
    23)
      test-tcas  "714 1 154 103 953 4518 3 881 577 1 0 1"
      ;;
    24)
      test-tcas  "33 1 924 659 511 7616 2 917 97 1 0 0"
      ;;
    25)
      test-tcas  "829 1 698 570 963 2019 1 157 769 1 0 1"
      ;;
    26)
      test-tcas  "421 0 588 987 857 7863 0 373 27 1 0 0"
      ;;
    27)
      test-tcas  "610 0 424 169 92 5369 2 962 99 0 1 0"
      ;;
    28)
      test-tcas  "5 0 207 968 129 3265 2 320 288 0 1 0"
      ;;
    29)
      test-tcas  "79 0 943 520 25 5946 3 864 643 0 0 1"
      ;;
    30)
      test-tcas  "557 0 638 180 21 8079 2 768 601 0 0 0"
      ;;
    31)
      test-tcas  "304 1 744 725 161 8386 0 359 88 1 1 0"
      ;;
    32)
      test-tcas  "911 1 815 529 579 9528 2 718 909 1 1 0"
      ;;
    33)
      test-tcas  "720 1 661 832 813 8430 2 347 87 1 1 0"
      ;;
    34)
      test-tcas  "981 1 649 351 601 940 2 797 97 1 0 1"
      ;;
    35)
      test-tcas  "304 1 269 342 235 6503 3 918 730 0 0 1"
      ;;
    36)
      test-tcas  "477 0 404 764 634 2481 3 848 510 1 0 0"
      ;;
    37)
      test-tcas  "105 0 120 510 822 3876 0 64 331 0 0 0"
      ;;
    38)
      test-tcas  "409 1 81 661 525 2577 0 730 124 1 1 1"
      ;;
    39)
      test-tcas  "801 0 972 433 75 734 1 187 1 1 1 1"
      ;;
    40)
      test-tcas  "704 0 587 959 755 5592 2 815 455 0 1 1"
      ;;
    41)
      test-tcas  "284 1 405 171 160 7997 3 524 727 0 0 0"
      ;;
    42)
      test-tcas  "552 1 721 965 0 3872 2 941 545 1 1 0"
      ;;
    43)
      test-tcas  "462 0 492 397 164 7227 2 869 909 0 1 1"
      ;;
    44)
      test-tcas  "292 1 244 999 661 4721 1 796 610 1 0 1"
      ;;
    45)
      test-tcas  "767 0 407 330 377 5445 0 196 590 0 0 0"
      ;;
    46)
      test-tcas  "953 1 572 629 304 5403 0 8 207 0 1 0"
      ;;
    47)
      test-tcas  "54 1 139 929 197 4217 2 75 820 0 1 0"
      ;;
    48)
      test-tcas  "769 0 858 147 233 1759 1 409 985 1 1 0"
      ;;
    49)
      test-tcas  "887 1 707 619 495 4822 2 979 884 1 1 1"
      ;;
    50)
      test-tcas  "278 1 503 153 671 8517 3 237 378 0 0 1"
      ;;
    51)
      test-tcas  "401 1 530 18 528 3851 0 877 364 1 1 0"
      ;;
    52)
      test-tcas  "826 0 361 376 243 1891 3 268 831 1 0 0"
      ;;
    53)
      test-tcas  "226 1 855 432 748 6074 3 715 226 0 0 1"
      ;;
    54)
      test-tcas  "576 0 174 89 750 7541 3 114 381 1 0 0"
      ;;
    55)
      test-tcas  "171 1 386 109 78 3898 1 665 428 0 1 1"
      ;;
    56)
      test-tcas  "362 1 9 754 424 9500 2 206 703 1 0 0"
      ;;
    57)
      test-tcas  "641 1 542 488 525 5271 0 260 735 1 0 1"
      ;;
    58)
      test-tcas  "979 0 730 762 153 8127 1 179 949 1 1 0"
      ;;
    59)
      test-tcas  "0 1 957 953 190 4347 2 795 728 0 0 1"
      ;;
    60)
      test-tcas  "735 0 773 379 367 7701 0 681 970 0 1 0"
      ;;
    61)
      test-tcas  "353 1 168 828 28 1767 0 597 205 1 1 1"
      ;;
    62)
      test-tcas  "377 1 764 295 576 6720 1 832 774 0 0 1"
      ;;
    63)
      test-tcas  "441 0 604 619 955 3878 0 53 457 1 0 0"
      ;;
    64)
      test-tcas  "716 1 745 363 748 6503 0 849 287 1 0 1"
      ;;
    65)
      test-tcas  "638 0 305 734 125 2739 1 508 112 1 1 0"
      ;;
    66)
      test-tcas  "538 1 47 431 13 6172 2 559 776 0 0 0"
      ;;
    67)
      test-tcas  "249 0 16 195 483 1228 2 405 529 1 1 1"
      ;;
    68)
      test-tcas  "659 1 73 367 396 4612 2 821 522 0 1 1"
      ;;
    69)
      test-tcas  "583 1 550 74 922 118 2 293 953 0 0 1"
      ;;
    70)
      test-tcas  "188 1 534 655 545 2479 1 86 567 0 0 1"
      ;;
    71)
      test-tcas  "502 0 582 656 640 6427 3 561 889 1 1 1"
      ;;
    72)
      test-tcas  "367 1 905 188 680 9861 1 593 645 0 0 1"
      ;;
    73)
      test-tcas  "435 1 278 575 536 4896 0 40 418 0 1 1"
      ;;
    74)
      test-tcas  "548 1 131 120 210 7656 3 960 627 0 0 1"
      ;;
    75)
      test-tcas  "43 1 398 412 733 6928 3 824 418 1 0 0"
      ;;
    76)
      test-tcas  "174 1 862 900 742 3276 1 148 66 1 0 0"
      ;;
    77)
      test-tcas  "26 0 790 516 573 3818 1 945 896 1 1 0"
      ;;
    78)
      test-tcas  "832 1 740 872 459 3742 2 55 691 0 0 0"
      ;;
    79)
      test-tcas  "765 1 421 27 662 3614 0 760 914 1 0 1"
      ;;
    80)
      test-tcas  "732 1 523 37 50 1771 2 238 937 0 0 1"
      ;;
    81)
      test-tcas  "784 0 347 357 820 3453 0 186 805 1 0 1"
      ;;
    82)
      test-tcas  "195 1 65 876 694 2937 2 500 839 1 0 0"
      ;;
    83)
      test-tcas  "225 0 273 623 19 1686 2 147 655 1 1 1"
      ;;
    84)
      test-tcas  "997 0 435 333 788 4482 0 344 907 1 0 1"
      ;;
    85)
      test-tcas  "824 0 611 781 638 6657 2 844 263 0 1 1"
      ;;
    86)
      test-tcas  "644 0 699 343 386 8879 1 540 788 0 0 0"
      ;;
    87)
      test-tcas  "84 0 182 448 653 1441 3 742 44 1 1 1"
      ;;
    88)
      test-tcas  "937 0 141 516 582 7725 0 304 835 1 1 1"
      ;;
esac
