#!/bin/bash
set -euo pipefail
SCRIPT_DIR=$(cd "$(dirname "${BASH_SOURCE[0]}")" && pwd)
test-tcas () {
    diff -q <(${ANGELIX_RUN:-eval} ./tcas $1) <($SCRIPT_DIR/../golden/tcas $1) > /dev/null
}

case "$1" in
    1)
      test-tcas  "217 0 941 233 457 1733 0 554 316 0 1 1"
      ;;
    2)
      test-tcas  "789 0 783 751 953 6724 2 713 821 1 0 1"
      ;;
    3)
      test-tcas  "745 0 925 802 535 2624 2 258 623 0 1 0"
      ;;
    4)
      test-tcas  "812 0 618 609 332 1866 3 547 263 1 0 1"
      ;;
    5)
      test-tcas  "579 1 625 952 479 1421 1 177 954 1 1 1"
      ;;
    6)
      test-tcas  "965 0 824 298 6 2610 0 136 265 0 1 0"
      ;;
    7)
      test-tcas  "102 0 380 32 25 9966 2 909 945 1 1 1"
      ;;
    8)
      test-tcas  "0 0 127 835 888 7049 3 129 263 0 1 1"
      ;;
    9)
      test-tcas  "409 1 800 700 116 9842 1 642 396 0 0 1"
      ;;
    10)
      test-tcas  "455 1 285 982 97 9415 1 488 596 0 1 1"
      ;;
    11)
      test-tcas  "885 0 237 8 822 5112 2 277 206 1 1 1"
      ;;
    12)
      test-tcas  "137 1 111 348 335 7488 1 725 998 1 1 1"
      ;;
    13)
      test-tcas  "839 0 45 697 30 6621 1 808 845 0 1 1"
      ;;
    14)
      test-tcas  "959 0 923 565 519 6316 0 969 283 1 0 0"
      ;;
    15)
      test-tcas  "373 0 472 497 436 7968 2 159 283 0 0 0"
      ;;
    16)
      test-tcas  "439 1 406 493 334 9601 3 193 296 1 1 1"
      ;;
    17)
      test-tcas  "896 1 287 525 643 5774 0 929 532 1 0 0"
      ;;
    18)
      test-tcas  "397 0 110 640 642 2622 0 150 415 1 0 1"
      ;;
    19)
      test-tcas  "951 1 522 100 412 9362 2 744 230 1 1 0"
      ;;
    20)
      test-tcas  "648 0 63 262 887 3072 1 872 130 1 0 1"
      ;;
    21)
      test-tcas  "284 0 901 549 336 7456 1 161 933 1 0 1"
      ;;
    22)
      test-tcas  "726 1 242 830 937 8662 3 786 518 1 1 0"
      ;;
    23)
      test-tcas  "304 0 834 823 512 2034 2 328 24 0 1 0"
      ;;
    24)
      test-tcas  "945 0 872 820 20 2865 1 782 645 1 1 1"
      ;;
    25)
      test-tcas  "371 0 79 9 973 1935 2 852 424 0 1 0"
      ;;
    26)
      test-tcas  "324 0 776 25 677 2670 0 797 176 1 1 1"
      ;;
    27)
      test-tcas  "561 1 414 53 950 1346 2 562 503 1 1 1"
      ;;
    28)
      test-tcas  "183 0 282 829 895 4707 1 749 762 1 0 0"
      ;;
    29)
      test-tcas  "851 0 944 267 236 791 1 127 878 0 0 1"
      ;;
    30)
      test-tcas  "444 0 388 158 844 8623 3 894 974 0 1 0"
      ;;
    31)
      test-tcas  "865 1 884 452 205 719 3 733 0 1 1 0"
      ;;
    32)
      test-tcas  "934 0 189 43 875 9053 0 922 836 0 0 0"
      ;;
    33)
      test-tcas  "613 1 924 711 281 342 3 246 708 0 1 1"
      ;;
    34)
      test-tcas  "232 1 775 5 717 78 3 378 257 0 1 0"
      ;;
    35)
      test-tcas  "897 0 545 257 891 6797 3 588 164 0 1 1"
      ;;
    36)
      test-tcas  "853 1 107 700 18 8525 3 219 887 1 1 1"
      ;;
    37)
      test-tcas  "285 0 872 826 205 2297 3 255 842 0 1 0"
      ;;
    38)
      test-tcas  "813 0 571 535 659 4969 1 594 208 0 0 0"
      ;;
    39)
      test-tcas  "837 1 937 485 198 9339 3 184 474 1 0 0"
      ;;
    40)
      test-tcas  "862 0 219 193 520 3828 1 166 894 1 0 0"
      ;;
    41)
      test-tcas  "988 0 446 924 833 6635 1 419 148 0 1 0"
      ;;
    42)
      test-tcas  "942 1 902 280 588 6388 0 543 735 1 1 0"
      ;;
    43)
      test-tcas  "267 0 411 561 402 837 3 276 944 1 1 1"
      ;;
    44)
      test-tcas  "643 0 802 525 602 3147 3 660 663 0 1 0"
      ;;
    45)
      test-tcas  "763 1 246 26 323 1713 0 944 800 0 0 0"
      ;;
    46)
      test-tcas  "721 0 65 252 643 4341 3 162 683 1 0 0"
      ;;
    47)
      test-tcas  "510 0 197 844 935 860 0 744 518 1 1 0"
      ;;
    48)
      test-tcas  "953 1 540 55 330 10 2 136 748 1 0 0"
      ;;
    49)
      test-tcas  "204 0 192 412 82 6594 1 476 76 1 1 1"
      ;;
    50)
      test-tcas  "885 1 837 890 547 3484 2 751 858 1 0 0"
      ;;
    51)
      test-tcas  "923 0 482 567 527 122 3 553 662 0 1 0"
      ;;
    52)
      test-tcas  "256 0 202 23 879 4641 3 638 952 1 0 1"
      ;;
    53)
      test-tcas  "773 1 671 336 502 612 3 895 110 1 1 0"
      ;;
    54)
      test-tcas  "150 1 914 540 148 1827 0 76 364 1 0 0"
      ;;
    55)
      test-tcas  "616 0 991 692 911 9286 0 745 640 1 0 0"
      ;;
    56)
      test-tcas  "164 1 214 364 747 3777 1 317 889 0 0 0"
      ;;
    57)
      test-tcas  "311 1 929 384 13 5150 1 889 79 1 0 0"
      ;;
    58)
      test-tcas  "133 0 975 977 667 5426 3 621 767 0 0 1"
      ;;
    59)
      test-tcas  "125 1 566 167 595 7478 0 966 985 1 1 1"
      ;;
    60)
      test-tcas  "209 0 601 306 398 3970 1 820 107 1 1 0"
      ;;
    61)
      test-tcas  "240 0 219 10 951 2661 0 811 329 0 0 0"
      ;;
    62)
      test-tcas  "335 1 884 456 122 4040 1 499 562 1 0 0"
      ;;
    63)
      test-tcas  "520 0 260 100 202 5549 1 40 664 0 1 0"
      ;;
    64)
      test-tcas  "411 1 807 254 853 3363 1 100 285 1 0 0"
      ;;
    65)
      test-tcas  "955 0 202 722 742 7898 0 326 947 0 1 0"
      ;;
    66)
      test-tcas  "687 0 508 798 459 2774 2 537 468 0 1 0"
      ;;
    67)
      test-tcas  "456 0 420 339 875 9041 1 58 427 1 0 0"
      ;;
    68)
      test-tcas  "183 0 901 455 722 6942 3 139 997 0 1 0"
      ;;
    69)
      test-tcas  "908 1 103 434 904 6388 1 341 273 1 0 0"
      ;;
    70)
      test-tcas  "173 1 675 17 861 4691 0 4 32 1 1 1"
      ;;
    71)
      test-tcas  "665 1 292 963 249 5898 3 522 856 0 0 1"
      ;;
    72)
      test-tcas  "37 1 654 956 177 264 3 70 535 0 1 0"
      ;;
    73)
      test-tcas  "884 0 123 468 362 5114 2 718 854 0 0 1"
      ;;
    74)
      test-tcas  "7 0 754 979 755 9410 1 507 54 0 1 1"
      ;;
    75)
      test-tcas  "389 0 612 187 490 3893 3 10 600 0 1 1"
      ;;
    76)
      test-tcas  "617 1 3 340 366 6662 3 219 302 1 1 1"
      ;;
    77)
      test-tcas  "966 1 601 733 585 443 2 279 337 1 1 1"
      ;;
    78)
      test-tcas  "886 0 371 592 12 2667 3 555 322 0 0 1"
      ;;
    79)
      test-tcas  "258 0 714 169 897 2786 1 881 303 0 1 1"
      ;;
    80)
      test-tcas  "539 1 384 749 767 2933 2 550 278 1 0 1"
      ;;
    81)
      test-tcas  "696 1 431 545 37 8264 2 587 806 0 0 1"
      ;;
    82)
      test-tcas  "800 0 744 36 833 1869 0 263 175 1 0 1"
      ;;
    83)
      test-tcas  "103 1 635 235 575 6205 0 521 722 1 0 1"
      ;;
    84)
      test-tcas  "556 0 452 694 987 8486 0 31 40 1 1 1"
      ;;
    85)
      test-tcas  "923 1 235 626 438 1364 2 17 60 1 1 0"
      ;;
    86)
      test-tcas  "923 0 153 529 829 2609 2 739 367 0 1 1"
      ;;
    87)
      test-tcas  "215 0 726 12 672 8260 2 613 540 1 0 0"
      ;;
    88)
      test-tcas  "534 1 680 152 500 2988 1 395 857 0 1 1"
      ;;
esac
