#!/bin/bash
set -euo pipefail
SCRIPT_DIR=$(cd "$(dirname "${BASH_SOURCE[0]}")" && pwd)
test-tcas () {
    diff -q <(${ANGELIX_RUN:-eval} ./tcas $1) <($SCRIPT_DIR/../golden/tcas $1) > /dev/null
}

case "$1" in
    1)
      test-tcas  "349 0 748 835 857 7792 2 630 227 0 0 0"
      ;;
    2)
      test-tcas  "144 0 450 826 488 2532 0 471 629 0 1 0"
      ;;
    3)
      test-tcas  "287 1 194 593 875 1552 1 365 151 0 0 1"
      ;;
    4)
      test-tcas  "912 1 267 797 149 1144 0 482 800 1 1 1"
      ;;
    5)
      test-tcas  "778 1 987 638 425 9204 2 911 930 1 0 1"
      ;;
    6)
      test-tcas  "536 0 998 313 545 498 3 585 237 0 1 0"
      ;;
    7)
      test-tcas  "821 0 574 710 440 1424 3 449 90 1 1 0"
      ;;
    8)
      test-tcas  "6 0 485 108 726 2577 1 198 568 1 0 0"
      ;;
    9)
      test-tcas  "692 1 514 42 279 8826 3 30 604 1 1 1"
      ;;
    10)
      test-tcas  "957 1 518 948 403 2668 1 902 387 1 1 1"
      ;;
    11)
      test-tcas  "23 1 879 531 748 7369 2 816 646 1 0 0"
      ;;
    12)
      test-tcas  "418 1 424 165 421 1844 0 647 638 0 0 0"
      ;;
    13)
      test-tcas  "760 1 307 928 772 9374 1 7 567 1 0 1"
      ;;
    14)
      test-tcas  "162 0 0 180 14 7040 3 558 797 1 0 1"
      ;;
    15)
      test-tcas  "740 0 391 795 309 2279 2 104 565 1 0 1"
      ;;
    16)
      test-tcas  "9 1 92 422 106 7155 2 642 971 1 0 1"
      ;;
    17)
      test-tcas  "883 0 336 293 393 9796 2 431 805 1 1 0"
      ;;
    18)
      test-tcas  "721 1 382 288 127 6049 3 899 285 1 0 1"
      ;;
    19)
      test-tcas  "250 1 76 46 424 2607 1 38 982 0 1 0"
      ;;
    20)
      test-tcas  "341 0 181 52 120 5852 2 629 185 0 0 0"
      ;;
    21)
      test-tcas  "452 1 262 632 81 8254 0 414 576 0 0 1"
      ;;
    22)
      test-tcas  "119 0 301 877 107 6477 2 959 517 1 0 1"
      ;;
    23)
      test-tcas  "174 0 842 463 463 2377 1 648 291 1 1 0"
      ;;
    24)
      test-tcas  "368 0 304 326 985 9730 0 860 515 0 1 0"
      ;;
    25)
      test-tcas  "785 1 123 91 352 5927 3 941 430 1 1 1"
      ;;
    26)
      test-tcas  "905 1 693 27 428 8930 2 200 60 0 0 0"
      ;;
    27)
      test-tcas  "309 1 535 211 698 5531 0 629 195 0 1 0"
      ;;
    28)
      test-tcas  "916 1 846 396 551 7419 3 584 834 0 1 1"
      ;;
    29)
      test-tcas  "230 0 508 893 714 6635 2 110 164 1 1 1"
      ;;
    30)
      test-tcas  "391 0 764 573 338 1881 0 31 241 0 0 1"
      ;;
    31)
      test-tcas  "886 1 162 815 189 1583 2 337 436 1 0 0"
      ;;
    32)
      test-tcas  "480 1 926 963 60 8845 3 758 218 0 1 0"
      ;;
    33)
      test-tcas  "454 1 724 532 894 7282 0 771 197 0 0 1"
      ;;
    34)
      test-tcas  "406 1 824 46 204 5294 3 588 297 1 0 1"
      ;;
    35)
      test-tcas  "758 0 872 48 213 9597 3 946 694 1 1 0"
      ;;
    36)
      test-tcas  "803 1 974 350 641 6758 0 779 561 1 1 1"
      ;;
    37)
      test-tcas  "406 1 442 232 352 4122 3 60 872 0 1 1"
      ;;
    38)
      test-tcas  "591 0 477 745 33 8808 0 285 333 0 1 0"
      ;;
    39)
      test-tcas  "6 0 156 840 757 5490 1 231 166 0 0 0"
      ;;
    40)
      test-tcas  "772 0 420 458 732 330 3 733 751 0 0 0"
      ;;
    41)
      test-tcas  "445 0 342 184 614 9844 3 324 188 0 0 1"
      ;;
    42)
      test-tcas  "759 1 688 459 661 9498 0 641 579 1 1 1"
      ;;
    43)
      test-tcas  "483 1 795 713 546 7650 0 510 321 0 0 1"
      ;;
    44)
      test-tcas  "108 0 997 126 923 5824 1 662 882 1 0 0"
      ;;
    45)
      test-tcas  "162 0 238 46 886 6473 3 943 447 0 0 1"
      ;;
    46)
      test-tcas  "791 1 196 336 133 4201 1 867 444 0 1 0"
      ;;
    47)
      test-tcas  "770 1 49 223 134 5878 1 224 325 1 0 1"
      ;;
    48)
      test-tcas  "352 1 158 383 728 9329 3 357 28 0 1 0"
      ;;
    49)
      test-tcas  "360 0 198 212 486 9102 1 544 341 0 0 1"
      ;;
    50)
      test-tcas  "596 1 808 389 740 1419 0 730 880 0 0 1"
      ;;
    51)
      test-tcas  "68 0 575 935 540 8646 0 660 652 0 0 1"
      ;;
    52)
      test-tcas  "661 0 107 89 783 6578 3 166 64 1 0 1"
      ;;
    53)
      test-tcas  "724 0 142 358 565 5431 1 113 951 1 1 1"
      ;;
    54)
      test-tcas  "610 1 41 157 250 7783 2 183 535 0 1 1"
      ;;
    55)
      test-tcas  "511 1 591 408 939 3677 1 325 360 1 1 1"
      ;;
    56)
      test-tcas  "900 0 936 478 966 4818 0 318 36 0 0 1"
      ;;
    57)
      test-tcas  "656 0 443 749 637 6137 3 500 186 1 0 0"
      ;;
    58)
      test-tcas  "357 0 637 1 797 4098 2 267 218 1 1 1"
      ;;
    59)
      test-tcas  "407 0 776 702 894 6850 3 458 551 1 1 0"
      ;;
    60)
      test-tcas  "533 1 388 95 949 1765 2 275 585 0 0 0"
      ;;
    61)
      test-tcas  "793 1 3 819 400 1057 2 819 132 0 1 0"
      ;;
    62)
      test-tcas  "550 1 439 548 966 5952 2 777 153 1 1 1"
      ;;
    63)
      test-tcas  "903 1 404 908 655 4418 1 189 503 0 0 0"
      ;;
    64)
      test-tcas  "820 0 722 618 670 6625 3 598 921 1 0 0"
      ;;
    65)
      test-tcas  "697 0 322 521 368 6199 3 239 841 1 1 0"
      ;;
    66)
      test-tcas  "250 1 126 782 532 3893 2 206 549 0 0 1"
      ;;
    67)
      test-tcas  "575 0 226 193 993 3552 1 844 976 1 0 1"
      ;;
    68)
      test-tcas  "810 0 198 90 232 8182 2 833 845 1 1 0"
      ;;
    69)
      test-tcas  "222 1 62 949 801 6565 3 674 38 1 1 0"
      ;;
    70)
      test-tcas  "577 0 319 276 392 8183 0 451 951 0 0 0"
      ;;
    71)
      test-tcas  "450 1 582 869 93 6200 0 894 199 1 1 1"
      ;;
    72)
      test-tcas  "637 0 671 30 735 4958 1 918 325 1 0 0"
      ;;
    73)
      test-tcas  "58 0 585 723 428 9799 0 869 252 1 0 1"
      ;;
    74)
      test-tcas  "461 0 543 71 166 3117 1 792 914 0 1 1"
      ;;
    75)
      test-tcas  "941 1 250 973 996 1273 2 44 28 0 1 0"
      ;;
    76)
      test-tcas  "618 1 800 949 519 2449 0 608 123 0 0 0"
      ;;
    77)
      test-tcas  "947 1 994 647 484 5656 0 373 884 1 0 1"
      ;;
    78)
      test-tcas  "960 1 556 696 969 5918 1 640 460 1 1 1"
      ;;
    79)
      test-tcas  "227 0 544 879 93 144 1 975 783 1 1 0"
      ;;
    80)
      test-tcas  "645 0 374 759 348 2420 1 421 970 0 1 1"
      ;;
    81)
      test-tcas  "80 0 152 139 535 6288 0 911 684 0 0 0"
      ;;
    82)
      test-tcas  "612 0 543 839 871 5192 2 556 841 1 1 0"
      ;;
    83)
      test-tcas  "536 0 138 420 168 475 1 223 258 0 1 0"
      ;;
    84)
      test-tcas  "390 0 244 570 11 9282 1 602 791 0 0 0"
      ;;
    85)
      test-tcas  "164 1 194 928 614 2353 0 656 169 1 1 0"
      ;;
    86)
      test-tcas  "354 1 667 154 521 3968 2 37 111 0 0 1"
      ;;
    87)
      test-tcas  "873 1 135 32 493 3354 2 704 411 1 0 1"
      ;;
    88)
      test-tcas  "801 1 374 390 850 8532 3 607 490 1 0 0"
      ;;
esac
