#!/bin/bash
set -euo pipefail
SCRIPT_DIR=$(cd "$(dirname "${BASH_SOURCE[0]}")" && pwd)
test-tcas () {
    diff -q <(${ANGELIX_RUN:-eval} ./tcas $1) <($SCRIPT_DIR/../golden/tcas $1) > /dev/null
}

case "$1" in
    1)
      test-tcas  "753 1 409 710 885 4439 3 949 365 1 0 1"
      ;;
    2)
      test-tcas  "451 1 758 431 986 5401 0 940 342 1 1 0"
      ;;
    3)
      test-tcas  "515 0 647 862 831 5435 3 385 985 0 1 1"
      ;;
    4)
      test-tcas  "733 0 207 414 410 9867 1 227 589 1 0 0"
      ;;
    5)
      test-tcas  "625 1 777 613 518 2449 1 573 532 1 0 0"
      ;;
    6)
      test-tcas  "262 1 471 790 394 913 3 989 222 1 0 0"
      ;;
    7)
      test-tcas  "116 0 824 849 508 9242 1 368 641 0 0 1"
      ;;
    8)
      test-tcas  "294 0 939 637 897 6499 3 505 19 1 0 0"
      ;;
    9)
      test-tcas  "945 0 35 287 207 9151 1 368 231 1 1 1"
      ;;
    10)
      test-tcas  "949 0 93 801 119 6919 0 2 329 1 1 1"
      ;;
    11)
      test-tcas  "100 1 464 179 336 1162 2 40 343 1 0 1"
      ;;
    12)
      test-tcas  "33 0 804 456 498 9716 1 941 36 1 1 0"
      ;;
    13)
      test-tcas  "916 1 545 255 570 3015 0 275 686 0 1 0"
      ;;
    14)
      test-tcas  "655 1 297 714 154 3102 0 733 191 0 1 1"
      ;;
    15)
      test-tcas  "839 0 106 59 988 9886 3 926 899 1 0 0"
      ;;
    16)
      test-tcas  "24 1 381 550 561 7686 2 550 461 0 0 1"
      ;;
    17)
      test-tcas  "172 0 512 109 210 9725 3 124 786 1 0 0"
      ;;
    18)
      test-tcas  "78 0 758 609 443 8793 1 152 783 0 0 1"
      ;;
    19)
      test-tcas  "552 0 910 544 370 8775 0 409 38 1 0 0"
      ;;
    20)
      test-tcas  "813 1 481 675 161 4207 3 893 848 0 1 1"
      ;;
    21)
      test-tcas  "171 0 741 175 299 3350 0 971 209 1 0 0"
      ;;
    22)
      test-tcas  "463 0 903 846 106 4621 2 338 313 1 1 0"
      ;;
    23)
      test-tcas  "5 0 2 112 567 6419 2 544 948 0 1 0"
      ;;
    24)
      test-tcas  "906 1 667 714 860 6615 3 133 877 0 1 0"
      ;;
    25)
      test-tcas  "564 1 934 377 260 45 1 750 761 0 1 0"
      ;;
    26)
      test-tcas  "947 0 580 86 126 449 1 76 599 1 0 0"
      ;;
    27)
      test-tcas  "921 0 96 183 639 7242 1 927 799 1 1 1"
      ;;
    28)
      test-tcas  "348 1 438 41 706 7494 1 536 104 0 1 1"
      ;;
    29)
      test-tcas  "35 1 21 788 55 9300 2 744 447 0 0 0"
      ;;
    30)
      test-tcas  "756 1 125 372 18 4594 3 642 557 0 1 1"
      ;;
    31)
      test-tcas  "625 1 904 85 767 7138 1 138 724 0 1 1"
      ;;
    32)
      test-tcas  "907 0 567 697 940 5167 2 916 548 0 1 0"
      ;;
    33)
      test-tcas  "116 1 23 376 554 7727 2 370 750 1 1 0"
      ;;
    34)
      test-tcas  "745 1 351 785 962 9347 2 270 272 1 1 1"
      ;;
    35)
      test-tcas  "404 0 836 951 237 9155 2 245 791 1 0 0"
      ;;
    36)
      test-tcas  "347 1 105 894 936 7982 1 514 633 0 1 0"
      ;;
    37)
      test-tcas  "471 1 958 439 520 379 1 783 653 1 0 0"
      ;;
    38)
      test-tcas  "783 1 938 159 917 7772 1 825 178 1 1 0"
      ;;
    39)
      test-tcas  "92 1 474 63 779 4212 0 884 428 1 0 1"
      ;;
    40)
      test-tcas  "305 0 540 326 861 7381 2 821 974 0 0 0"
      ;;
    41)
      test-tcas  "157 0 269 232 678 4619 1 793 861 0 0 0"
      ;;
    42)
      test-tcas  "493 1 741 369 203 6797 2 160 832 0 1 0"
      ;;
    43)
      test-tcas  "375 0 345 142 759 1856 3 390 836 1 1 0"
      ;;
    44)
      test-tcas  "261 0 622 796 553 4766 0 849 510 1 0 0"
      ;;
    45)
      test-tcas  "352 0 304 287 389 1519 2 605 764 1 0 1"
      ;;
    46)
      test-tcas  "835 0 499 674 54 1596 2 661 779 0 1 1"
      ;;
    47)
      test-tcas  "327 0 468 70 701 6059 0 509 864 0 0 0"
      ;;
    48)
      test-tcas  "114 0 341 667 128 7142 3 336 489 1 0 1"
      ;;
    49)
      test-tcas  "61 1 314 918 416 9802 2 863 614 0 1 1"
      ;;
    50)
      test-tcas  "37 0 465 643 652 6261 0 490 27 0 1 0"
      ;;
    51)
      test-tcas  "656 1 191 562 679 1055 1 170 869 0 1 0"
      ;;
    52)
      test-tcas  "843 1 570 622 807 6564 2 389 797 1 1 0"
      ;;
    53)
      test-tcas  "294 0 501 428 298 7322 3 528 425 1 0 1"
      ;;
    54)
      test-tcas  "372 0 437 132 121 5755 1 16 611 1 0 0"
      ;;
    55)
      test-tcas  "186 0 812 270 35 2214 2 822 31 0 1 1"
      ;;
    56)
      test-tcas  "775 1 870 244 463 8362 0 85 134 1 1 0"
      ;;
    57)
      test-tcas  "213 1 588 498 808 5084 3 53 99 1 0 1"
      ;;
    58)
      test-tcas  "289 0 703 839 3 4168 0 940 756 0 0 0"
      ;;
    59)
      test-tcas  "48 0 488 840 965 6957 2 840 658 1 0 1"
      ;;
    60)
      test-tcas  "950 1 948 910 397 3156 2 491 542 0 0 0"
      ;;
    61)
      test-tcas  "752 1 438 275 16 8803 3 392 270 0 1 1"
      ;;
    62)
      test-tcas  "386 1 398 916 708 4248 3 607 138 0 0 0"
      ;;
    63)
      test-tcas  "109 1 923 399 435 708 0 497 956 0 0 0"
      ;;
    64)
      test-tcas  "80 0 281 507 831 7669 0 644 775 1 0 0"
      ;;
    65)
      test-tcas  "218 0 195 641 453 3000 0 312 374 0 1 0"
      ;;
    66)
      test-tcas  "730 0 765 152 427 3227 3 13 747 0 1 1"
      ;;
    67)
      test-tcas  "106 0 348 993 954 2885 0 4 767 1 1 0"
      ;;
    68)
      test-tcas  "607 1 402 456 626 9316 3 963 22 1 1 1"
      ;;
    69)
      test-tcas  "352 0 467 186 867 2641 1 531 442 0 1 1"
      ;;
    70)
      test-tcas  "29 1 835 226 25 9942 2 2 840 1 1 0"
      ;;
    71)
      test-tcas  "20 0 282 460 697 7935 3 110 790 0 1 1"
      ;;
    72)
      test-tcas  "360 1 336 560 721 9593 1 605 473 0 1 0"
      ;;
    73)
      test-tcas  "373 0 47 364 75 7310 0 164 114 0 1 0"
      ;;
    74)
      test-tcas  "149 0 8 519 410 8233 0 155 497 1 1 1"
      ;;
    75)
      test-tcas  "162 0 578 245 465 6400 3 779 767 0 0 1"
      ;;
    76)
      test-tcas  "310 1 709 163 799 1249 3 259 239 0 0 1"
      ;;
    77)
      test-tcas  "486 1 659 342 420 2926 1 993 374 0 0 0"
      ;;
    78)
      test-tcas  "477 0 50 998 861 1638 2 872 273 0 0 1"
      ;;
    79)
      test-tcas  "482 0 258 661 8 1029 1 422 142 1 1 0"
      ;;
    80)
      test-tcas  "917 1 7 129 668 4249 1 890 108 0 0 0"
      ;;
    81)
      test-tcas  "372 1 253 42 321 5995 1 49 515 1 1 1"
      ;;
    82)
      test-tcas  "638 0 1 660 845 4377 1 140 448 1 0 0"
      ;;
    83)
      test-tcas  "607 1 628 88 177 2926 3 203 700 0 0 0"
      ;;
    84)
      test-tcas  "585 1 502 134 875 5526 3 914 666 1 0 0"
      ;;
    85)
      test-tcas  "144 1 319 874 419 5407 0 14 815 1 0 1"
      ;;
    86)
      test-tcas  "52 1 487 54 796 3624 1 497 375 1 1 1"
      ;;
    87)
      test-tcas  "95 0 181 609 441 2736 0 910 669 1 0 1"
      ;;
    88)
      test-tcas  "705 1 332 782 31 7523 1 321 245 1 0 1"
      ;;
esac
