#!/bin/bash
set -euo pipefail
SCRIPT_DIR=$(cd "$(dirname "${BASH_SOURCE[0]}")" && pwd)
test-tcas () {
    diff -q <(${ANGELIX_RUN:-eval} ./tcas $1) <($SCRIPT_DIR/../golden/tcas $1) > /dev/null
}

case "$1" in
    1)
      test-tcas  "67 0 478 987 590 758 1 920 84 0 1 0"
      ;;
    2)
      test-tcas  "324 0 128 544 903 1010 2 114 208 0 1 0"
      ;;
    3)
      test-tcas  "670 0 628 484 875 2922 3 934 895 1 1 0"
      ;;
    4)
      test-tcas  "301 0 951 570 916 233 1 72 289 0 1 0"
      ;;
    5)
      test-tcas  "257 0 211 317 725 7040 0 4 956 1 1 0"
      ;;
    6)
      test-tcas  "287 0 968 547 130 5788 2 975 528 1 1 1"
      ;;
    7)
      test-tcas  "367 0 426 559 503 390 0 648 712 0 0 1"
      ;;
    8)
      test-tcas  "387 0 298 16 315 6069 0 244 731 0 0 0"
      ;;
    9)
      test-tcas  "42 0 745 942 309 5644 1 478 590 0 0 1"
      ;;
    10)
      test-tcas  "710 1 80 105 918 9731 3 589 112 0 0 0"
      ;;
    11)
      test-tcas  "38 1 983 325 918 5837 1 226 467 0 1 0"
      ;;
    12)
      test-tcas  "162 0 730 18 893 8442 2 842 887 1 0 1"
      ;;
    13)
      test-tcas  "856 1 393 517 890 9044 2 664 493 0 0 1"
      ;;
    14)
      test-tcas  "542 0 187 413 648 1661 1 142 576 0 1 1"
      ;;
    15)
      test-tcas  "899 0 30 322 53 5503 2 130 303 0 1 0"
      ;;
    16)
      test-tcas  "900 1 18 132 905 2441 0 803 715 0 1 1"
      ;;
    17)
      test-tcas  "323 0 879 878 763 2489 3 639 944 1 0 0"
      ;;
    18)
      test-tcas  "334 1 505 985 545 5807 1 460 883 0 0 1"
      ;;
    19)
      test-tcas  "385 0 492 637 650 4693 1 778 69 1 1 1"
      ;;
    20)
      test-tcas  "653 1 81 573 731 3707 2 332 265 0 1 1"
      ;;
    21)
      test-tcas  "345 1 136 575 770 385 2 854 207 1 1 0"
      ;;
    22)
      test-tcas  "597 1 748 349 891 3081 1 692 140 1 1 0"
      ;;
    23)
      test-tcas  "239 1 687 472 354 6138 1 20 162 1 1 1"
      ;;
    24)
      test-tcas  "545 0 329 386 337 6057 3 879 26 1 1 0"
      ;;
    25)
      test-tcas  "64 0 776 354 582 5378 2 327 866 0 1 0"
      ;;
    26)
      test-tcas  "894 0 692 572 610 3803 0 451 374 0 1 1"
      ;;
    27)
      test-tcas  "212 1 936 427 64 8546 3 934 223 0 1 0"
      ;;
    28)
      test-tcas  "546 1 311 190 843 8060 2 313 17 0 0 0"
      ;;
    29)
      test-tcas  "179 0 728 108 975 5132 3 924 767 0 0 0"
      ;;
    30)
      test-tcas  "177 0 780 107 702 6874 1 907 805 0 0 0"
      ;;
    31)
      test-tcas  "881 1 116 979 5 359 0 458 198 1 0 1"
      ;;
    32)
      test-tcas  "238 0 163 20 715 3553 3 813 105 1 0 1"
      ;;
    33)
      test-tcas  "131 1 565 767 586 1800 2 217 75 1 0 1"
      ;;
    34)
      test-tcas  "853 0 287 491 52 384 0 342 100 1 1 0"
      ;;
    35)
      test-tcas  "72 0 626 676 48 3688 2 356 268 0 0 0"
      ;;
    36)
      test-tcas  "66 1 359 734 58 1102 3 964 76 0 0 1"
      ;;
    37)
      test-tcas  "651 1 993 668 667 9194 2 431 941 1 1 0"
      ;;
    38)
      test-tcas  "100 0 528 354 98 8679 1 662 120 0 0 0"
      ;;
    39)
      test-tcas  "406 0 283 538 766 3461 0 15 138 0 0 0"
      ;;
    40)
      test-tcas  "582 0 255 519 532 7411 0 553 932 0 1 1"
      ;;
    41)
      test-tcas  "170 0 30 860 320 2646 2 966 290 0 1 1"
      ;;
    42)
      test-tcas  "909 1 624 275 862 864 0 360 654 1 1 0"
      ;;
    43)
      test-tcas  "450 1 647 159 730 6757 3 570 185 1 1 0"
      ;;
    44)
      test-tcas  "175 0 947 965 377 9675 0 581 936 0 0 1"
      ;;
    45)
      test-tcas  "591 1 347 883 723 6565 3 5 217 1 1 1"
      ;;
    46)
      test-tcas  "376 1 312 967 843 5752 3 443 638 1 0 1"
      ;;
    47)
      test-tcas  "987 0 266 25 537 7335 1 868 978 0 1 0"
      ;;
    48)
      test-tcas  "786 0 914 227 50 1879 3 977 884 1 0 1"
      ;;
    49)
      test-tcas  "929 0 294 491 845 4694 2 702 494 0 1 1"
      ;;
    50)
      test-tcas  "723 1 312 286 278 8263 3 813 369 0 0 1"
      ;;
    51)
      test-tcas  "894 1 349 529 86 361 2 759 658 0 0 1"
      ;;
    52)
      test-tcas  "116 0 976 772 980 41 1 522 130 0 1 0"
      ;;
    53)
      test-tcas  "309 0 99 844 148 8056 2 453 695 1 0 0"
      ;;
    54)
      test-tcas  "563 1 740 583 261 2265 1 607 200 0 0 0"
      ;;
    55)
      test-tcas  "141 0 369 201 581 2330 3 220 676 1 0 0"
      ;;
    56)
      test-tcas  "820 1 44 201 932 1403 0 476 833 1 1 0"
      ;;
    57)
      test-tcas  "829 1 743 645 775 5602 2 751 434 0 0 0"
      ;;
    58)
      test-tcas  "897 1 73 882 230 4860 2 988 230 1 1 1"
      ;;
    59)
      test-tcas  "396 0 86 640 785 1184 1 812 402 1 1 1"
      ;;
    60)
      test-tcas  "193 0 174 658 486 2562 0 414 956 0 1 0"
      ;;
    61)
      test-tcas  "787 0 8 747 735 2546 1 118 212 1 1 0"
      ;;
    62)
      test-tcas  "361 0 166 391 313 7113 0 901 476 1 1 0"
      ;;
    63)
      test-tcas  "745 0 495 658 999 1621 3 969 93 0 0 1"
      ;;
    64)
      test-tcas  "835 1 419 321 126 1553 0 774 495 0 1 1"
      ;;
    65)
      test-tcas  "775 0 208 702 565 1400 1 624 384 1 1 0"
      ;;
    66)
      test-tcas  "196 1 819 844 38 6239 0 281 38 1 1 0"
      ;;
    67)
      test-tcas  "28 0 208 126 292 606 2 618 725 1 1 1"
      ;;
    68)
      test-tcas  "817 0 990 470 453 8874 3 602 450 1 0 1"
      ;;
    69)
      test-tcas  "127 0 86 781 985 710 0 488 729 1 1 1"
      ;;
    70)
      test-tcas  "469 1 398 179 911 4214 0 222 751 1 1 0"
      ;;
    71)
      test-tcas  "285 0 754 27 458 8073 1 632 189 0 1 0"
      ;;
    72)
      test-tcas  "822 0 205 646 994 2454 1 13 33 0 1 1"
      ;;
    73)
      test-tcas  "237 1 394 946 46 6475 2 253 146 0 0 1"
      ;;
    74)
      test-tcas  "24 1 997 43 350 7851 0 597 823 1 1 0"
      ;;
    75)
      test-tcas  "819 1 305 225 220 7820 1 613 351 0 0 0"
      ;;
    76)
      test-tcas  "788 1 749 383 142 1570 1 853 613 0 0 1"
      ;;
    77)
      test-tcas  "241 1 648 272 261 1270 2 55 956 1 1 1"
      ;;
    78)
      test-tcas  "679 1 663 631 488 5310 3 638 966 0 0 0"
      ;;
    79)
      test-tcas  "367 0 334 426 165 3606 1 512 471 0 0 1"
      ;;
    80)
      test-tcas  "527 1 731 28 695 4709 0 73 906 0 1 0"
      ;;
    81)
      test-tcas  "558 1 555 337 220 6065 0 467 313 0 1 1"
      ;;
    82)
      test-tcas  "152 1 164 361 339 4060 2 979 509 1 0 1"
      ;;
    83)
      test-tcas  "890 1 694 861 926 5441 3 575 490 1 1 1"
      ;;
    84)
      test-tcas  "839 0 41 137 518 6372 3 306 889 1 1 1"
      ;;
    85)
      test-tcas  "799 0 621 63 208 9729 0 423 241 1 0 1"
      ;;
    86)
      test-tcas  "234 1 811 872 820 5277 3 645 4 1 1 1"
      ;;
    87)
      test-tcas  "472 1 619 165 93 1064 1 124 681 1 1 0"
      ;;
    88)
      test-tcas  "613 1 512 964 816 7828 1 154 971 1 1 0"
      ;;
esac
