#!/bin/bash
set -euo pipefail
SCRIPT_DIR=$(cd "$(dirname "${BASH_SOURCE[0]}")" && pwd)
test-tcas () {
    diff -q <(${ANGELIX_RUN:-eval} ./tcas $1) <($SCRIPT_DIR/../golden/tcas $1) > /dev/null
}

case "$1" in
    1)
      test-tcas  "682 0 177 901 36 1679 1 236 141 0 1 0"
      ;;
    2)
      test-tcas  "411 0 568 975 327 6356 3 163 385 1 0 1"
      ;;
    3)
      test-tcas  "239 1 99 583 919 9092 3 747 815 0 0 1"
      ;;
    4)
      test-tcas  "792 1 978 933 421 9539 1 737 786 0 1 0"
      ;;
    5)
      test-tcas  "769 0 161 598 13 1888 3 461 991 0 1 1"
      ;;
    6)
      test-tcas  "741 0 396 100 867 5724 2 233 330 1 1 1"
      ;;
    7)
      test-tcas  "436 1 127 32 142 5040 2 123 490 0 1 1"
      ;;
    8)
      test-tcas  "546 1 57 56 674 8339 3 61 375 1 0 0"
      ;;
    9)
      test-tcas  "200 0 12 609 440 99 1 394 389 1 1 1"
      ;;
    10)
      test-tcas  "984 0 905 665 552 5830 1 187 173 1 1 1"
      ;;
    11)
      test-tcas  "940 0 899 384 990 9702 1 659 737 1 0 0"
      ;;
    12)
      test-tcas  "157 1 440 873 364 5046 2 269 926 1 0 0"
      ;;
    13)
      test-tcas  "554 0 600 728 877 4129 2 3 952 1 1 0"
      ;;
    14)
      test-tcas  "73 0 147 372 222 4334 3 434 176 1 0 0"
      ;;
    15)
      test-tcas  "907 1 975 545 413 3334 0 156 515 1 0 0"
      ;;
    16)
      test-tcas  "484 0 962 643 590 5968 3 129 778 1 0 0"
      ;;
    17)
      test-tcas  "735 1 953 834 523 328 0 415 843 1 1 1"
      ;;
    18)
      test-tcas  "713 1 439 159 15 93 0 696 951 0 1 0"
      ;;
    19)
      test-tcas  "898 0 589 38 542 4323 2 832 453 1 1 0"
      ;;
    20)
      test-tcas  "475 1 575 773 361 4794 3 551 142 0 0 0"
      ;;
    21)
      test-tcas  "581 1 689 801 914 4537 0 188 786 0 0 1"
      ;;
    22)
      test-tcas  "930 0 443 578 664 9480 0 147 726 1 0 1"
      ;;
    23)
      test-tcas  "329 0 832 52 547 8051 3 537 328 1 1 0"
      ;;
    24)
      test-tcas  "482 1 111 755 978 1196 1 107 754 1 1 0"
      ;;
    25)
      test-tcas  "28 1 830 565 808 7621 2 342 876 1 0 1"
      ;;
    26)
      test-tcas  "37 1 482 190 840 6030 0 182 277 0 0 0"
      ;;
    27)
      test-tcas  "214 0 954 391 418 7844 0 486 92 1 1 1"
      ;;
    28)
      test-tcas  "760 0 31 891 216 263 0 941 967 0 1 0"
      ;;
    29)
      test-tcas  "317 1 464 827 734 574 1 673 699 0 0 0"
      ;;
    30)
      test-tcas  "532 0 596 477 51 8400 2 340 47 0 1 0"
      ;;
    31)
      test-tcas  "721 0 272 812 166 2983 0 15 952 1 1 1"
      ;;
    32)
      test-tcas  "640 0 663 273 805 7746 3 576 766 1 0 0"
      ;;
    33)
      test-tcas  "760 1 779 906 726 4185 3 820 249 0 1 0"
      ;;
    34)
      test-tcas  "420 0 837 777 579 1656 2 872 928 0 0 1"
      ;;
    35)
      test-tcas  "18 1 202 263 956 8784 1 854 0 0 0 0"
      ;;
    36)
      test-tcas  "870 0 424 543 716 6129 3 111 203 1 0 1"
      ;;
    37)
      test-tcas  "553 1 956 232 726 8289 0 620 142 0 1 0"
      ;;
    38)
      test-tcas  "459 0 303 737 988 6876 0 448 232 1 0 0"
      ;;
    39)
      test-tcas  "926 0 889 510 661 3753 3 417 892 1 0 0"
      ;;
    40)
      test-tcas  "646 1 540 916 747 6519 2 321 765 1 0 0"
      ;;
    41)
      test-tcas  "138 0 430 984 169 5572 1 216 640 0 1 0"
      ;;
    42)
      test-tcas  "838 0 405 786 663 4074 0 510 327 0 1 0"
      ;;
    43)
      test-tcas  "870 1 969 666 347 8809 1 620 79 1 1 0"
      ;;
    44)
      test-tcas  "804 0 745 978 906 1352 2 139 163 0 0 0"
      ;;
    45)
      test-tcas  "619 1 10 380 235 4963 2 447 962 1 0 1"
      ;;
    46)
      test-tcas  "770 0 879 124 913 3445 1 777 454 1 1 1"
      ;;
    47)
      test-tcas  "632 0 927 102 179 3578 3 707 90 1 1 1"
      ;;
    48)
      test-tcas  "702 0 469 744 96 2927 3 47 50 1 0 0"
      ;;
    49)
      test-tcas  "728 1 360 99 290 9580 1 998 414 1 0 0"
      ;;
    50)
      test-tcas  "523 0 30 738 117 9932 1 383 220 0 0 0"
      ;;
    51)
      test-tcas  "406 0 579 271 255 4756 2 606 366 1 0 0"
      ;;
    52)
      test-tcas  "262 0 25 500 606 2753 1 850 162 0 1 1"
      ;;
    53)
      test-tcas  "841 1 354 359 988 4259 1 826 799 1 0 0"
      ;;
    54)
      test-tcas  "368 1 724 933 428 6108 2 167 266 1 0 1"
      ;;
    55)
      test-tcas  "649 0 163 906 868 1545 0 297 140 0 0 0"
      ;;
    56)
      test-tcas  "704 1 266 900 896 6724 2 349 387 0 1 1"
      ;;
    57)
      test-tcas  "542 0 779 133 562 7645 2 354 647 1 1 0"
      ;;
    58)
      test-tcas  "955 0 602 877 520 8386 3 605 608 0 1 1"
      ;;
    59)
      test-tcas  "238 0 547 129 685 3156 2 705 874 0 1 1"
      ;;
    60)
      test-tcas  "445 1 250 843 188 1104 2 410 259 1 0 0"
      ;;
    61)
      test-tcas  "248 1 918 10 779 3862 3 931 731 0 0 0"
      ;;
    62)
      test-tcas  "618 0 54 680 890 1540 3 889 161 0 0 1"
      ;;
    63)
      test-tcas  "425 0 42 944 366 3382 0 609 743 1 0 1"
      ;;
    64)
      test-tcas  "673 0 377 615 352 4345 0 926 376 0 1 1"
      ;;
    65)
      test-tcas  "371 0 480 204 79 8740 3 69 395 0 0 1"
      ;;
    66)
      test-tcas  "100 1 408 477 212 6557 0 645 926 1 0 1"
      ;;
    67)
      test-tcas  "96 1 340 633 95 7250 2 72 672 0 0 0"
      ;;
    68)
      test-tcas  "109 1 523 798 599 9710 1 170 248 1 0 0"
      ;;
    69)
      test-tcas  "539 1 405 204 389 5630 3 939 174 1 1 0"
      ;;
    70)
      test-tcas  "211 1 877 39 239 6797 1 805 370 1 0 1"
      ;;
    71)
      test-tcas  "824 0 53 538 544 4729 0 890 421 1 0 0"
      ;;
    72)
      test-tcas  "429 1 663 456 469 3735 0 52 65 1 1 0"
      ;;
    73)
      test-tcas  "369 1 29 571 109 5772 2 648 221 0 0 0"
      ;;
    74)
      test-tcas  "903 1 731 403 757 7488 2 110 466 1 1 1"
      ;;
    75)
      test-tcas  "231 0 379 743 764 6520 0 559 223 0 1 0"
      ;;
    76)
      test-tcas  "872 1 476 81 627 5492 0 757 899 0 0 0"
      ;;
    77)
      test-tcas  "286 1 109 378 775 8243 1 776 29 0 0 1"
      ;;
    78)
      test-tcas  "282 1 215 21 89 3526 0 772 920 1 0 0"
      ;;
    79)
      test-tcas  "145 1 366 150 495 6909 3 267 474 0 0 0"
      ;;
    80)
      test-tcas  "522 1 444 821 953 1687 0 293 819 0 0 1"
      ;;
    81)
      test-tcas  "894 0 215 792 900 4476 2 690 963 0 1 1"
      ;;
    82)
      test-tcas  "31 1 701 926 651 608 0 771 64 0 0 0"
      ;;
    83)
      test-tcas  "61 0 302 447 410 8699 2 400 969 0 0 0"
      ;;
    84)
      test-tcas  "764 0 935 463 434 2572 2 418 449 0 1 1"
      ;;
    85)
      test-tcas  "400 1 983 310 490 2342 0 121 80 1 0 0"
      ;;
    86)
      test-tcas  "776 0 581 420 59 4675 2 298 935 1 1 0"
      ;;
    87)
      test-tcas  "398 1 710 475 777 5200 0 66 194 1 0 0"
      ;;
    88)
      test-tcas  "414 0 779 695 359 3675 1 474 434 0 0 1"
      ;;
esac
