#!/bin/bash
set -euo pipefail
SCRIPT_DIR=$(cd "$(dirname "${BASH_SOURCE[0]}")" && pwd)
test-tcas () {
    diff -q <(${ANGELIX_RUN:-eval} ./tcas $1) <($SCRIPT_DIR/../golden/tcas $1) > /dev/null
}

case "$1" in
    1)
      test-tcas  "335 1 792 398 992 1350 2 720 29 1 1 0"
      ;;
    2)
      test-tcas  "241 1 586 767 559 7376 3 825 931 0 1 1"
      ;;
    3)
      test-tcas  "191 0 32 363 558 3763 1 17 431 0 0 0"
      ;;
    4)
      test-tcas  "628 1 481 266 58 7724 0 116 104 0 0 1"
      ;;
    5)
      test-tcas  "657 0 522 289 839 9859 1 856 930 0 0 0"
      ;;
    6)
      test-tcas  "912 0 445 913 351 6887 1 718 43 0 1 0"
      ;;
    7)
      test-tcas  "955 0 566 712 527 1842 2 619 321 1 1 1"
      ;;
    8)
      test-tcas  "336 0 770 211 43 4133 2 60 349 0 0 1"
      ;;
    9)
      test-tcas  "245 0 546 259 850 8032 3 647 933 0 1 0"
      ;;
    10)
      test-tcas  "751 0 390 675 246 4116 2 717 192 1 0 1"
      ;;
    11)
      test-tcas  "897 1 820 986 460 3729 1 41 360 1 1 0"
      ;;
    12)
      test-tcas  "397 0 312 690 597 1872 3 316 714 0 0 1"
      ;;
    13)
      test-tcas  "395 1 253 497 909 8839 3 375 579 0 0 1"
      ;;
    14)
      test-tcas  "686 0 504 525 693 5641 3 673 76 1 0 1"
      ;;
    15)
      test-tcas  "914 0 389 406 673 2533 3 793 276 1 1 0"
      ;;
    16)
      test-tcas  "661 0 897 708 486 4061 3 276 564 1 1 0"
      ;;
    17)
      test-tcas  "896 0 490 996 885 7718 1 199 423 1 1 0"
      ;;
    18)
      test-tcas  "72 1 352 245 473 6730 1 425 475 1 0 0"
      ;;
    19)
      test-tcas  "169 1 958 170 230 583 2 502 431 0 1 1"
      ;;
    20)
      test-tcas  "239 0 711 377 708 9682 3 639 670 0 0 1"
      ;;
    21)
      test-tcas  "424 0 871 13 664 3006 3 147 422 1 1 1"
      ;;
    22)
      test-tcas  "159 0 321 861 966 9789 3 167 24 0 1 1"
      ;;
    23)
      test-tcas  "107 0 635 583 911 8083 0 371 446 0 0 1"
      ;;
    24)
      test-tcas  "517 1 632 965 620 4616 0 686 167 1 0 1"
      ;;
    25)
      test-tcas  "39 0 5 743 912 1563 0 930 682 1 1 0"
      ;;
    26)
      test-tcas  "545 0 752 669 17 6753 3 526 228 1 0 0"
      ;;
    27)
      test-tcas  "316 1 957 146 656 4456 2 229 951 0 1 1"
      ;;
    28)
      test-tcas  "918 0 80 766 436 4140 0 27 499 1 1 1"
      ;;
    29)
      test-tcas  "304 0 163 700 86 4591 1 98 78 1 1 1"
      ;;
    30)
      test-tcas  "112 1 378 836 926 426 3 841 210 0 0 1"
      ;;
    31)
      test-tcas  "774 0 75 103 3 7392 0 662 938 1 0 1"
      ;;
    32)
      test-tcas  "902 0 917 310 577 1860 1 297 849 0 1 1"
      ;;
    33)
      test-tcas  "513 1 850 302 168 8653 3 23 222 1 0 0"
      ;;
    34)
      test-tcas  "959 0 558 84 48 9762 0 151 703 0 1 1"
      ;;
    35)
      test-tcas  "936 0 615 941 12 4581 2 726 238 1 1 0"
      ;;
    36)
      test-tcas  "695 0 894 399 393 87 0 312 564 1 1 1"
      ;;
    37)
      test-tcas  "534 1 825 166 658 6879 3 213 312 0 0 1"
      ;;
    38)
      test-tcas  "819 1 820 958 507 4096 3 394 776 0 1 0"
      ;;
    39)
      test-tcas  "201 1 707 350 181 3148 2 740 596 0 0 0"
      ;;
    40)
      test-tcas  "269 1 156 479 743 6673 1 175 60 0 0 0"
      ;;
    41)
      test-tcas  "761 0 29 605 285 5374 2 462 329 0 0 1"
      ;;
    42)
      test-tcas  "463 1 194 175 517 1310 2 306 801 0 0 0"
      ;;
    43)
      test-tcas  "236 0 702 140 844 1783 0 663 879 0 1 0"
      ;;
    44)
      test-tcas  "51 0 288 842 943 3271 1 855 725 1 0 0"
      ;;
    45)
      test-tcas  "685 0 950 839 969 9822 2 329 106 0 1 1"
      ;;
    46)
      test-tcas  "594 0 855 556 830 4964 1 535 159 0 0 1"
      ;;
    47)
      test-tcas  "659 1 54 615 563 562 3 552 877 1 1 1"
      ;;
    48)
      test-tcas  "872 0 421 161 574 59 2 702 299 0 1 0"
      ;;
    49)
      test-tcas  "578 1 908 409 517 7275 0 451 758 1 0 1"
      ;;
    50)
      test-tcas  "729 0 563 38 781 5348 2 454 178 0 1 0"
      ;;
    51)
      test-tcas  "599 1 885 902 7 3470 1 604 234 1 0 0"
      ;;
    52)
      test-tcas  "661 1 886 855 653 1898 1 438 254 1 0 0"
      ;;
    53)
      test-tcas  "782 1 768 295 557 8155 3 185 975 0 0 0"
      ;;
    54)
      test-tcas  "571 0 400 269 461 9500 0 187 819 1 1 1"
      ;;
    55)
      test-tcas  "602 1 722 739 815 8611 2 278 984 0 0 1"
      ;;
    56)
      test-tcas  "368 0 914 792 668 944 1 92 650 0 0 0"
      ;;
    57)
      test-tcas  "125 1 579 251 213 3433 2 86 677 1 1 0"
      ;;
    58)
      test-tcas  "364 1 319 287 491 5155 0 339 591 0 1 0"
      ;;
    59)
      test-tcas  "410 1 910 222 956 1123 0 996 199 0 0 0"
      ;;
    60)
      test-tcas  "628 0 893 814 981 691 1 401 994 0 0 1"
      ;;
    61)
      test-tcas  "935 0 639 835 15 2013 3 714 538 0 0 1"
      ;;
    62)
      test-tcas  "745 0 979 777 918 3649 1 935 213 1 0 1"
      ;;
    63)
      test-tcas  "107 0 202 2 66 3778 0 936 253 0 0 1"
      ;;
    64)
      test-tcas  "667 0 674 604 83 6481 0 160 572 1 1 0"
      ;;
    65)
      test-tcas  "180 1 481 652 547 3316 2 275 862 0 0 0"
      ;;
    66)
      test-tcas  "575 1 392 412 719 6765 2 65 504 0 1 0"
      ;;
    67)
      test-tcas  "117 1 25 450 283 285 3 396 203 1 1 1"
      ;;
    68)
      test-tcas  "946 1 425 380 226 7437 2 35 779 0 1 0"
      ;;
    69)
      test-tcas  "218 1 293 309 340 44 3 592 336 0 0 0"
      ;;
    70)
      test-tcas  "263 0 868 782 423 2518 1 734 21 0 1 0"
      ;;
    71)
      test-tcas  "575 0 922 265 67 6289 1 246 777 1 0 1"
      ;;
    72)
      test-tcas  "36 0 540 919 907 4854 2 332 935 1 0 1"
      ;;
    73)
      test-tcas  "651 1 259 565 491 6155 0 910 138 0 0 1"
      ;;
    74)
      test-tcas  "81 1 758 389 342 4897 2 423 932 0 0 1"
      ;;
    75)
      test-tcas  "555 0 665 53 505 3054 2 960 476 0 0 1"
      ;;
    76)
      test-tcas  "238 1 96 422 721 2039 3 218 89 0 1 1"
      ;;
    77)
      test-tcas  "808 1 323 199 533 5023 1 33 906 0 0 0"
      ;;
    78)
      test-tcas  "958 0 498 245 917 2544 1 855 623 1 1 1"
      ;;
    79)
      test-tcas  "668 1 553 354 609 8858 2 731 294 1 0 1"
      ;;
    80)
      test-tcas  "443 1 361 697 77 579 1 910 310 1 0 0"
      ;;
    81)
      test-tcas  "327 1 886 79 38 2802 2 288 79 1 0 1"
      ;;
    82)
      test-tcas  "276 0 461 535 675 1380 3 466 548 0 1 0"
      ;;
    83)
      test-tcas  "516 0 377 630 100 3070 2 171 547 0 1 0"
      ;;
    84)
      test-tcas  "723 1 853 187 274 8074 2 307 969 1 1 1"
      ;;
    85)
      test-tcas  "360 1 923 942 453 1973 1 833 94 1 0 1"
      ;;
    86)
      test-tcas  "139 0 97 870 308 6179 3 90 819 0 1 0"
      ;;
    87)
      test-tcas  "511 0 565 706 182 7926 0 83 315 0 0 1"
      ;;
    88)
      test-tcas  "165 0 452 326 447 2304 0 590 507 1 1 1"
      ;;
esac
