#!/bin/bash
set -euo pipefail
SCRIPT_DIR=$(cd "$(dirname "${BASH_SOURCE[0]}")" && pwd)
test-tcas () {
    diff -q <(${ANGELIX_RUN:-eval} ./tcas $1) <($SCRIPT_DIR/../golden/tcas $1) > /dev/null
}

case "$1" in
    1)
      test-tcas  "773 1 483 692 652 6665 1 555 903 0 0 1"
      ;;
    2)
      test-tcas  "739 1 921 541 540 1951 3 466 727 1 1 0"
      ;;
    3)
      test-tcas  "655 0 818 557 924 4764 1 159 731 1 1 1"
      ;;
    4)
      test-tcas  "996 0 2 579 59 6388 0 355 662 0 0 0"
      ;;
    5)
      test-tcas  "795 0 874 662 736 5329 1 548 267 0 0 1"
      ;;
    6)
      test-tcas  "635 1 391 434 276 4039 3 590 718 0 1 1"
      ;;
    7)
      test-tcas  "368 1 17 685 54 636 0 420 330 1 1 1"
      ;;
    8)
      test-tcas  "512 0 496 106 384 3509 3 828 252 1 0 0"
      ;;
    9)
      test-tcas  "828 0 611 542 2 3388 1 176 106 1 0 0"
      ;;
    10)
      test-tcas  "738 1 670 588 543 8816 2 176 602 1 0 1"
      ;;
    11)
      test-tcas  "250 0 198 721 211 7044 3 811 910 1 0 1"
      ;;
    12)
      test-tcas  "686 1 348 565 457 3122 0 572 30 1 1 1"
      ;;
    13)
      test-tcas  "878 1 700 216 722 5366 2 137 618 0 1 1"
      ;;
    14)
      test-tcas  "630 0 591 859 341 5569 1 610 612 1 0 1"
      ;;
    15)
      test-tcas  "29 1 724 192 415 7072 0 366 647 1 0 1"
      ;;
    16)
      test-tcas  "743 0 712 420 886 3357 3 448 592 1 1 0"
      ;;
    17)
      test-tcas  "695 0 246 797 238 4004 2 330 608 1 0 1"
      ;;
    18)
      test-tcas  "466 0 923 873 107 3716 3 721 922 0 0 0"
      ;;
    19)
      test-tcas  "488 1 263 768 696 3699 2 865 994 1 1 0"
      ;;
    20)
      test-tcas  "491 0 186 907 182 2928 0 593 6 0 1 0"
      ;;
    21)
      test-tcas  "785 0 202 737 384 9764 0 133 528 1 0 1"
      ;;
    22)
      test-tcas  "848 1 697 33 662 2034 2 361 874 0 0 0"
      ;;
    23)
      test-tcas  "195 1 152 383 534 5961 3 925 53 0 0 0"
      ;;
    24)
      test-tcas  "852 0 692 487 668 1391 2 261 307 1 1 0"
      ;;
    25)
      test-tcas  "726 0 230 838 826 2390 3 195 62 0 0 0"
      ;;
    26)
      test-tcas  "891 1 512 301 952 8712 1 377 627 0 1 1"
      ;;
    27)
      test-tcas  "269 1 631 2 976 4674 2 378 261 0 1 0"
      ;;
    28)
      test-tcas  "321 0 92 828 935 7742 2 804 180 0 1 1"
      ;;
    29)
      test-tcas  "270 0 179 655 825 9548 2 257 774 0 0 1"
      ;;
    30)
      test-tcas  "949 1 340 245 98 7228 3 478 733 0 0 0"
      ;;
    31)
      test-tcas  "710 1 435 539 933 2735 3 404 865 1 1 0"
      ;;
    32)
      test-tcas  "851 0 48 801 351 2318 3 302 302 1 1 1"
      ;;
    33)
      test-tcas  "767 1 667 793 935 7534 0 485 296 0 0 0"
      ;;
    34)
      test-tcas  "532 1 313 858 240 3042 3 501 137 1 1 0"
      ;;
    35)
      test-tcas  "776 1 250 410 139 4986 1 940 700 0 0 1"
      ;;
    36)
      test-tcas  "661 1 614 988 123 7031 1 332 877 0 0 0"
      ;;
    37)
      test-tcas  "370 1 288 601 121 9051 3 827 573 1 1 1"
      ;;
    38)
      test-tcas  "887 0 1 648 683 6108 3 567 110 0 1 0"
      ;;
    39)
      test-tcas  "904 1 538 237 307 2657 2 858 776 0 1 1"
      ;;
    40)
      test-tcas  "475 0 71 228 401 8916 1 391 837 0 1 0"
      ;;
    41)
      test-tcas  "554 1 924 757 801 3058 3 889 654 0 1 0"
      ;;
    42)
      test-tcas  "763 0 671 489 850 4213 1 632 594 1 1 0"
      ;;
    43)
      test-tcas  "693 1 216 196 938 7369 0 414 153 0 0 1"
      ;;
    44)
      test-tcas  "683 1 499 662 946 2001 1 452 215 0 0 0"
      ;;
    45)
      test-tcas  "430 1 673 249 320 1689 3 824 541 1 1 1"
      ;;
    46)
      test-tcas  "845 0 49 755 523 2126 2 933 489 0 0 0"
      ;;
    47)
      test-tcas  "427 0 707 503 326 9717 1 462 628 1 1 0"
      ;;
    48)
      test-tcas  "927 1 584 816 837 2496 1 172 209 0 0 1"
      ;;
    49)
      test-tcas  "361 1 891 255 344 9241 2 755 579 1 0 1"
      ;;
    50)
      test-tcas  "369 1 54 213 900 1579 2 829 354 0 0 1"
      ;;
    51)
      test-tcas  "659 1 847 558 222 7418 0 944 716 1 0 1"
      ;;
    52)
      test-tcas  "617 0 169 185 734 2306 3 242 404 0 1 1"
      ;;
    53)
      test-tcas  "376 1 846 409 681 8233 1 200 906 1 1 0"
      ;;
    54)
      test-tcas  "410 1 32 190 941 7059 1 539 34 1 1 0"
      ;;
    55)
      test-tcas  "335 1 161 217 687 8031 1 140 433 0 0 1"
      ;;
    56)
      test-tcas  "867 1 40 854 193 5859 0 384 681 1 1 0"
      ;;
    57)
      test-tcas  "894 1 487 967 32 7537 1 30 448 1 0 0"
      ;;
    58)
      test-tcas  "347 1 971 508 521 2428 2 268 726 0 0 1"
      ;;
    59)
      test-tcas  "980 1 997 721 613 1243 2 199 385 1 0 0"
      ;;
    60)
      test-tcas  "362 0 449 630 527 5259 2 488 301 1 0 1"
      ;;
    61)
      test-tcas  "236 1 822 368 163 7576 2 440 966 0 0 0"
      ;;
    62)
      test-tcas  "3 1 211 688 880 3352 1 231 950 0 0 0"
      ;;
    63)
      test-tcas  "425 0 32 767 421 5735 3 431 648 1 0 0"
      ;;
    64)
      test-tcas  "651 1 876 188 725 8755 3 397 657 1 0 0"
      ;;
    65)
      test-tcas  "446 1 417 689 2 7598 2 443 657 1 0 1"
      ;;
    66)
      test-tcas  "961 1 133 927 876 566 0 78 967 1 0 0"
      ;;
    67)
      test-tcas  "591 1 629 216 438 5607 0 874 957 1 0 1"
      ;;
    68)
      test-tcas  "358 1 537 752 913 7537 3 838 215 1 1 1"
      ;;
    69)
      test-tcas  "912 1 498 488 168 11 1 378 799 0 0 1"
      ;;
    70)
      test-tcas  "556 0 350 340 543 8943 0 200 103 1 0 0"
      ;;
    71)
      test-tcas  "820 1 567 958 445 1382 2 623 694 0 0 1"
      ;;
    72)
      test-tcas  "829 1 112 778 873 5843 3 990 115 1 1 0"
      ;;
    73)
      test-tcas  "285 0 177 554 420 6797 1 945 956 1 0 0"
      ;;
    74)
      test-tcas  "45 1 868 975 437 7398 2 442 519 1 1 0"
      ;;
    75)
      test-tcas  "261 1 632 409 904 576 3 438 172 0 1 0"
      ;;
    76)
      test-tcas  "698 1 235 172 112 9394 2 209 961 1 0 0"
      ;;
    77)
      test-tcas  "203 0 284 42 534 2994 2 252 224 1 0 1"
      ;;
    78)
      test-tcas  "445 1 754 95 298 4602 2 702 886 0 1 1"
      ;;
    79)
      test-tcas  "803 0 568 164 363 2840 0 117 730 1 1 1"
      ;;
    80)
      test-tcas  "880 1 200 513 973 7147 0 383 282 1 1 0"
      ;;
    81)
      test-tcas  "310 0 315 502 103 2246 3 390 35 1 1 1"
      ;;
    82)
      test-tcas  "557 1 780 232 502 5518 0 933 503 1 0 0"
      ;;
    83)
      test-tcas  "59 1 894 285 529 4669 0 135 114 1 0 0"
      ;;
    84)
      test-tcas  "494 0 422 811 312 1367 0 443 163 1 1 1"
      ;;
    85)
      test-tcas  "80 0 991 311 771 9425 2 19 9 1 1 0"
      ;;
    86)
      test-tcas  "662 0 559 509 819 3763 2 28 333 1 1 0"
      ;;
    87)
      test-tcas  "904 1 85 737 525 8686 3 58 675 1 1 0"
      ;;
    88)
      test-tcas  "205 1 126 269 212 1021 2 514 564 1 0 0"
      ;;
esac
