#!/bin/bash
set -euo pipefail
SCRIPT_DIR=$(cd "$(dirname "${BASH_SOURCE[0]}")" && pwd)
test-tcas () {
    diff -q <(${ANGELIX_RUN:-eval} ./tcas $1) <($SCRIPT_DIR/../golden/tcas $1) > /dev/null
}

case "$1" in
    1)
      test-tcas  "65 0 542 431 52 6082 0 184 940 0 0 1"
      ;;
    2)
      test-tcas  "987 1 441 719 50 2720 0 108 305 1 0 1"
      ;;
    3)
      test-tcas  "783 1 759 825 618 1349 1 236 253 1 0 1"
      ;;
    4)
      test-tcas  "333 0 27 755 736 2889 3 364 966 1 1 1"
      ;;
    5)
      test-tcas  "145 1 174 588 974 6307 3 146 316 1 1 1"
      ;;
    6)
      test-tcas  "511 0 874 277 143 8044 1 939 739 0 1 0"
      ;;
    7)
      test-tcas  "795 0 31 122 602 8801 2 637 576 1 0 0"
      ;;
    8)
      test-tcas  "195 1 927 498 162 4041 0 29 140 0 1 1"
      ;;
    9)
      test-tcas  "259 0 372 221 585 5682 2 940 940 0 0 0"
      ;;
    10)
      test-tcas  "759 0 11 422 183 5816 3 792 188 1 1 1"
      ;;
    11)
      test-tcas  "377 0 730 46 993 8783 0 371 821 1 0 0"
      ;;
    12)
      test-tcas  "913 0 847 998 486 5637 1 432 925 1 0 1"
      ;;
    13)
      test-tcas  "543 1 479 673 640 4960 1 346 460 1 1 1"
      ;;
    14)
      test-tcas  "834 1 171 928 645 6012 2 253 789 1 1 1"
      ;;
    15)
      test-tcas  "946 0 529 698 321 4523 1 234 493 1 0 0"
      ;;
    16)
      test-tcas  "637 0 213 258 681 7852 0 695 433 0 0 1"
      ;;
    17)
      test-tcas  "282 0 235 653 862 4901 0 634 993 1 0 1"
      ;;
    18)
      test-tcas  "267 1 84 116 901 6981 3 590 838 1 0 0"
      ;;
    19)
      test-tcas  "665 0 697 219 566 8882 0 983 419 0 0 0"
      ;;
    20)
      test-tcas  "159 0 834 221 664 4555 0 135 801 1 0 1"
      ;;
    21)
      test-tcas  "683 0 836 497 903 9248 1 582 229 0 0 0"
      ;;
    22)
      test-tcas  "245 1 216 29 523 9499 0 327 140 0 1 0"
      ;;
    23)
      test-tcas  "823 1 914 821 534 4155 2 438 79 0 1 1"
      ;;
    24)
      test-tcas  "169 0 428 651 456 3546 3 863 213 1 0 1"
      ;;
    25)
      test-tcas  "734 1 382 860 1 92 1 533 861 0 1 1"
      ;;
    26)
      test-tcas  "774 1 367 892 168 1941 1 740 576 1 0 0"
      ;;
    27)
      test-tcas  "38 1 229 10 682 1746 2 382 16 0 1 1"
      ;;
    28)
      test-tcas  "222 1 162 59 662 5429 3 59 884 0 1 0"
      ;;
    29)
      test-tcas  "645 0 219 325 846 620 1 17 852 0 0 1"
      ;;
    30)
      test-tcas  "319 1 31 383 545 1591 1 780 371 1 0 1"
      ;;
    31)
      test-tcas  "807 0 670 469 899 6733 0 761 832 0 1 0"
      ;;
    32)
      test-tcas  "907 0 716 192 798 6112 2 417 491 1 1 1"
      ;;
    33)
      test-tcas  "362 0 686 452 158 242 1 409 33 0 0 0"
      ;;
    34)
      test-tcas  "386 1 39 203 960 7090 1 926 573 0 0 0"
      ;;
    35)
      test-tcas  "878 0 987 131 750 2314 3 692 263 0 0 1"
      ;;
    36)
      test-tcas  "731 0 362 555 941 7941 3 275 567 1 0 1"
      ;;
    37)
      test-tcas  "679 0 740 738 467 7102 1 147 529 1 0 1"
      ;;
    38)
      test-tcas  "572 1 955 445 949 7011 3 455 233 0 1 0"
      ;;
    39)
      test-tcas  "953 1 48 915 673 9134 1 759 835 1 0 1"
      ;;
    40)
      test-tcas  "201 1 572 503 211 4468 1 910 351 0 1 1"
      ;;
    41)
      test-tcas  "416 0 991 13 601 2976 1 998 522 0 0 1"
      ;;
    42)
      test-tcas  "565 1 754 264 490 9564 1 648 801 0 1 0"
      ;;
    43)
      test-tcas  "234 1 379 647 632 4495 1 124 606 0 1 1"
      ;;
    44)
      test-tcas  "621 0 632 368 587 3853 2 519 598 1 0 0"
      ;;
    45)
      test-tcas  "189 1 619 755 386 5549 2 878 845 0 1 0"
      ;;
    46)
      test-tcas  "604 1 266 350 299 8445 3 412 223 0 0 1"
      ;;
    47)
      test-tcas  "285 1 342 653 731 6455 0 930 484 0 1 0"
      ;;
    48)
      test-tcas  "89 0 787 149 558 5897 0 366 840 0 1 0"
      ;;
    49)
      test-tcas  "261 1 697 837 41 3069 0 713 905 0 0 0"
      ;;
    50)
      test-tcas  "895 1 885 699 702 9805 0 835 242 1 0 0"
      ;;
    51)
      test-tcas  "741 1 467 527 282 7799 3 502 636 1 1 0"
      ;;
    52)
      test-tcas  "209 0 400 239 100 7707 2 614 607 1 0 0"
      ;;
    53)
      test-tcas  "967 1 400 195 795 6402 3 866 445 1 1 1"
      ;;
    54)
      test-tcas  "486 1 58 185 597 5359 0 164 415 0 0 1"
      ;;
    55)
      test-tcas  "340 0 420 579 831 4901 1 862 471 0 1 0"
      ;;
    56)
      test-tcas  "0 0 630 720 488 2995 3 330 107 1 0 1"
      ;;
    57)
      test-tcas  "234 0 609 924 202 3446 2 600 626 0 1 0"
      ;;
    58)
      test-tcas  "96 1 28 437 994 6629 3 710 330 0 1 1"
      ;;
    59)
      test-tcas  "791 0 121 451 638 6467 0 30 707 0 0 1"
      ;;
    60)
      test-tcas  "523 1 134 693 443 13 0 158 860 1 0 0"
      ;;
    61)
      test-tcas  "672 1 419 297 663 947 1 101 956 1 1 0"
      ;;
    62)
      test-tcas  "403 1 365 510 637 5314 1 175 534 0 0 0"
      ;;
    63)
      test-tcas  "970 1 505 418 122 7158 1 633 22 0 0 0"
      ;;
    64)
      test-tcas  "704 0 283 169 104 3113 1 181 793 0 1 1"
      ;;
    65)
      test-tcas  "753 1 27 216 658 8689 3 549 538 1 0 1"
      ;;
    66)
      test-tcas  "288 1 748 861 209 4798 2 911 664 0 1 0"
      ;;
    67)
      test-tcas  "954 1 426 860 756 1102 0 317 786 1 0 1"
      ;;
    68)
      test-tcas  "877 0 404 6 339 2948 0 445 283 0 0 0"
      ;;
    69)
      test-tcas  "569 1 525 581 184 1066 2 741 157 1 1 0"
      ;;
    70)
      test-tcas  "539 1 532 129 618 7787 1 597 287 1 0 0"
      ;;
    71)
      test-tcas  "381 1 206 406 919 281 1 454 375 0 0 1"
      ;;
    72)
      test-tcas  "517 1 533 397 883 300 0 675 670 0 1 0"
      ;;
    73)
      test-tcas  "673 1 86 92 901 1045 1 758 699 1 1 1"
      ;;
    74)
      test-tcas  "506 0 577 205 866 5084 1 852 950 0 0 1"
      ;;
    75)
      test-tcas  "647 1 334 262 208 2803 0 653 567 0 0 0"
      ;;
    76)
      test-tcas  "700 0 196 412 813 8544 0 648 718 1 0 0"
      ;;
    77)
      test-tcas  "507 0 42 971 482 1497 3 197 398 0 0 1"
      ;;
    78)
      test-tcas  "221 1 844 117 998 490 2 261 934 0 0 1"
      ;;
    79)
      test-tcas  "432 1 798 212 707 6067 0 569 518 0 1 1"
      ;;
    80)
      test-tcas  "751 1 704 85 849 9745 3 757 534 1 0 1"
      ;;
    81)
      test-tcas  "899 0 357 111 673 8930 0 438 419 0 0 1"
      ;;
    82)
      test-tcas  "467 1 268 201 640 6841 1 342 212 0 1 1"
      ;;
    83)
      test-tcas  "59 0 574 788 713 9791 1 523 825 0 0 1"
      ;;
    84)
      test-tcas  "613 0 470 561 991 9385 1 244 446 1 0 1"
      ;;
    85)
      test-tcas  "158 1 993 155 561 4587 0 470 272 1 1 0"
      ;;
    86)
      test-tcas  "308 1 394 88 607 8184 3 921 121 0 1 0"
      ;;
    87)
      test-tcas  "184 0 750 125 415 3943 2 403 168 1 1 0"
      ;;
    88)
      test-tcas  "415 1 844 782 991 4724 3 610 338 1 1 1"
      ;;
esac
