#!/bin/bash
set -euo pipefail
SCRIPT_DIR=$(cd "$(dirname "${BASH_SOURCE[0]}")" && pwd)
test-tcas () {
    diff -q <(${ANGELIX_RUN:-eval} ./tcas $1) <($SCRIPT_DIR/../golden/tcas $1) > /dev/null
}

case "$1" in
    1)
      test-tcas  "882 0 520 575 92 9629 0 747 849 0 1 0"
      ;;
    2)
      test-tcas  "32 1 744 774 653 4533 2 181 357 1 1 0"
      ;;
    3)
      test-tcas  "954 0 704 29 342 990 1 32 232 1 1 0"
      ;;
    4)
      test-tcas  "27 1 87 958 51 3913 0 762 87 1 0 0"
      ;;
    5)
      test-tcas  "826 0 600 762 426 4128 3 247 824 0 1 1"
      ;;
    6)
      test-tcas  "842 1 8 901 403 2143 2 355 386 1 1 1"
      ;;
    7)
      test-tcas  "707 1 617 660 275 4933 3 834 320 1 0 0"
      ;;
    8)
      test-tcas  "469 0 348 469 613 2968 3 780 284 1 1 0"
      ;;
    9)
      test-tcas  "771 1 676 643 645 4538 2 363 739 1 0 1"
      ;;
    10)
      test-tcas  "845 0 93 935 579 8947 2 891 930 1 1 1"
      ;;
    11)
      test-tcas  "965 0 307 26 62 9286 3 693 819 0 1 0"
      ;;
    12)
      test-tcas  "480 1 230 751 318 9449 2 596 925 0 0 0"
      ;;
    13)
      test-tcas  "760 0 791 517 635 8540 2 136 32 1 0 0"
      ;;
    14)
      test-tcas  "279 1 881 996 658 9131 0 864 436 0 0 1"
      ;;
    15)
      test-tcas  "684 0 163 754 496 3740 2 409 866 0 1 1"
      ;;
    16)
      test-tcas  "80 0 186 46 916 6539 2 128 355 1 0 1"
      ;;
    17)
      test-tcas  "785 0 127 540 849 4598 2 398 230 1 1 0"
      ;;
    18)
      test-tcas  "631 0 583 218 140 5001 3 729 980 0 0 0"
      ;;
    19)
      test-tcas  "376 1 198 171 885 832 1 13 95 1 0 0"
      ;;
    20)
      test-tcas  "10 1 443 447 816 430 0 312 971 0 1 0"
      ;;
    21)
      test-tcas  "697 0 626 510 59 346 3 656 773 0 0 0"
      ;;
    22)
      test-tcas  "741 0 241 238 147 3222 3 319 588 0 0 1"
      ;;
    23)
      test-tcas  "356 0 913 721 461 7234 0 94 415 1 0 1"
      ;;
    24)
      test-tcas  "98 0 683 458 274 3856 3 986 434 1 0 0"
      ;;
    25)
      test-tcas  "673 0 976 794 298 5537 0 742 632 0 1 1"
      ;;
    26)
      test-tcas  "327 0 485 709 73 4386 2 491 224 0 1 0"
      ;;
    27)
      test-tcas  "301 0 276 283 713 7118 2 656 344 1 1 0"
      ;;
    28)
      test-tcas  "818 0 733 335 379 440 1 165 310 1 0 1"
      ;;
    29)
      test-tcas  "736 0 457 901 460 4575 2 744 229 0 1 1"
      ;;
    30)
      test-tcas  "432 0 11 331 781 897 0 909 961 0 0 0"
      ;;
    31)
      test-tcas  "602 0 315 872 148 2590 2 987 396 1 0 0"
      ;;
    32)
      test-tcas  "513 1 723 680 339 4871 0 220 646 1 1 0"
      ;;
    33)
      test-tcas  "816 1 153 201 91 3600 0 693 157 1 0 1"
      ;;
    34)
      test-tcas  "305 1 306 900 856 8174 1 485 822 0 1 1"
      ;;
    35)
      test-tcas  "18 0 822 249 974 6198 3 50 10 1 1 1"
      ;;
    36)
      test-tcas  "795 0 248 822 574 3886 0 439 956 0 1 0"
      ;;
    37)
      test-tcas  "873 1 25 286 850 7160 2 528 207 1 0 1"
      ;;
    38)
      test-tcas  "202 1 116 883 408 4183 0 946 799 0 0 0"
      ;;
    39)
      test-tcas  "132 0 671 910 213 500 2 889 537 1 0 0"
      ;;
    40)
      test-tcas  "628 1 8 457 103 3090 1 492 142 1 0 0"
      ;;
    41)
      test-tcas  "561 1 352 480 138 9442 3 832 184 0 0 0"
      ;;
    42)
      test-tcas  "613 1 136 3 920 2278 0 64 552 1 1 1"
      ;;
    43)
      test-tcas  "111 1 252 986 737 9717 1 566 780 0 1 1"
      ;;
    44)
      test-tcas  "577 1 441 58 733 4581 3 289 844 1 1 0"
      ;;
    45)
      test-tcas  "954 1 30 985 421 5079 3 826 39 0 1 1"
      ;;
    46)
      test-tcas  "417 0 459 350 654 2367 1 17 275 1 0 0"
      ;;
    47)
      test-tcas  "258 0 515 523 731 8442 0 106 574 0 1 0"
      ;;
    48)
      test-tcas  "737 1 844 559 552 407 0 725 707 0 0 0"
      ;;
    49)
      test-tcas  "810 1 235 181 709 4526 2 149 785 0 1 1"
      ;;
    50)
      test-tcas  "463 1 248 509 103 5407 0 404 244 1 1 0"
      ;;
    51)
      test-tcas  "873 0 128 664 81 2429 0 964 927 0 0 1"
      ;;
    52)
      test-tcas  "843 1 481 806 219 6834 0 834 76 1 1 0"
      ;;
    53)
      test-tcas  "893 1 953 566 725 9004 1 893 730 0 1 0"
      ;;
    54)
      test-tcas  "73 1 149 212 999 6200 2 395 541 1 0 0"
      ;;
    55)
      test-tcas  "914 0 249 227 189 6451 0 517 207 1 0 1"
      ;;
    56)
      test-tcas  "47 1 180 276 558 4439 0 821 627 0 1 1"
      ;;
    57)
      test-tcas  "848 1 868 837 241 20 3 417 497 1 1 1"
      ;;
    58)
      test-tcas  "976 1 950 1 365 9531 2 536 451 1 0 1"
      ;;
    59)
      test-tcas  "950 0 412 171 710 4221 2 71 884 1 0 0"
      ;;
    60)
      test-tcas  "876 0 918 571 951 9025 0 500 407 1 0 0"
      ;;
    61)
      test-tcas  "123 1 120 627 98 8448 3 423 355 1 0 1"
      ;;
    62)
      test-tcas  "164 0 969 419 121 4607 1 689 36 1 1 0"
      ;;
    63)
      test-tcas  "930 1 23 462 724 5395 1 885 316 0 0 0"
      ;;
    64)
      test-tcas  "865 0 895 171 30 8354 1 627 812 1 1 0"
      ;;
    65)
      test-tcas  "437 1 418 372 391 8192 1 812 344 0 0 1"
      ;;
    66)
      test-tcas  "173 0 687 216 745 2835 2 624 384 1 0 1"
      ;;
    67)
      test-tcas  "239 1 975 831 820 4633 2 722 89 1 1 1"
      ;;
    68)
      test-tcas  "363 0 595 970 174 9698 0 614 987 0 1 1"
      ;;
    69)
      test-tcas  "313 1 26 831 343 9410 2 796 704 0 1 0"
      ;;
    70)
      test-tcas  "296 1 112 73 475 3900 2 751 38 0 0 0"
      ;;
    71)
      test-tcas  "558 1 867 928 618 7742 1 415 414 0 1 0"
      ;;
    72)
      test-tcas  "21 0 337 72 307 3214 2 158 153 0 0 1"
      ;;
    73)
      test-tcas  "144 1 101 751 340 6310 1 791 108 1 1 1"
      ;;
    74)
      test-tcas  "214 0 390 354 572 5181 1 497 91 1 1 1"
      ;;
    75)
      test-tcas  "35 0 351 370 211 9879 3 948 63 0 1 1"
      ;;
    76)
      test-tcas  "449 1 812 360 487 6138 1 244 355 0 0 1"
      ;;
    77)
      test-tcas  "325 0 903 177 656 4521 0 576 184 1 0 1"
      ;;
    78)
      test-tcas  "556 1 147 364 129 9479 0 831 468 0 1 1"
      ;;
    79)
      test-tcas  "238 0 74 184 35 832 3 567 365 0 1 1"
      ;;
    80)
      test-tcas  "551 1 112 331 812 2800 3 59 144 1 1 1"
      ;;
    81)
      test-tcas  "927 1 369 895 345 3032 2 217 855 0 1 0"
      ;;
    82)
      test-tcas  "889 0 74 642 927 6066 3 428 878 1 1 1"
      ;;
    83)
      test-tcas  "430 0 748 140 661 2368 1 406 748 0 1 1"
      ;;
    84)
      test-tcas  "40 1 740 708 109 5459 2 291 677 0 1 0"
      ;;
    85)
      test-tcas  "424 0 539 539 809 5695 1 266 963 0 1 0"
      ;;
    86)
      test-tcas  "625 0 250 758 851 52 2 983 943 0 1 0"
      ;;
    87)
      test-tcas  "625 1 827 488 17 2651 2 122 337 1 0 0"
      ;;
    88)
      test-tcas  "621 0 119 314 943 954 0 326 748 1 1 1"
      ;;
esac
