#!/bin/bash
set -euo pipefail
SCRIPT_DIR=$(cd "$(dirname "${BASH_SOURCE[0]}")" && pwd)
test-tcas () {
    diff -q <(${ANGELIX_RUN:-eval} ./tcas $1) <($SCRIPT_DIR/../golden/tcas $1) > /dev/null
}

case "$1" in
    1)
      test-tcas  "915 0 483 913 219 5823 2 312 779 1 0 0"
      ;;
    2)
      test-tcas  "251 0 649 80 877 5622 2 498 300 1 1 1"
      ;;
    3)
      test-tcas  "926 1 337 101 311 5963 1 460 641 0 1 1"
      ;;
    4)
      test-tcas  "629 1 309 190 48 7240 0 549 683 0 0 1"
      ;;
    5)
      test-tcas  "693 0 204 519 262 4320 1 629 933 1 0 0"
      ;;
    6)
      test-tcas  "198 0 727 64 788 4172 2 507 555 0 0 1"
      ;;
    7)
      test-tcas  "49 1 207 647 647 6044 0 924 601 1 0 1"
      ;;
    8)
      test-tcas  "467 0 319 377 167 963 1 746 364 1 0 0"
      ;;
    9)
      test-tcas  "935 0 71 360 45 4538 2 17 771 0 0 0"
      ;;
    10)
      test-tcas  "236 0 978 404 974 1504 0 837 584 1 1 0"
      ;;
    11)
      test-tcas  "783 0 574 527 636 2040 3 505 93 1 0 1"
      ;;
    12)
      test-tcas  "963 1 181 366 82 8677 2 73 785 0 0 0"
      ;;
    13)
      test-tcas  "715 0 25 143 654 8638 0 381 322 0 0 1"
      ;;
    14)
      test-tcas  "40 1 466 534 717 9590 1 810 908 1 0 1"
      ;;
    15)
      test-tcas  "554 1 262 781 600 7160 3 314 890 0 1 0"
      ;;
    16)
      test-tcas  "621 0 367 549 149 126 3 921 150 0 0 0"
      ;;
    17)
      test-tcas  "952 0 861 429 369 3920 0 662 520 0 1 0"
      ;;
    18)
      test-tcas  "923 0 142 604 604 4998 2 918 123 0 0 0"
      ;;
    19)
      test-tcas  "148 0 528 18 687 7770 3 417 145 1 0 0"
      ;;
    20)
      test-tcas  "139 1 891 458 400 2036 0 565 163 0 0 1"
      ;;
    21)
      test-tcas  "133 0 904 208 524 2422 0 489 663 1 1 1"
      ;;
    22)
      test-tcas  "365 1 898 444 598 1911 3 23 977 1 1 1"
      ;;
    23)
      test-tcas  "262 1 215 228 366 9501 1 46 304 1 1 1"
      ;;
    24)
      test-tcas  "204 1 286 907 693 7004 2 851 992 0 0 0"
      ;;
    25)
      test-tcas  "569 1 518 838 516 2288 2 816 645 0 0 0"
      ;;
    26)
      test-tcas  "938 0 332 766 124 5644 3 412 92 1 0 1"
      ;;
    27)
      test-tcas  "333 1 486 718 817 2619 2 547 534 0 0 0"
      ;;
    28)
      test-tcas  "427 0 28 121 622 403 0 496 624 0 1 1"
      ;;
    29)
      test-tcas  "661 0 945 843 453 5892 0 56 463 1 1 1"
      ;;
    30)
      test-tcas  "133 0 717 100 685 1682 2 221 830 0 0 1"
      ;;
    31)
      test-tcas  "119 0 647 654 723 1652 3 557 171 1 0 1"
      ;;
    32)
      test-tcas  "925 0 923 364 698 289 0 509 118 1 0 1"
      ;;
    33)
      test-tcas  "689 1 973 80 953 9712 3 190 483 1 0 1"
      ;;
    34)
      test-tcas  "569 0 675 974 483 5211 3 720 805 0 0 1"
      ;;
    35)
      test-tcas  "571 0 542 723 942 4269 3 938 692 0 0 0"
      ;;
    36)
      test-tcas  "44 0 951 538 299 5318 1 219 251 1 0 1"
      ;;
    37)
      test-tcas  "623 1 943 766 583 975 3 377 983 0 1 0"
      ;;
    38)
      test-tcas  "107 0 61 826 573 6169 3 965 534 1 0 1"
      ;;
    39)
      test-tcas  "455 1 40 404 589 4429 2 928 700 0 0 0"
      ;;
    40)
      test-tcas  "732 1 63 288 894 5674 3 414 54 1 0 0"
      ;;
    41)
      test-tcas  "451 0 585 868 444 6047 3 548 465 0 0 1"
      ;;
    42)
      test-tcas  "356 1 555 160 31 4795 3 302 741 1 0 1"
      ;;
    43)
      test-tcas  "260 1 92 347 6 4774 0 49 436 0 1 0"
      ;;
    44)
      test-tcas  "53 0 436 84 30 2000 1 104 749 0 1 1"
      ;;
    45)
      test-tcas  "522 0 182 358 401 5591 1 480 232 1 0 1"
      ;;
    46)
      test-tcas  "69 0 459 437 638 2697 1 250 801 0 1 0"
      ;;
    47)
      test-tcas  "861 1 882 383 119 3292 2 240 299 0 0 0"
      ;;
    48)
      test-tcas  "344 1 691 793 596 7337 3 384 580 1 1 0"
      ;;
    49)
      test-tcas  "419 1 571 829 455 1475 2 875 741 0 1 1"
      ;;
    50)
      test-tcas  "939 0 198 204 588 4416 0 237 826 1 1 0"
      ;;
    51)
      test-tcas  "464 1 555 622 705 9227 0 733 901 1 1 0"
      ;;
    52)
      test-tcas  "521 0 559 241 846 7074 0 921 32 0 0 0"
      ;;
    53)
      test-tcas  "843 1 476 978 765 442 2 909 218 0 0 0"
      ;;
    54)
      test-tcas  "289 1 36 965 717 4508 3 700 901 1 0 1"
      ;;
    55)
      test-tcas  "312 1 25 189 40 3255 2 171 129 1 1 1"
      ;;
    56)
      test-tcas  "27 0 510 269 702 1906 2 547 955 0 0 1"
      ;;
    57)
      test-tcas  "19 0 670 448 808 9537 3 786 53 0 0 0"
      ;;
    58)
      test-tcas  "150 0 492 284 748 5124 1 51 962 1 1 1"
      ;;
    59)
      test-tcas  "664 1 367 56 449 6916 3 457 731 0 0 1"
      ;;
    60)
      test-tcas  "924 1 838 761 823 8795 3 470 71 0 1 0"
      ;;
    61)
      test-tcas  "122 1 470 536 188 8293 2 766 449 0 1 0"
      ;;
    62)
      test-tcas  "244 0 966 633 54 9107 2 6 816 1 0 0"
      ;;
    63)
      test-tcas  "543 0 294 495 250 6300 1 848 921 0 1 0"
      ;;
    64)
      test-tcas  "632 1 702 179 940 4942 2 595 384 0 1 0"
      ;;
    65)
      test-tcas  "222 1 66 263 589 2673 2 192 859 1 1 1"
      ;;
    66)
      test-tcas  "352 1 69 476 445 3592 3 778 810 0 0 0"
      ;;
    67)
      test-tcas  "753 0 209 643 585 4994 2 782 508 0 0 0"
      ;;
    68)
      test-tcas  "805 0 624 76 965 9770 2 462 983 1 1 0"
      ;;
    69)
      test-tcas  "251 0 181 309 368 5768 3 997 678 1 0 1"
      ;;
    70)
      test-tcas  "584 1 169 86 476 9113 2 628 642 0 1 0"
      ;;
    71)
      test-tcas  "669 0 345 680 659 1288 2 948 36 0 1 0"
      ;;
    72)
      test-tcas  "867 0 945 94 368 9906 2 292 734 0 0 0"
      ;;
esac
