#!/bin/bash
set -euo pipefail
SCRIPT_DIR=$(cd "$(dirname "${BASH_SOURCE[0]}")" && pwd)
test-tcas () {
    diff -q <(${ANGELIX_RUN:-eval} ./tcas $1) <($SCRIPT_DIR/../golden/tcas $1) > /dev/null
}

case "$1" in
    1)
      test-tcas  "951 0 898 279 504 368 2 968 649 1 0 1"
      ;;
    2)
      test-tcas  "727 1 770 108 619 3951 0 418 892 1 0 0"
      ;;
    3)
      test-tcas  "176 0 171 312 960 9114 0 910 887 1 0 0"
      ;;
    4)
      test-tcas  "57 0 931 89 833 4806 1 451 92 1 1 1"
      ;;
    5)
      test-tcas  "948 1 882 695 461 821 1 764 5 1 1 0"
      ;;
    6)
      test-tcas  "521 1 699 559 72 5282 2 378 790 0 0 1"
      ;;
    7)
      test-tcas  "496 0 483 427 51 9245 0 816 737 0 0 1"
      ;;
    8)
      test-tcas  "802 0 414 193 615 9443 3 67 758 1 1 0"
      ;;
    9)
      test-tcas  "791 1 758 942 326 3926 3 660 545 0 1 0"
      ;;
    10)
      test-tcas  "261 0 544 430 162 2577 1 670 931 0 0 0"
      ;;
    11)
      test-tcas  "506 0 375 769 898 5078 2 795 587 0 1 1"
      ;;
    12)
      test-tcas  "743 0 39 498 192 3023 3 312 326 0 0 1"
      ;;
    13)
      test-tcas  "892 0 937 422 938 341 3 258 2 1 1 0"
      ;;
    14)
      test-tcas  "17 1 736 717 294 7162 2 528 381 0 1 1"
      ;;
    15)
      test-tcas  "550 0 182 683 171 6639 0 776 247 0 0 0"
      ;;
    16)
      test-tcas  "933 0 595 340 966 2067 2 86 543 0 1 1"
      ;;
    17)
      test-tcas  "319 0 271 626 913 2877 3 227 477 0 0 0"
      ;;
    18)
      test-tcas  "667 1 818 441 605 2818 1 82 228 1 1 0"
      ;;
    19)
      test-tcas  "775 0 310 65 8 1734 2 401 175 1 0 0"
      ;;
    20)
      test-tcas  "652 1 144 623 671 3952 1 437 507 0 1 1"
      ;;
    21)
      test-tcas  "58 0 547 265 778 1278 3 336 535 1 0 0"
      ;;
    22)
      test-tcas  "49 1 849 536 261 7057 2 195 119 1 1 1"
      ;;
    23)
      test-tcas  "16 1 888 100 334 9655 2 733 322 0 1 0"
      ;;
    24)
      test-tcas  "872 1 271 500 555 8994 3 247 658 0 1 0"
      ;;
    25)
      test-tcas  "898 1 673 997 852 8598 0 217 174 1 1 0"
      ;;
    26)
      test-tcas  "113 1 870 706 892 7744 1 380 68 1 0 1"
      ;;
    27)
      test-tcas  "62 0 861 350 683 3983 1 447 608 1 1 0"
      ;;
    28)
      test-tcas  "475 0 146 788 432 5366 1 772 762 1 1 0"
      ;;
    29)
      test-tcas  "451 1 55 249 381 4190 1 350 176 1 1 1"
      ;;
    30)
      test-tcas  "578 1 938 760 649 70 1 332 8 1 1 0"
      ;;
    31)
      test-tcas  "796 0 27 690 25 9500 1 980 525 0 0 1"
      ;;
    32)
      test-tcas  "724 1 904 592 125 1879 3 523 408 0 1 0"
      ;;
    33)
      test-tcas  "792 0 666 640 429 8281 1 766 334 0 0 1"
      ;;
    34)
      test-tcas  "598 1 227 918 392 8888 1 541 598 1 1 0"
      ;;
    35)
      test-tcas  "719 1 513 591 95 8193 1 165 361 0 1 1"
      ;;
    36)
      test-tcas  "492 1 840 666 776 3609 0 2 506 0 1 1"
      ;;
    37)
      test-tcas  "239 1 305 502 24 3163 2 977 65 1 0 1"
      ;;
    38)
      test-tcas  "923 0 699 588 507 1384 3 516 787 1 0 1"
      ;;
    39)
      test-tcas  "353 0 192 249 727 9370 3 833 568 1 1 0"
      ;;
    40)
      test-tcas  "739 0 925 986 542 5376 2 781 285 0 1 0"
      ;;
    41)
      test-tcas  "749 0 548 992 54 5979 1 627 892 1 1 1"
      ;;
    42)
      test-tcas  "71 0 829 116 855 5111 2 99 628 1 1 1"
      ;;
    43)
      test-tcas  "15 0 543 66 688 8870 2 886 746 1 1 1"
      ;;
    44)
      test-tcas  "747 0 132 53 166 8078 2 428 305 1 0 0"
      ;;
    45)
      test-tcas  "456 1 893 313 417 8106 1 365 310 0 1 1"
      ;;
    46)
      test-tcas  "2 0 913 13 339 6372 0 380 849 0 1 1"
      ;;
    47)
      test-tcas  "484 0 454 973 526 2374 0 347 764 1 0 0"
      ;;
    48)
      test-tcas  "611 1 85 411 931 2872 3 782 959 1 0 1"
      ;;
    49)
      test-tcas  "828 1 590 522 933 6151 2 444 536 1 0 1"
      ;;
    50)
      test-tcas  "791 1 432 147 618 3952 0 706 679 1 0 0"
      ;;
    51)
      test-tcas  "29 1 460 106 908 7827 2 878 503 1 1 0"
      ;;
    52)
      test-tcas  "474 0 516 897 490 8209 0 80 991 0 0 0"
      ;;
    53)
      test-tcas  "958 0 670 442 496 9539 0 536 625 1 0 1"
      ;;
    54)
      test-tcas  "815 0 980 414 431 3205 0 294 420 0 1 1"
      ;;
    55)
      test-tcas  "336 0 931 329 977 1949 0 276 734 1 0 1"
      ;;
    56)
      test-tcas  "31 0 50 104 74 4719 2 421 511 1 1 0"
      ;;
    57)
      test-tcas  "484 0 662 167 995 9707 3 280 478 0 1 0"
      ;;
    58)
      test-tcas  "936 1 272 380 62 5490 3 937 285 1 0 1"
      ;;
    59)
      test-tcas  "793 0 694 97 196 5856 0 436 624 0 0 1"
      ;;
    60)
      test-tcas  "772 1 792 574 584 2953 2 91 20 1 0 0"
      ;;
    61)
      test-tcas  "632 1 498 672 477 5898 1 39 224 0 1 1"
      ;;
    62)
      test-tcas  "188 0 700 393 433 7959 0 304 979 1 1 1"
      ;;
    63)
      test-tcas  "675 0 601 179 214 4782 0 291 364 0 0 0"
      ;;
    64)
      test-tcas  "487 0 246 210 53 8966 1 224 927 0 0 1"
      ;;
    65)
      test-tcas  "897 1 115 12 69 2554 1 394 474 0 0 0"
      ;;
    66)
      test-tcas  "473 1 972 671 317 8699 2 348 542 0 0 0"
      ;;
    67)
      test-tcas  "688 0 537 719 222 6897 2 221 437 0 1 1"
      ;;
    68)
      test-tcas  "527 0 38 412 999 2764 1 318 87 1 1 1"
      ;;
    69)
      test-tcas  "846 1 248 623 154 3320 3 848 968 1 0 0"
      ;;
    70)
      test-tcas  "754 1 307 863 192 2221 2 304 938 1 1 1"
      ;;
    71)
      test-tcas  "406 0 369 147 316 6232 0 439 7 1 0 1"
      ;;
    72)
      test-tcas  "309 1 960 435 142 4591 3 94 828 0 0 1"
      ;;
esac
