#!/bin/bash
set -euo pipefail
SCRIPT_DIR=$(cd "$(dirname "${BASH_SOURCE[0]}")" && pwd)
test-tcas () {
    diff -q <(${ANGELIX_RUN:-eval} ./tcas $1) <($SCRIPT_DIR/../golden/tcas $1) > /dev/null
}

case "$1" in
    1)
      test-tcas  "791 1 708 277 770 262 3 272 848 1 0 0"
      ;;
    2)
      test-tcas  "863 0 497 511 609 4009 2 909 161 0 0 0"
      ;;
    3)
      test-tcas  "515 0 41 228 375 1477 1 577 1 1 0 1"
      ;;
    4)
      test-tcas  "451 1 779 460 454 1050 2 622 396 0 0 1"
      ;;
    5)
      test-tcas  "582 0 967 173 30 2546 2 822 526 1 1 0"
      ;;
    6)
      test-tcas  "581 1 612 859 230 1720 1 520 295 0 1 0"
      ;;
    7)
      test-tcas  "900 1 58 240 494 8171 3 928 588 0 1 0"
      ;;
    8)
      test-tcas  "761 0 467 154 195 5589 1 384 164 0 0 1"
      ;;
    9)
      test-tcas  "466 1 367 897 707 9498 0 613 756 0 0 0"
      ;;
    10)
      test-tcas  "427 1 70 892 628 3550 2 895 821 0 1 0"
      ;;
    11)
      test-tcas  "586 0 92 703 521 1039 1 255 482 0 1 1"
      ;;
    12)
      test-tcas  "387 1 808 950 415 3562 3 563 467 0 0 1"
      ;;
    13)
      test-tcas  "158 1 321 759 471 3745 2 600 417 0 0 0"
      ;;
    14)
      test-tcas  "706 0 60 858 484 3608 1 837 640 1 0 0"
      ;;
    15)
      test-tcas  "67 1 843 452 515 4475 2 795 360 0 1 0"
      ;;
    16)
      test-tcas  "697 1 53 422 650 8383 0 481 683 1 0 0"
      ;;
    17)
      test-tcas  "16 0 279 334 934 4658 2 446 908 1 1 1"
      ;;
    18)
      test-tcas  "969 1 129 128 677 8736 1 566 402 1 1 1"
      ;;
    19)
      test-tcas  "335 0 14 215 818 3402 2 680 113 0 1 1"
      ;;
    20)
      test-tcas  "709 1 545 21 612 5399 0 649 851 1 1 0"
      ;;
    21)
      test-tcas  "589 0 698 831 831 2843 3 416 696 0 0 0"
      ;;
    22)
      test-tcas  "628 0 166 41 706 1016 3 1 441 1 0 1"
      ;;
    23)
      test-tcas  "41 0 294 648 173 5986 3 311 640 0 1 0"
      ;;
    24)
      test-tcas  "264 1 679 23 476 6996 3 954 778 1 1 1"
      ;;
    25)
      test-tcas  "273 0 927 672 946 9830 3 103 216 1 0 1"
      ;;
    26)
      test-tcas  "564 0 202 828 717 4226 0 729 945 1 0 1"
      ;;
    27)
      test-tcas  "526 0 29 331 328 9043 3 308 742 1 1 1"
      ;;
    28)
      test-tcas  "942 1 402 315 528 9147 0 307 140 0 0 1"
      ;;
    29)
      test-tcas  "580 0 523 781 270 7954 2 487 646 0 0 0"
      ;;
    30)
      test-tcas  "230 1 498 128 647 9239 1 207 861 1 0 1"
      ;;
    31)
      test-tcas  "208 0 53 222 625 1149 3 553 638 1 0 0"
      ;;
    32)
      test-tcas  "219 0 768 503 676 4414 0 248 75 0 1 1"
      ;;
    33)
      test-tcas  "531 0 487 71 904 5434 3 825 39 0 1 1"
      ;;
    34)
      test-tcas  "727 0 436 572 978 3369 3 643 43 1 1 1"
      ;;
    35)
      test-tcas  "836 0 209 63 90 8438 0 802 596 0 1 0"
      ;;
    36)
      test-tcas  "354 0 48 859 328 6391 0 5 755 0 0 1"
      ;;
    37)
      test-tcas  "645 1 934 648 196 1643 2 869 318 0 1 0"
      ;;
    38)
      test-tcas  "387 1 721 960 609 8664 0 110 132 1 1 1"
      ;;
    39)
      test-tcas  "113 0 41 246 494 8095 0 391 167 0 1 1"
      ;;
    40)
      test-tcas  "521 0 883 595 127 589 3 514 456 0 0 1"
      ;;
    41)
      test-tcas  "57 1 684 217 613 7583 0 927 636 1 1 1"
      ;;
    42)
      test-tcas  "329 1 368 516 337 4138 0 347 685 1 0 1"
      ;;
    43)
      test-tcas  "170 1 156 635 916 4554 2 515 544 1 0 1"
      ;;
    44)
      test-tcas  "678 1 995 976 56 6774 0 893 611 1 0 1"
      ;;
    45)
      test-tcas  "239 1 276 194 863 6542 1 246 599 1 0 0"
      ;;
    46)
      test-tcas  "508 0 0 726 454 6954 1 779 27 1 1 1"
      ;;
    47)
      test-tcas  "414 0 770 850 285 3377 1 595 527 0 1 1"
      ;;
    48)
      test-tcas  "673 1 941 758 399 7742 3 874 349 1 1 1"
      ;;
    49)
      test-tcas  "843 1 915 28 742 9955 3 227 852 1 1 0"
      ;;
    50)
      test-tcas  "760 1 946 256 953 7552 3 238 359 1 1 0"
      ;;
    51)
      test-tcas  "233 1 926 497 420 7840 3 224 602 0 0 1"
      ;;
    52)
      test-tcas  "90 0 428 464 75 9547 0 695 30 0 0 1"
      ;;
    53)
      test-tcas  "145 1 839 229 227 3463 2 980 530 1 1 1"
      ;;
    54)
      test-tcas  "320 1 637 453 855 3719 0 895 587 1 0 1"
      ;;
    55)
      test-tcas  "69 1 888 867 47 3210 0 195 636 0 1 0"
      ;;
    56)
      test-tcas  "331 0 670 982 824 8168 1 939 261 0 0 1"
      ;;
    57)
      test-tcas  "616 1 613 603 306 8154 1 706 67 0 0 1"
      ;;
    58)
      test-tcas  "344 0 805 931 144 8607 3 897 403 1 0 0"
      ;;
    59)
      test-tcas  "349 1 211 587 314 3715 1 113 686 0 0 1"
      ;;
    60)
      test-tcas  "437 0 297 11 765 7623 0 845 904 1 0 0"
      ;;
    61)
      test-tcas  "97 0 852 192 43 2016 3 408 878 1 1 0"
      ;;
    62)
      test-tcas  "907 0 980 734 813 7698 0 210 96 1 0 1"
      ;;
    63)
      test-tcas  "784 1 987 724 287 7214 1 87 413 0 0 0"
      ;;
    64)
      test-tcas  "149 0 322 825 814 4535 3 564 571 0 1 0"
      ;;
    65)
      test-tcas  "93 1 864 425 386 6573 0 440 392 1 1 0"
      ;;
    66)
      test-tcas  "998 0 789 584 527 9705 0 169 605 1 1 1"
      ;;
    67)
      test-tcas  "529 0 768 852 941 2559 2 6 623 0 1 0"
      ;;
    68)
      test-tcas  "706 1 646 873 465 4129 1 879 108 0 1 0"
      ;;
    69)
      test-tcas  "673 1 724 974 213 3723 1 385 957 1 0 1"
      ;;
    70)
      test-tcas  "998 1 560 714 402 6434 0 240 308 1 0 0"
      ;;
    71)
      test-tcas  "706 0 660 576 133 4654 0 894 408 0 1 0"
      ;;
    72)
      test-tcas  "881 0 630 714 434 2691 0 875 567 1 1 1"
      ;;
esac
