#!/bin/bash
set -euo pipefail
SCRIPT_DIR=$(cd "$(dirname "${BASH_SOURCE[0]}")" && pwd)
test-tcas () {
    diff -q <(${ANGELIX_RUN:-eval} ./tcas $1) <($SCRIPT_DIR/../golden/tcas $1) > /dev/null
}

case "$1" in
    1)
      test-tcas  "495 1 513 935 57 7605 2 580 493 1 1 1"
      ;;
    2)
      test-tcas  "976 0 525 609 774 8135 2 382 511 0 1 0"
      ;;
    3)
      test-tcas  "912 1 376 973 624 4535 3 311 750 1 1 1"
      ;;
    4)
      test-tcas  "815 0 401 703 963 4833 3 601 346 0 0 0"
      ;;
    5)
      test-tcas  "810 0 972 494 187 3700 2 839 726 0 1 0"
      ;;
    6)
      test-tcas  "465 0 991 920 617 5624 1 803 392 1 0 0"
      ;;
    7)
      test-tcas  "994 1 304 635 948 8933 3 113 319 0 0 0"
      ;;
    8)
      test-tcas  "804 0 659 431 206 1593 2 379 258 1 0 1"
      ;;
    9)
      test-tcas  "339 1 667 23 176 1147 2 727 242 0 0 1"
      ;;
    10)
      test-tcas  "185 1 645 184 285 1009 1 53 646 0 0 1"
      ;;
    11)
      test-tcas  "549 1 267 865 138 3617 1 215 435 1 0 1"
      ;;
    12)
      test-tcas  "461 1 539 410 130 7675 2 572 426 1 0 1"
      ;;
    13)
      test-tcas  "337 0 856 657 918 1879 0 776 867 0 0 1"
      ;;
    14)
      test-tcas  "996 0 673 872 998 1140 3 650 34 0 0 0"
      ;;
    15)
      test-tcas  "706 1 754 847 152 3336 3 147 172 1 1 1"
      ;;
    16)
      test-tcas  "442 1 920 326 172 5120 0 1 748 1 1 1"
      ;;
    17)
      test-tcas  "246 0 851 11 998 4216 1 554 753 0 1 0"
      ;;
    18)
      test-tcas  "346 1 616 882 225 3008 1 511 622 1 0 0"
      ;;
    19)
      test-tcas  "611 0 450 387 854 3979 1 954 315 1 1 1"
      ;;
    20)
      test-tcas  "854 0 597 211 154 1841 3 907 133 0 0 0"
      ;;
    21)
      test-tcas  "598 0 56 816 638 9803 3 7 950 1 1 1"
      ;;
    22)
      test-tcas  "78 1 581 819 312 8580 0 467 827 0 0 0"
      ;;
    23)
      test-tcas  "494 1 464 440 673 6255 2 490 225 1 0 0"
      ;;
    24)
      test-tcas  "908 0 363 802 313 5083 2 611 513 1 0 0"
      ;;
    25)
      test-tcas  "608 0 755 711 451 7778 1 84 929 0 0 1"
      ;;
    26)
      test-tcas  "305 1 575 817 302 625 2 449 785 1 0 0"
      ;;
    27)
      test-tcas  "163 0 55 547 840 4097 1 753 388 0 0 1"
      ;;
    28)
      test-tcas  "391 0 970 191 290 3352 3 591 934 0 1 0"
      ;;
    29)
      test-tcas  "953 0 154 700 518 1172 3 148 541 1 1 1"
      ;;
    30)
      test-tcas  "849 0 473 389 450 4506 3 827 528 0 0 0"
      ;;
    31)
      test-tcas  "448 1 361 678 676 2803 2 746 160 1 1 0"
      ;;
    32)
      test-tcas  "452 0 478 264 548 1825 3 462 204 1 1 1"
      ;;
    33)
      test-tcas  "251 1 175 764 283 525 1 670 921 1 1 1"
      ;;
    34)
      test-tcas  "748 0 112 821 932 950 2 413 481 1 1 1"
      ;;
    35)
      test-tcas  "85 1 643 995 461 1886 2 382 206 0 1 0"
      ;;
    36)
      test-tcas  "203 0 469 412 736 6235 3 372 611 1 0 1"
      ;;
    37)
      test-tcas  "725 1 511 137 757 9739 0 712 834 0 1 0"
      ;;
    38)
      test-tcas  "333 0 11 590 235 4801 0 620 781 1 0 0"
      ;;
    39)
      test-tcas  "539 1 516 15 358 7667 2 913 122 0 0 1"
      ;;
    40)
      test-tcas  "639 0 652 42 493 232 3 307 207 0 1 0"
      ;;
    41)
      test-tcas  "561 0 427 742 543 9147 2 691 953 0 1 1"
      ;;
    42)
      test-tcas  "361 1 226 329 751 4743 2 285 899 0 0 1"
      ;;
    43)
      test-tcas  "266 1 698 691 910 585 3 411 759 0 1 0"
      ;;
    44)
      test-tcas  "373 1 341 362 195 1223 3 804 160 1 0 1"
      ;;
    45)
      test-tcas  "456 1 821 283 179 820 3 932 595 1 1 0"
      ;;
    46)
      test-tcas  "729 0 833 819 51 8998 3 653 93 0 0 0"
      ;;
    47)
      test-tcas  "929 0 757 897 603 2239 0 765 726 0 1 1"
      ;;
    48)
      test-tcas  "689 1 312 958 144 9685 3 574 673 0 1 0"
      ;;
    49)
      test-tcas  "860 1 31 504 293 1091 1 503 380 0 1 0"
      ;;
    50)
      test-tcas  "239 1 531 517 363 2012 1 13 168 0 1 1"
      ;;
    51)
      test-tcas  "38 0 360 825 991 7150 0 727 598 1 1 1"
      ;;
    52)
      test-tcas  "410 0 541 653 693 6958 2 540 960 0 0 1"
      ;;
    53)
      test-tcas  "407 1 908 101 81 5309 1 835 348 1 1 0"
      ;;
    54)
      test-tcas  "942 1 890 124 725 7101 3 507 53 1 0 1"
      ;;
    55)
      test-tcas  "545 1 533 795 894 4257 3 488 307 1 1 1"
      ;;
    56)
      test-tcas  "80 1 319 152 821 6512 0 778 807 1 0 0"
      ;;
    57)
      test-tcas  "37 1 630 800 590 9824 0 633 5 1 0 1"
      ;;
    58)
      test-tcas  "543 0 710 683 346 90 1 587 703 0 1 1"
      ;;
    59)
      test-tcas  "872 0 416 976 156 3137 2 290 221 1 0 1"
      ;;
    60)
      test-tcas  "969 1 246 972 641 3691 2 873 176 1 1 1"
      ;;
    61)
      test-tcas  "313 0 779 92 330 6190 0 564 817 1 1 1"
      ;;
    62)
      test-tcas  "370 1 25 715 648 8916 1 641 804 0 0 1"
      ;;
    63)
      test-tcas  "887 1 28 505 473 9947 0 570 426 1 0 1"
      ;;
    64)
      test-tcas  "389 1 607 157 357 8936 2 188 399 1 0 0"
      ;;
    65)
      test-tcas  "425 0 167 128 698 2601 2 233 646 0 0 1"
      ;;
    66)
      test-tcas  "414 1 223 888 502 4212 3 271 805 1 0 0"
      ;;
    67)
      test-tcas  "315 0 534 536 788 8099 3 146 689 1 1 1"
      ;;
    68)
      test-tcas  "826 1 624 276 156 9481 2 530 420 0 0 1"
      ;;
    69)
      test-tcas  "387 1 920 274 710 7552 2 950 619 0 0 0"
      ;;
    70)
      test-tcas  "934 0 805 724 159 5872 0 743 764 0 0 0"
      ;;
    71)
      test-tcas  "96 1 517 682 748 8656 2 930 620 1 0 1"
      ;;
    72)
      test-tcas  "392 0 84 216 542 4528 2 746 612 1 1 0"
      ;;
esac
