#!/bin/bash
set -euo pipefail
SCRIPT_DIR=$(cd "$(dirname "${BASH_SOURCE[0]}")" && pwd)
test-tcas () {
    diff -q <(${ANGELIX_RUN:-eval} ./tcas $1) <($SCRIPT_DIR/../golden/tcas $1) > /dev/null
}

case "$1" in
    1)
      test-tcas  "923 0 236 997 663 2847 1 201 366 0 0 0"
      ;;
    2)
      test-tcas  "75 0 545 10 165 2963 1 249 376 1 1 0"
      ;;
    3)
      test-tcas  "270 0 421 778 683 9491 1 7 372 0 1 0"
      ;;
    4)
      test-tcas  "195 1 339 905 844 7189 2 662 369 0 0 0"
      ;;
    5)
      test-tcas  "470 1 443 939 810 3842 0 736 397 0 0 0"
      ;;
    6)
      test-tcas  "454 0 581 75 4 7837 0 509 864 1 1 0"
      ;;
    7)
      test-tcas  "628 0 846 237 685 5133 1 824 342 1 1 1"
      ;;
    8)
      test-tcas  "598 0 318 663 223 3307 2 572 329 1 0 1"
      ;;
    9)
      test-tcas  "799 0 805 938 522 8828 3 291 624 0 1 1"
      ;;
    10)
      test-tcas  "557 1 713 129 165 5590 0 244 623 0 1 0"
      ;;
    11)
      test-tcas  "447 0 450 138 605 8039 2 148 144 1 0 0"
      ;;
    12)
      test-tcas  "616 1 283 813 62 1029 3 377 226 0 0 0"
      ;;
    13)
      test-tcas  "202 0 61 494 719 688 0 928 841 1 1 0"
      ;;
    14)
      test-tcas  "926 0 868 776 331 6260 2 789 472 0 0 0"
      ;;
    15)
      test-tcas  "554 1 414 130 482 1914 0 496 215 0 1 0"
      ;;
    16)
      test-tcas  "85 0 746 769 436 74 1 712 252 0 0 0"
      ;;
    17)
      test-tcas  "313 1 835 721 825 3707 1 499 408 1 1 1"
      ;;
    18)
      test-tcas  "761 0 563 501 346 4454 1 665 939 0 0 0"
      ;;
    19)
      test-tcas  "961 0 739 27 80 6268 3 117 700 1 1 1"
      ;;
    20)
      test-tcas  "604 0 2 563 196 504 3 545 486 0 0 0"
      ;;
    21)
      test-tcas  "236 0 711 379 427 8089 0 987 532 0 1 1"
      ;;
    22)
      test-tcas  "911 0 348 670 12 7547 0 923 962 1 1 0"
      ;;
    23)
      test-tcas  "563 1 412 883 667 4233 1 441 410 0 0 1"
      ;;
    24)
      test-tcas  "779 0 369 85 587 6098 0 820 971 0 0 1"
      ;;
    25)
      test-tcas  "181 1 863 362 557 4824 3 447 289 0 1 0"
      ;;
    26)
      test-tcas  "741 1 196 381 895 7981 3 471 717 0 1 1"
      ;;
    27)
      test-tcas  "82 1 886 281 184 8227 0 881 300 0 1 1"
      ;;
    28)
      test-tcas  "89 0 97 916 610 9322 0 832 670 0 0 1"
      ;;
    29)
      test-tcas  "100 0 760 177 113 5907 2 35 920 1 1 1"
      ;;
    30)
      test-tcas  "386 1 331 661 627 4659 1 862 77 0 0 0"
      ;;
    31)
      test-tcas  "774 0 377 359 283 8478 3 475 941 1 0 1"
      ;;
    32)
      test-tcas  "891 0 488 266 646 2910 2 814 799 1 1 0"
      ;;
    33)
      test-tcas  "830 1 435 880 894 4907 0 648 858 1 0 1"
      ;;
    34)
      test-tcas  "873 0 995 509 219 8453 1 67 194 1 1 0"
      ;;
    35)
      test-tcas  "386 0 481 47 747 9391 2 882 496 0 0 1"
      ;;
    36)
      test-tcas  "50 1 693 500 829 3039 3 255 41 0 0 1"
      ;;
    37)
      test-tcas  "242 1 819 991 781 2886 1 645 29 0 1 1"
      ;;
    38)
      test-tcas  "630 1 662 290 876 6804 1 706 720 1 1 0"
      ;;
    39)
      test-tcas  "861 1 603 31 790 8772 3 224 704 0 1 0"
      ;;
    40)
      test-tcas  "692 1 710 769 674 9106 1 440 142 1 0 0"
      ;;
    41)
      test-tcas  "886 1 641 884 533 4675 1 185 897 0 1 1"
      ;;
    42)
      test-tcas  "871 0 189 977 808 2428 1 266 149 0 0 0"
      ;;
    43)
      test-tcas  "310 0 706 940 739 4899 0 277 364 1 0 0"
      ;;
    44)
      test-tcas  "598 1 67 238 462 5110 3 706 375 0 1 0"
      ;;
    45)
      test-tcas  "649 1 401 148 719 498 1 645 761 1 0 0"
      ;;
    46)
      test-tcas  "360 0 410 734 563 1119 2 784 789 0 1 0"
      ;;
    47)
      test-tcas  "724 1 871 254 584 6450 0 503 829 1 0 1"
      ;;
    48)
      test-tcas  "717 0 702 409 873 7634 1 928 399 1 1 1"
      ;;
    49)
      test-tcas  "909 0 899 416 276 7947 2 646 812 1 0 1"
      ;;
    50)
      test-tcas  "56 1 670 354 344 3659 3 503 865 0 0 1"
      ;;
    51)
      test-tcas  "949 0 181 439 920 279 3 440 995 0 0 1"
      ;;
    52)
      test-tcas  "310 1 527 39 380 5429 1 727 979 0 0 1"
      ;;
    53)
      test-tcas  "701 0 836 172 200 9310 0 175 441 1 1 0"
      ;;
    54)
      test-tcas  "131 0 804 43 839 6829 1 1 253 1 0 1"
      ;;
    55)
      test-tcas  "413 0 415 796 761 2043 2 929 302 1 0 0"
      ;;
    56)
      test-tcas  "228 1 192 166 889 5596 2 893 101 1 0 0"
      ;;
    57)
      test-tcas  "381 0 986 33 858 9251 2 303 300 1 0 0"
      ;;
    58)
      test-tcas  "875 1 54 51 63 8515 3 298 334 0 1 0"
      ;;
    59)
      test-tcas  "105 1 60 542 732 4685 2 699 233 1 1 0"
      ;;
    60)
      test-tcas  "808 1 535 721 140 1377 2 541 956 1 0 0"
      ;;
    61)
      test-tcas  "293 1 423 994 441 7838 3 999 619 0 1 1"
      ;;
    62)
      test-tcas  "976 1 429 646 683 1925 1 423 489 1 0 1"
      ;;
    63)
      test-tcas  "309 0 144 609 142 9761 2 793 821 1 0 1"
      ;;
    64)
      test-tcas  "912 1 225 244 357 6539 0 482 306 1 0 1"
      ;;
    65)
      test-tcas  "945 1 327 154 31 3928 1 547 275 1 0 1"
      ;;
    66)
      test-tcas  "672 1 3 945 371 3900 2 971 711 1 1 0"
      ;;
    67)
      test-tcas  "591 1 377 665 439 6629 0 340 659 1 1 0"
      ;;
    68)
      test-tcas  "586 0 93 200 658 1367 2 323 730 0 0 1"
      ;;
    69)
      test-tcas  "188 0 845 413 810 3901 1 57 119 0 0 1"
      ;;
    70)
      test-tcas  "300 1 663 86 642 2329 0 116 858 0 0 1"
      ;;
    71)
      test-tcas  "543 1 117 861 537 4476 1 182 911 0 0 0"
      ;;
    72)
      test-tcas  "845 0 663 381 707 5252 3 783 243 0 1 0"
      ;;
esac
