#!/bin/bash
set -euo pipefail
SCRIPT_DIR=$(cd "$(dirname "${BASH_SOURCE[0]}")" && pwd)
test-tcas () {
    diff -q <(${ANGELIX_RUN:-eval} ./tcas $1) <($SCRIPT_DIR/../golden/tcas $1) > /dev/null
}

case "$1" in
    1)
      test-tcas  "844 1 558 410 871 8322 3 979 969 0 1 0"
      ;;
    2)
      test-tcas  "531 0 138 755 255 9634 1 152 847 1 0 1"
      ;;
    3)
      test-tcas  "396 0 6 351 254 3082 2 291 371 0 1 1"
      ;;
    4)
      test-tcas  "908 1 114 606 598 1500 0 578 777 1 1 1"
      ;;
    5)
      test-tcas  "213 0 292 511 876 2564 0 512 563 1 0 0"
      ;;
    6)
      test-tcas  "859 1 208 765 265 5242 2 784 441 0 1 1"
      ;;
    7)
      test-tcas  "423 0 931 185 372 4360 2 238 855 0 1 0"
      ;;
    8)
      test-tcas  "945 1 154 932 428 7975 2 149 241 1 0 0"
      ;;
    9)
      test-tcas  "842 1 653 802 606 6085 1 370 477 0 1 1"
      ;;
    10)
      test-tcas  "71 1 944 194 123 3959 1 724 681 0 0 1"
      ;;
    11)
      test-tcas  "726 1 262 271 976 9114 3 528 459 1 1 1"
      ;;
    12)
      test-tcas  "72 0 89 373 754 7593 0 131 88 1 0 0"
      ;;
    13)
      test-tcas  "111 0 282 858 873 2803 2 58 801 0 0 0"
      ;;
    14)
      test-tcas  "265 0 661 242 801 8674 2 562 358 1 1 0"
      ;;
    15)
      test-tcas  "567 0 422 837 487 8400 3 214 482 1 1 0"
      ;;
    16)
      test-tcas  "914 0 237 972 84 373 2 624 442 1 1 0"
      ;;
    17)
      test-tcas  "426 1 99 375 409 4313 1 392 148 0 0 0"
      ;;
    18)
      test-tcas  "810 0 141 394 132 2834 1 986 505 1 1 1"
      ;;
    19)
      test-tcas  "820 0 558 395 731 6907 1 511 549 0 1 0"
      ;;
    20)
      test-tcas  "413 1 616 960 498 7848 3 74 967 0 0 0"
      ;;
    21)
      test-tcas  "108 0 316 396 591 3527 0 897 45 0 1 1"
      ;;
    22)
      test-tcas  "256 1 812 477 85 2520 1 300 875 1 1 1"
      ;;
    23)
      test-tcas  "494 0 980 458 361 6917 3 273 768 0 1 1"
      ;;
    24)
      test-tcas  "565 1 732 999 814 2354 1 532 301 1 1 1"
      ;;
    25)
      test-tcas  "942 0 668 910 938 2713 1 721 240 1 0 1"
      ;;
    26)
      test-tcas  "282 0 519 460 199 6699 0 815 714 0 0 0"
      ;;
    27)
      test-tcas  "678 1 565 399 816 4193 3 708 555 0 0 1"
      ;;
    28)
      test-tcas  "954 0 715 919 667 1978 1 551 533 1 1 1"
      ;;
    29)
      test-tcas  "885 1 370 332 910 965 3 542 414 0 1 0"
      ;;
    30)
      test-tcas  "179 0 396 513 680 627 0 624 304 0 0 1"
      ;;
    31)
      test-tcas  "390 0 638 927 317 768 2 857 615 0 0 1"
      ;;
    32)
      test-tcas  "561 0 297 473 999 6180 1 212 202 1 1 1"
      ;;
    33)
      test-tcas  "434 0 296 357 472 6073 3 987 806 0 0 0"
      ;;
    34)
      test-tcas  "370 1 335 821 654 7427 2 248 806 1 0 0"
      ;;
    35)
      test-tcas  "839 1 824 700 392 9653 3 326 582 1 1 0"
      ;;
    36)
      test-tcas  "362 1 147 583 450 7070 3 776 346 0 1 1"
      ;;
    37)
      test-tcas  "154 1 879 702 961 5815 1 48 249 0 1 0"
      ;;
    38)
      test-tcas  "457 0 550 647 82 2821 2 671 876 0 1 1"
      ;;
    39)
      test-tcas  "597 0 371 560 449 6460 0 766 825 0 1 0"
      ;;
    40)
      test-tcas  "215 0 43 599 176 1350 1 465 69 1 1 1"
      ;;
    41)
      test-tcas  "871 0 238 220 729 3662 3 10 112 1 0 0"
      ;;
    42)
      test-tcas  "319 1 744 157 841 8036 0 246 576 1 0 0"
      ;;
    43)
      test-tcas  "179 1 453 907 869 2939 0 614 904 0 0 1"
      ;;
    44)
      test-tcas  "521 0 404 56 555 7928 0 873 164 0 0 1"
      ;;
    45)
      test-tcas  "13 1 17 892 71 3896 2 374 658 0 0 1"
      ;;
    46)
      test-tcas  "726 1 370 486 451 5868 3 982 64 0 0 0"
      ;;
    47)
      test-tcas  "534 0 936 690 142 7426 1 582 201 0 0 0"
      ;;
    48)
      test-tcas  "187 0 657 439 328 6186 1 508 248 1 0 0"
      ;;
    49)
      test-tcas  "627 0 465 206 945 1140 2 290 305 1 1 1"
      ;;
    50)
      test-tcas  "1 1 487 573 977 4910 1 715 568 1 1 0"
      ;;
    51)
      test-tcas  "949 1 120 535 542 7209 0 407 193 1 0 0"
      ;;
    52)
      test-tcas  "355 0 960 449 626 9917 1 955 956 1 0 0"
      ;;
    53)
      test-tcas  "546 1 218 405 966 9306 0 993 305 0 0 1"
      ;;
    54)
      test-tcas  "216 0 721 240 585 6947 1 646 153 1 1 0"
      ;;
    55)
      test-tcas  "860 1 959 498 826 7806 1 346 903 1 0 0"
      ;;
    56)
      test-tcas  "433 0 772 275 426 1927 3 181 646 0 0 1"
      ;;
    57)
      test-tcas  "213 1 319 119 196 4955 0 741 328 0 1 0"
      ;;
    58)
      test-tcas  "419 0 817 24 254 2513 0 774 767 0 0 0"
      ;;
    59)
      test-tcas  "72 0 247 952 480 4156 2 932 997 1 0 0"
      ;;
    60)
      test-tcas  "900 0 765 369 908 4299 2 453 162 1 1 1"
      ;;
    61)
      test-tcas  "681 0 954 879 213 73 3 758 455 1 1 1"
      ;;
    62)
      test-tcas  "396 0 292 275 157 9612 2 692 70 1 0 0"
      ;;
    63)
      test-tcas  "893 0 278 95 990 8726 3 480 53 1 1 0"
      ;;
    64)
      test-tcas  "403 1 589 222 222 9321 0 401 115 1 1 1"
      ;;
    65)
      test-tcas  "252 0 411 1 968 9255 1 681 88 0 0 1"
      ;;
    66)
      test-tcas  "472 0 685 989 193 605 1 273 556 0 0 1"
      ;;
    67)
      test-tcas  "677 1 481 594 656 1533 2 852 476 1 1 1"
      ;;
    68)
      test-tcas  "632 1 985 652 168 6081 2 697 205 1 0 0"
      ;;
    69)
      test-tcas  "296 0 763 357 924 6312 1 12 263 1 0 0"
      ;;
    70)
      test-tcas  "848 1 905 913 188 2259 2 733 451 0 1 1"
      ;;
    71)
      test-tcas  "276 1 526 853 440 7077 2 967 588 1 0 0"
      ;;
    72)
      test-tcas  "489 1 743 88 288 7720 1 871 86 1 0 1"
      ;;
esac
