#!/bin/bash
set -euo pipefail
SCRIPT_DIR=$(cd "$(dirname "${BASH_SOURCE[0]}")" && pwd)
test-tcas () {
    diff -q <(${ANGELIX_RUN:-eval} ./tcas $1) <($SCRIPT_DIR/../golden/tcas $1) > /dev/null
}

case "$1" in
    1)
      test-tcas  "716 1 386 645 266 5158 2 276 294 1 0 0"
      ;;
    2)
      test-tcas  "439 0 852 151 399 549 3 259 90 0 0 0"
      ;;
    3)
      test-tcas  "629 0 905 67 247 9323 3 893 349 1 0 1"
      ;;
    4)
      test-tcas  "517 1 841 907 204 8221 1 875 219 0 0 1"
      ;;
    5)
      test-tcas  "895 0 847 452 981 3156 3 220 913 1 0 0"
      ;;
    6)
      test-tcas  "86 0 414 274 143 4846 3 233 129 1 0 1"
      ;;
    7)
      test-tcas  "519 1 450 790 784 9213 3 816 161 0 0 1"
      ;;
    8)
      test-tcas  "720 1 6 869 657 3809 2 593 986 1 0 0"
      ;;
    9)
      test-tcas  "432 1 76 583 405 6222 1 28 364 0 0 1"
      ;;
    10)
      test-tcas  "771 0 118 639 83 4764 3 871 918 1 1 1"
      ;;
    11)
      test-tcas  "625 0 928 497 943 5744 0 830 372 1 1 1"
      ;;
    12)
      test-tcas  "148 1 108 83 440 5392 1 474 492 0 1 0"
      ;;
    13)
      test-tcas  "960 0 802 418 612 7858 0 909 909 0 1 0"
      ;;
    14)
      test-tcas  "702 1 429 311 436 3873 2 767 819 0 0 1"
      ;;
    15)
      test-tcas  "837 0 990 613 397 7360 2 561 626 0 1 1"
      ;;
    16)
      test-tcas  "35 1 43 305 360 9834 1 370 846 0 0 1"
      ;;
    17)
      test-tcas  "161 1 706 973 935 4526 3 263 90 0 0 1"
      ;;
    18)
      test-tcas  "791 0 16 940 822 4050 0 764 653 1 1 1"
      ;;
    19)
      test-tcas  "277 1 661 534 143 6949 2 985 148 0 1 1"
      ;;
    20)
      test-tcas  "727 1 534 632 493 9675 1 910 800 1 0 1"
      ;;
    21)
      test-tcas  "819 1 649 768 438 1477 1 604 337 1 0 0"
      ;;
    22)
      test-tcas  "131 0 849 691 306 264 2 849 41 1 1 0"
      ;;
    23)
      test-tcas  "655 0 277 336 585 7774 1 2 289 0 0 1"
      ;;
    24)
      test-tcas  "397 1 879 718 782 2384 0 501 962 1 1 0"
      ;;
    25)
      test-tcas  "350 1 199 272 491 7530 2 679 309 0 1 0"
      ;;
    26)
      test-tcas  "812 0 481 637 427 3054 3 124 351 1 1 1"
      ;;
    27)
      test-tcas  "855 1 482 831 492 5841 1 985 548 1 1 1"
      ;;
    28)
      test-tcas  "862 0 629 208 376 4817 2 150 362 0 0 0"
      ;;
    29)
      test-tcas  "324 1 968 432 966 3787 2 304 480 0 0 1"
      ;;
    30)
      test-tcas  "622 0 997 101 719 3704 0 363 768 1 1 1"
      ;;
    31)
      test-tcas  "270 1 769 450 302 3720 1 777 587 0 0 1"
      ;;
    32)
      test-tcas  "26 1 695 877 201 7860 2 630 887 1 0 0"
      ;;
    33)
      test-tcas  "478 0 238 784 547 1303 2 407 461 0 1 1"
      ;;
    34)
      test-tcas  "98 0 146 463 215 7117 0 653 965 0 1 0"
      ;;
    35)
      test-tcas  "366 0 75 452 301 807 2 642 737 0 1 1"
      ;;
    36)
      test-tcas  "422 1 370 968 281 6276 0 465 81 0 1 0"
      ;;
    37)
      test-tcas  "717 0 396 644 643 2697 0 766 557 1 1 1"
      ;;
    38)
      test-tcas  "443 1 142 917 446 7380 1 610 900 0 1 0"
      ;;
    39)
      test-tcas  "988 1 928 976 166 5033 1 685 487 1 0 0"
      ;;
    40)
      test-tcas  "377 1 793 251 283 8743 1 258 801 0 1 0"
      ;;
    41)
      test-tcas  "597 1 666 888 427 2704 1 970 70 0 1 1"
      ;;
    42)
      test-tcas  "812 0 645 689 423 1023 1 684 219 0 1 1"
      ;;
    43)
      test-tcas  "905 0 641 417 361 1018 3 215 464 0 1 1"
      ;;
    44)
      test-tcas  "290 1 320 275 810 3088 3 848 242 0 1 0"
      ;;
    45)
      test-tcas  "802 0 645 802 481 2681 0 78 828 0 0 1"
      ;;
    46)
      test-tcas  "451 1 420 215 106 2978 2 41 773 1 1 1"
      ;;
    47)
      test-tcas  "93 1 59 634 909 9672 0 575 402 0 1 0"
      ;;
    48)
      test-tcas  "517 0 336 337 931 1714 2 792 826 0 1 0"
      ;;
    49)
      test-tcas  "113 1 134 526 557 4054 1 482 466 0 0 1"
      ;;
    50)
      test-tcas  "209 0 164 766 871 232 3 532 749 0 1 1"
      ;;
    51)
      test-tcas  "256 1 357 498 15 4235 2 924 598 1 0 0"
      ;;
    52)
      test-tcas  "375 0 988 652 445 2229 0 691 450 0 1 0"
      ;;
    53)
      test-tcas  "353 0 776 573 948 5706 0 490 936 0 1 0"
      ;;
    54)
      test-tcas  "909 1 19 42 451 8171 0 239 915 1 0 0"
      ;;
    55)
      test-tcas  "81 0 390 262 65 7773 3 480 356 0 1 1"
      ;;
    56)
      test-tcas  "758 1 339 234 388 8263 0 838 600 1 1 0"
      ;;
    57)
      test-tcas  "832 0 995 934 975 320 3 100 761 0 1 1"
      ;;
    58)
      test-tcas  "80 0 248 212 878 4626 1 108 478 1 1 0"
      ;;
    59)
      test-tcas  "740 1 89 268 476 7109 0 716 919 0 0 0"
      ;;
    60)
      test-tcas  "863 0 454 982 276 5485 0 701 828 0 0 0"
      ;;
    61)
      test-tcas  "777 0 725 259 91 4658 1 493 519 1 0 0"
      ;;
    62)
      test-tcas  "558 0 603 923 905 6609 0 157 53 1 1 0"
      ;;
    63)
      test-tcas  "125 0 412 488 918 8204 2 15 393 0 0 0"
      ;;
    64)
      test-tcas  "538 0 909 472 586 7811 1 745 94 1 1 1"
      ;;
    65)
      test-tcas  "245 1 456 628 87 8790 2 727 77 0 1 1"
      ;;
    66)
      test-tcas  "445 0 853 752 420 4746 2 775 250 1 1 1"
      ;;
    67)
      test-tcas  "320 1 346 392 396 7984 2 281 153 1 0 1"
      ;;
    68)
      test-tcas  "729 0 227 960 977 8813 3 73 463 1 1 1"
      ;;
    69)
      test-tcas  "30 1 68 397 925 9269 2 140 51 1 1 1"
      ;;
    70)
      test-tcas  "935 0 996 630 351 408 1 597 369 0 0 0"
      ;;
    71)
      test-tcas  "813 1 458 652 695 7612 3 10 243 0 1 0"
      ;;
    72)
      test-tcas  "556 0 738 89 747 3320 0 408 680 1 1 1"
      ;;
esac
