#!/bin/bash
set -euo pipefail
SCRIPT_DIR=$(cd "$(dirname "${BASH_SOURCE[0]}")" && pwd)
test-tcas () {
    diff -q <(${ANGELIX_RUN:-eval} ./tcas $1) <($SCRIPT_DIR/../golden/tcas $1) > /dev/null
}

case "$1" in
    1)
      test-tcas  "686 0 663 881 99 4698 2 93 512 1 1 1"
      ;;
    2)
      test-tcas  "194 0 936 599 40 6225 0 826 993 0 1 1"
      ;;
    3)
      test-tcas  "753 0 654 854 659 8883 1 892 825 1 0 1"
      ;;
    4)
      test-tcas  "871 1 139 357 798 9395 0 580 890 0 0 1"
      ;;
    5)
      test-tcas  "825 0 251 644 530 8007 2 53 715 1 1 1"
      ;;
    6)
      test-tcas  "409 0 465 137 296 7804 0 759 105 1 1 0"
      ;;
    7)
      test-tcas  "834 1 341 130 101 2616 1 155 532 0 1 1"
      ;;
    8)
      test-tcas  "642 1 372 974 349 8269 3 184 893 0 1 1"
      ;;
    9)
      test-tcas  "644 0 719 31 12 7439 0 35 406 0 0 1"
      ;;
    10)
      test-tcas  "32 0 384 574 66 2236 1 78 672 1 0 1"
      ;;
    11)
      test-tcas  "150 1 95 792 458 1059 2 659 278 0 0 0"
      ;;
    12)
      test-tcas  "782 1 417 382 254 7000 2 515 779 0 1 1"
      ;;
    13)
      test-tcas  "262 0 498 839 156 4340 1 3 416 0 0 1"
      ;;
    14)
      test-tcas  "338 1 313 589 168 7319 1 133 574 0 0 0"
      ;;
    15)
      test-tcas  "331 0 297 425 879 1494 3 516 715 0 0 0"
      ;;
    16)
      test-tcas  "932 1 972 421 636 2516 3 803 320 0 1 0"
      ;;
    17)
      test-tcas  "802 1 332 506 747 141 3 0 324 0 0 1"
      ;;
    18)
      test-tcas  "104 0 665 278 857 6718 2 228 503 0 1 1"
      ;;
    19)
      test-tcas  "135 0 874 345 672 9240 2 959 391 0 1 0"
      ;;
    20)
      test-tcas  "348 0 388 544 419 2324 3 640 512 1 1 1"
      ;;
    21)
      test-tcas  "290 0 404 803 641 6254 3 772 966 0 0 1"
      ;;
    22)
      test-tcas  "317 0 367 153 321 9328 1 75 843 0 1 1"
      ;;
    23)
      test-tcas  "319 0 435 502 741 7415 1 230 362 0 0 0"
      ;;
    24)
      test-tcas  "256 0 69 215 48 5618 1 896 249 0 0 0"
      ;;
    25)
      test-tcas  "858 1 859 321 110 7456 2 295 508 1 0 1"
      ;;
    26)
      test-tcas  "563 1 320 306 995 5862 0 538 500 1 0 0"
      ;;
    27)
      test-tcas  "560 1 546 918 213 7680 3 126 102 1 0 1"
      ;;
    28)
      test-tcas  "666 0 386 211 771 9102 0 661 676 0 0 1"
      ;;
    29)
      test-tcas  "769 0 192 231 128 3736 3 719 584 1 0 0"
      ;;
    30)
      test-tcas  "623 1 129 230 192 7669 3 158 159 1 0 0"
      ;;
    31)
      test-tcas  "958 0 616 154 754 6954 1 714 244 0 0 1"
      ;;
    32)
      test-tcas  "113 0 585 337 991 2545 0 733 738 0 0 1"
      ;;
    33)
      test-tcas  "760 1 22 839 98 5631 3 217 1 1 0 0"
      ;;
    34)
      test-tcas  "746 0 574 798 548 2778 3 971 499 0 1 0"
      ;;
    35)
      test-tcas  "591 0 925 320 83 5109 1 690 632 1 1 0"
      ;;
    36)
      test-tcas  "844 1 200 48 182 9069 3 133 422 1 0 1"
      ;;
    37)
      test-tcas  "198 0 743 419 519 8031 1 246 518 1 0 1"
      ;;
    38)
      test-tcas  "124 1 341 910 786 4166 2 99 838 0 1 0"
      ;;
    39)
      test-tcas  "647 0 277 114 172 8636 0 916 183 0 1 1"
      ;;
    40)
      test-tcas  "949 1 481 488 872 5150 2 161 188 0 1 0"
      ;;
    41)
      test-tcas  "555 1 554 839 96 7460 2 720 176 0 1 1"
      ;;
    42)
      test-tcas  "54 1 508 291 293 5259 1 638 723 0 0 1"
      ;;
    43)
      test-tcas  "617 1 780 399 636 5301 1 605 81 0 1 0"
      ;;
    44)
      test-tcas  "934 0 309 431 198 5355 2 479 91 1 0 0"
      ;;
    45)
      test-tcas  "696 0 366 462 789 7841 3 589 712 0 0 1"
      ;;
    46)
      test-tcas  "289 1 282 954 18 7649 0 328 960 0 1 1"
      ;;
    47)
      test-tcas  "55 1 261 815 819 4759 3 670 771 0 0 1"
      ;;
    48)
      test-tcas  "225 1 126 638 513 6806 3 740 99 1 0 1"
      ;;
    49)
      test-tcas  "486 1 91 843 311 9730 0 334 524 0 0 1"
      ;;
    50)
      test-tcas  "85 0 490 825 183 6048 2 500 592 0 1 0"
      ;;
    51)
      test-tcas  "409 0 801 925 71 160 0 734 278 0 0 0"
      ;;
    52)
      test-tcas  "129 1 368 119 578 8366 1 242 95 1 0 1"
      ;;
    53)
      test-tcas  "214 1 811 701 553 8030 3 863 712 1 0 0"
      ;;
    54)
      test-tcas  "436 1 324 20 312 5463 2 819 307 1 0 1"
      ;;
    55)
      test-tcas  "408 0 903 399 712 5722 3 297 344 0 0 0"
      ;;
    56)
      test-tcas  "725 1 901 813 806 9551 1 125 75 1 0 1"
      ;;
    57)
      test-tcas  "334 0 318 686 468 3180 1 329 685 0 0 0"
      ;;
    58)
      test-tcas  "3 1 842 296 75 5598 3 309 796 1 0 1"
      ;;
    59)
      test-tcas  "530 1 796 729 191 5287 0 571 873 1 1 0"
      ;;
    60)
      test-tcas  "202 1 953 167 78 4175 3 599 39 0 1 1"
      ;;
    61)
      test-tcas  "14 1 543 422 880 821 0 349 826 0 0 0"
      ;;
    62)
      test-tcas  "234 1 723 144 448 7485 0 159 551 0 0 0"
      ;;
    63)
      test-tcas  "23 0 353 981 939 6850 1 463 204 0 0 1"
      ;;
    64)
      test-tcas  "131 1 66 138 626 3718 1 706 70 0 1 1"
      ;;
    65)
      test-tcas  "18 1 359 342 747 4944 3 135 735 0 0 0"
      ;;
    66)
      test-tcas  "173 0 772 62 696 7337 1 816 603 0 1 0"
      ;;
    67)
      test-tcas  "997 0 154 85 406 8064 2 227 687 0 1 0"
      ;;
    68)
      test-tcas  "193 1 538 94 480 5414 2 123 105 0 0 1"
      ;;
    69)
      test-tcas  "386 0 259 805 359 9501 2 40 530 0 0 1"
      ;;
    70)
      test-tcas  "463 1 680 470 659 2634 2 869 701 1 1 0"
      ;;
    71)
      test-tcas  "88 0 164 155 793 7723 2 279 89 0 0 0"
      ;;
    72)
      test-tcas  "831 1 873 131 986 81 1 493 898 0 0 1"
      ;;
esac
