#!/bin/bash
set -euo pipefail
SCRIPT_DIR=$(cd "$(dirname "${BASH_SOURCE[0]}")" && pwd)
test-tcas () {
    diff -q <(${ANGELIX_RUN:-eval} ./tcas $1) <($SCRIPT_DIR/../golden/tcas $1) > /dev/null
}

case "$1" in
    1)
      test-tcas  "9 0 657 972 352 2660 2 100 964 0 1 1"
      ;;
    2)
      test-tcas  "80 1 780 99 234 5852 3 592 828 0 1 1"
      ;;
    3)
      test-tcas  "763 0 182 428 743 3826 3 906 569 0 1 1"
      ;;
    4)
      test-tcas  "963 1 73 679 269 8929 1 991 654 0 1 0"
      ;;
    5)
      test-tcas  "293 1 738 327 365 6920 1 432 617 1 0 1"
      ;;
    6)
      test-tcas  "648 1 27 184 68 1501 1 849 133 1 0 1"
      ;;
    7)
      test-tcas  "531 0 570 594 504 8043 1 923 612 1 0 1"
      ;;
    8)
      test-tcas  "54 0 164 182 581 9962 3 947 783 1 0 0"
      ;;
    9)
      test-tcas  "660 0 523 262 207 8140 3 263 967 1 1 1"
      ;;
    10)
      test-tcas  "332 1 455 42 700 4074 1 243 486 0 1 1"
      ;;
    11)
      test-tcas  "345 0 459 615 940 1212 2 615 10 1 1 1"
      ;;
    12)
      test-tcas  "523 1 772 430 182 6121 2 909 659 1 0 0"
      ;;
    13)
      test-tcas  "467 0 62 489 529 1782 3 645 154 1 1 1"
      ;;
    14)
      test-tcas  "288 1 143 893 643 9361 2 545 541 1 0 1"
      ;;
    15)
      test-tcas  "72 0 445 630 508 2335 2 571 696 1 1 1"
      ;;
    16)
      test-tcas  "579 0 379 522 847 7775 1 950 188 0 1 0"
      ;;
    17)
      test-tcas  "532 0 230 236 217 3997 2 564 989 0 0 0"
      ;;
    18)
      test-tcas  "344 0 840 972 764 1601 0 94 59 1 1 0"
      ;;
    19)
      test-tcas  "139 1 16 84 258 6175 2 260 949 1 1 1"
      ;;
    20)
      test-tcas  "629 0 397 348 141 5651 2 166 262 0 0 1"
      ;;
    21)
      test-tcas  "610 1 406 857 171 3417 2 390 146 0 1 1"
      ;;
    22)
      test-tcas  "681 0 874 706 553 9891 2 854 856 0 1 1"
      ;;
    23)
      test-tcas  "253 0 9 578 428 222 2 792 953 1 0 0"
      ;;
    24)
      test-tcas  "900 0 533 200 178 4295 3 222 773 1 1 1"
      ;;
    25)
      test-tcas  "742 1 90 285 97 7046 3 317 473 0 1 1"
      ;;
    26)
      test-tcas  "762 1 361 123 766 2445 2 830 257 0 1 0"
      ;;
    27)
      test-tcas  "763 0 772 312 798 3256 1 394 243 0 0 0"
      ;;
    28)
      test-tcas  "54 1 234 352 530 885 2 997 884 1 0 1"
      ;;
    29)
      test-tcas  "992 1 974 848 789 5252 2 259 931 0 1 0"
      ;;
    30)
      test-tcas  "26 0 239 979 958 3710 3 314 556 1 1 1"
      ;;
    31)
      test-tcas  "142 1 501 627 294 524 2 114 515 1 0 1"
      ;;
    32)
      test-tcas  "325 0 684 108 749 4393 1 827 49 1 1 0"
      ;;
    33)
      test-tcas  "59 0 938 915 432 867 0 729 668 0 1 0"
      ;;
    34)
      test-tcas  "819 1 618 111 382 9330 3 497 979 1 1 1"
      ;;
    35)
      test-tcas  "100 1 287 149 347 506 2 244 333 0 1 0"
      ;;
    36)
      test-tcas  "642 0 874 829 24 102 1 845 294 0 0 0"
      ;;
    37)
      test-tcas  "267 1 499 902 397 7376 3 187 719 1 1 0"
      ;;
    38)
      test-tcas  "99 0 946 503 774 3956 1 912 647 1 1 0"
      ;;
    39)
      test-tcas  "831 1 335 24 506 8286 2 968 198 1 0 1"
      ;;
    40)
      test-tcas  "264 1 240 427 469 4470 3 914 245 0 1 1"
      ;;
    41)
      test-tcas  "434 1 199 122 40 1224 0 361 831 0 1 0"
      ;;
    42)
      test-tcas  "379 1 486 591 520 6924 3 240 51 0 1 1"
      ;;
    43)
      test-tcas  "880 0 892 755 804 532 0 734 509 0 0 1"
      ;;
    44)
      test-tcas  "422 0 363 838 537 5350 1 669 415 1 1 0"
      ;;
    45)
      test-tcas  "121 1 430 979 16 3209 2 41 927 1 0 0"
      ;;
    46)
      test-tcas  "431 0 620 274 691 763 0 953 522 1 1 1"
      ;;
    47)
      test-tcas  "144 0 354 135 379 7066 1 841 894 0 1 0"
      ;;
    48)
      test-tcas  "458 1 242 963 64 2559 2 144 238 1 0 1"
      ;;
    49)
      test-tcas  "760 0 205 14 581 3988 2 844 685 0 1 1"
      ;;
    50)
      test-tcas  "242 1 458 157 467 7575 3 307 214 1 0 0"
      ;;
    51)
      test-tcas  "506 0 69 779 851 4044 1 761 428 0 1 0"
      ;;
    52)
      test-tcas  "972 1 622 581 439 3801 0 503 367 0 1 1"
      ;;
    53)
      test-tcas  "161 0 371 298 412 8677 0 457 760 0 1 0"
      ;;
    54)
      test-tcas  "728 0 272 519 436 8248 0 184 79 0 0 1"
      ;;
    55)
      test-tcas  "588 0 333 752 946 3734 1 674 220 0 0 0"
      ;;
    56)
      test-tcas  "473 1 902 740 408 938 0 372 720 1 1 0"
      ;;
    57)
      test-tcas  "896 0 759 674 421 5557 1 842 123 1 1 1"
      ;;
    58)
      test-tcas  "692 1 243 493 274 9539 3 283 361 0 1 0"
      ;;
    59)
      test-tcas  "141 0 74 795 884 5897 1 726 886 0 0 0"
      ;;
    60)
      test-tcas  "31 0 98 114 3 1614 1 259 774 0 0 1"
      ;;
    61)
      test-tcas  "63 0 777 340 81 3879 3 929 39 0 1 1"
      ;;
    62)
      test-tcas  "550 1 21 978 299 3991 0 157 78 0 0 0"
      ;;
    63)
      test-tcas  "563 1 731 650 9 5767 1 517 403 0 1 1"
      ;;
    64)
      test-tcas  "436 0 381 837 102 1233 2 583 630 1 0 1"
      ;;
    65)
      test-tcas  "931 0 950 287 747 5772 0 266 166 1 1 0"
      ;;
    66)
      test-tcas  "296 1 611 773 409 7716 2 596 24 1 0 1"
      ;;
    67)
      test-tcas  "37 1 819 982 184 3637 2 304 832 0 0 0"
      ;;
    68)
      test-tcas  "360 1 677 310 117 287 1 789 309 0 1 0"
      ;;
    69)
      test-tcas  "962 0 890 85 488 7254 1 151 286 0 0 1"
      ;;
    70)
      test-tcas  "233 0 65 425 897 1018 2 859 758 1 1 0"
      ;;
    71)
      test-tcas  "816 1 693 396 433 1042 2 429 432 1 0 1"
      ;;
    72)
      test-tcas  "21 1 830 477 308 2030 0 73 825 1 0 0"
      ;;
esac
