#!/bin/bash
set -euo pipefail
SCRIPT_DIR=$(cd "$(dirname "${BASH_SOURCE[0]}")" && pwd)
test-tcas () {
    diff -q <(${ANGELIX_RUN:-eval} ./tcas $1) <($SCRIPT_DIR/../golden/tcas $1) > /dev/null
}

case "$1" in
    1)
      test-tcas  "291 0 913 720 762 2361 2 558 319 0 0 0"
      ;;
    2)
      test-tcas  "208 1 499 546 562 6612 3 217 982 0 1 1"
      ;;
    3)
      test-tcas  "869 1 233 509 507 6887 2 711 676 1 0 1"
      ;;
    4)
      test-tcas  "14 1 355 42 432 8549 2 586 627 0 1 1"
      ;;
    5)
      test-tcas  "170 0 933 271 660 5584 2 371 190 0 1 0"
      ;;
    6)
      test-tcas  "730 0 196 565 46 6990 0 24 493 1 0 0"
      ;;
    7)
      test-tcas  "311 0 85 78 108 4742 3 742 816 1 1 1"
      ;;
    8)
      test-tcas  "747 0 40 46 328 5746 0 844 730 0 1 0"
      ;;
    9)
      test-tcas  "859 1 487 901 137 4291 0 212 86 0 1 1"
      ;;
    10)
      test-tcas  "954 1 556 849 568 2825 1 688 102 1 0 1"
      ;;
    11)
      test-tcas  "728 1 928 315 926 7348 0 49 807 1 1 1"
      ;;
    12)
      test-tcas  "972 0 699 644 240 9411 1 532 144 1 1 0"
      ;;
    13)
      test-tcas  "167 0 475 663 563 9551 0 538 39 0 1 0"
      ;;
    14)
      test-tcas  "710 0 823 130 514 7052 0 943 701 0 0 0"
      ;;
    15)
      test-tcas  "117 0 488 747 746 8154 2 506 352 0 0 0"
      ;;
    16)
      test-tcas  "164 0 600 273 238 9266 2 157 492 1 1 1"
      ;;
    17)
      test-tcas  "473 0 349 355 559 3327 1 396 676 0 1 1"
      ;;
    18)
      test-tcas  "579 1 348 8 420 6287 2 775 615 1 1 1"
      ;;
    19)
      test-tcas  "15 0 92 177 978 6642 2 351 241 1 1 1"
      ;;
    20)
      test-tcas  "410 0 593 574 493 4149 0 139 122 1 0 0"
      ;;
    21)
      test-tcas  "48 0 421 923 20 4190 2 967 399 0 1 0"
      ;;
    22)
      test-tcas  "709 0 966 932 880 1828 3 704 94 1 1 1"
      ;;
    23)
      test-tcas  "20 1 825 706 676 4298 0 663 358 1 1 0"
      ;;
    24)
      test-tcas  "856 0 770 930 641 2647 2 953 849 0 1 0"
      ;;
    25)
      test-tcas  "651 1 743 981 28 2301 1 850 89 1 0 0"
      ;;
    26)
      test-tcas  "775 1 814 170 235 8664 1 669 190 1 0 0"
      ;;
    27)
      test-tcas  "340 1 16 623 219 7342 3 324 956 0 0 1"
      ;;
    28)
      test-tcas  "51 0 335 740 663 9237 2 633 849 1 0 0"
      ;;
    29)
      test-tcas  "895 0 71 937 160 8643 3 581 827 0 1 0"
      ;;
    30)
      test-tcas  "584 1 123 263 530 7499 2 30 529 0 1 1"
      ;;
    31)
      test-tcas  "847 0 561 654 132 1222 0 972 702 0 0 0"
      ;;
    32)
      test-tcas  "694 1 173 930 793 932 3 151 188 0 0 1"
      ;;
    33)
      test-tcas  "882 0 421 243 695 3516 1 894 138 0 0 0"
      ;;
    34)
      test-tcas  "825 0 454 469 235 4773 2 184 483 1 0 1"
      ;;
    35)
      test-tcas  "168 0 569 74 542 1859 2 444 991 1 1 1"
      ;;
    36)
      test-tcas  "256 0 640 208 933 9438 0 147 507 0 1 1"
      ;;
    37)
      test-tcas  "607 1 691 252 211 9291 0 218 254 0 1 0"
      ;;
    38)
      test-tcas  "458 1 896 699 243 5700 2 294 236 0 1 0"
      ;;
    39)
      test-tcas  "280 1 853 185 796 8650 3 201 28 0 1 0"
      ;;
    40)
      test-tcas  "18 0 44 550 99 3814 1 526 338 0 0 1"
      ;;
    41)
      test-tcas  "630 0 880 183 78 2411 0 910 889 0 0 1"
      ;;
    42)
      test-tcas  "260 1 722 434 629 5308 1 633 234 1 0 0"
      ;;
    43)
      test-tcas  "135 0 739 656 706 4233 2 248 187 0 1 1"
      ;;
    44)
      test-tcas  "990 0 346 428 381 8648 0 422 578 0 1 1"
      ;;
    45)
      test-tcas  "523 1 376 713 348 9668 3 732 49 0 0 1"
      ;;
    46)
      test-tcas  "999 1 0 138 686 2491 0 35 546 1 1 1"
      ;;
    47)
      test-tcas  "795 1 720 227 952 6010 3 40 128 1 0 1"
      ;;
    48)
      test-tcas  "229 0 559 279 923 2733 3 20 598 1 0 0"
      ;;
    49)
      test-tcas  "580 0 839 670 532 3721 3 61 345 1 0 0"
      ;;
    50)
      test-tcas  "766 0 663 654 728 2065 1 966 605 1 0 0"
      ;;
    51)
      test-tcas  "602 1 432 275 119 4420 3 872 192 0 0 0"
      ;;
    52)
      test-tcas  "48 0 362 707 421 3253 1 747 500 1 1 0"
      ;;
    53)
      test-tcas  "299 0 154 343 784 2877 2 340 335 1 0 0"
      ;;
    54)
      test-tcas  "947 0 534 90 163 9836 3 707 853 0 1 0"
      ;;
    55)
      test-tcas  "846 0 466 742 889 2980 2 265 566 0 1 0"
      ;;
    56)
      test-tcas  "628 0 412 925 647 479 0 319 19 1 1 0"
      ;;
    57)
      test-tcas  "136 1 977 911 965 137 3 268 383 1 0 1"
      ;;
    58)
      test-tcas  "336 1 807 693 329 5668 3 147 774 0 0 1"
      ;;
    59)
      test-tcas  "474 0 514 933 868 5076 1 835 708 1 0 1"
      ;;
    60)
      test-tcas  "514 1 872 937 484 7971 3 157 570 1 1 1"
      ;;
    61)
      test-tcas  "27 1 352 475 114 6492 0 225 540 0 1 0"
      ;;
    62)
      test-tcas  "899 0 491 212 614 9572 0 692 831 0 1 1"
      ;;
    63)
      test-tcas  "302 0 346 666 560 2519 0 151 555 0 1 0"
      ;;
    64)
      test-tcas  "512 0 640 959 987 3290 3 666 935 1 1 0"
      ;;
    65)
      test-tcas  "175 1 918 211 806 3476 2 438 940 1 0 0"
      ;;
    66)
      test-tcas  "677 1 303 249 331 5790 3 788 781 0 1 0"
      ;;
    67)
      test-tcas  "257 1 113 299 995 849 1 82 988 1 1 0"
      ;;
    68)
      test-tcas  "482 1 787 571 960 4210 0 874 101 0 1 1"
      ;;
    69)
      test-tcas  "615 1 196 132 906 9981 1 387 220 0 0 0"
      ;;
    70)
      test-tcas  "337 1 525 98 868 9891 1 554 905 0 0 1"
      ;;
    71)
      test-tcas  "134 0 493 106 484 6408 0 133 77 1 1 1"
      ;;
    72)
      test-tcas  "518 1 703 120 553 5451 2 936 738 0 1 1"
      ;;
esac
