#!/bin/bash
set -euo pipefail
SCRIPT_DIR=$(cd "$(dirname "${BASH_SOURCE[0]}")" && pwd)
test-tcas () {
    diff -q <(${ANGELIX_RUN:-eval} ./tcas $1) <($SCRIPT_DIR/../golden/tcas $1) > /dev/null
}

case "$1" in
    1)
      test-tcas  "764 0 308 226 484 5946 2 766 528 1 1 0"
      ;;
    2)
      test-tcas  "187 0 865 313 638 9896 3 352 884 1 1 0"
      ;;
    3)
      test-tcas  "247 0 983 281 997 8000 1 123 751 1 0 0"
      ;;
    4)
      test-tcas  "37 0 701 990 842 816 2 284 978 0 0 0"
      ;;
    5)
      test-tcas  "857 1 738 569 626 5030 1 391 619 0 1 0"
      ;;
    6)
      test-tcas  "810 0 211 620 246 6932 0 811 477 1 1 1"
      ;;
    7)
      test-tcas  "618 1 137 955 23 373 0 417 471 0 1 0"
      ;;
    8)
      test-tcas  "447 1 598 561 313 8320 0 118 153 0 0 1"
      ;;
    9)
      test-tcas  "633 0 298 651 485 9353 0 417 102 0 1 0"
      ;;
    10)
      test-tcas  "331 1 534 996 717 9865 3 896 369 0 1 0"
      ;;
    11)
      test-tcas  "111 0 344 342 797 9346 3 586 474 1 1 0"
      ;;
    12)
      test-tcas  "620 0 858 502 789 9926 3 331 836 1 0 0"
      ;;
    13)
      test-tcas  "358 0 552 738 90 2341 2 724 802 0 1 0"
      ;;
    14)
      test-tcas  "644 0 290 290 13 8657 2 803 729 0 1 1"
      ;;
    15)
      test-tcas  "742 1 666 359 620 7449 2 589 810 0 1 1"
      ;;
    16)
      test-tcas  "21 0 270 546 117 9691 0 610 577 1 1 0"
      ;;
    17)
      test-tcas  "934 0 83 609 606 3320 2 877 160 1 0 0"
      ;;
    18)
      test-tcas  "388 0 234 567 525 1408 2 267 570 0 1 1"
      ;;
    19)
      test-tcas  "926 1 882 452 552 2933 3 46 366 1 0 1"
      ;;
    20)
      test-tcas  "909 1 948 618 196 6488 3 195 190 0 0 0"
      ;;
    21)
      test-tcas  "622 1 907 244 680 5718 1 388 679 1 0 1"
      ;;
    22)
      test-tcas  "957 1 712 687 134 966 1 862 314 1 1 0"
      ;;
    23)
      test-tcas  "19 0 376 528 396 4472 3 55 760 0 0 0"
      ;;
    24)
      test-tcas  "616 0 540 592 98 6498 2 672 201 1 1 1"
      ;;
    25)
      test-tcas  "268 1 716 867 931 7025 0 961 139 1 0 1"
      ;;
    26)
      test-tcas  "919 1 657 105 277 2046 0 174 998 0 0 1"
      ;;
    27)
      test-tcas  "120 1 609 992 568 5128 0 746 755 1 0 0"
      ;;
    28)
      test-tcas  "964 1 887 30 970 3701 2 389 688 0 1 1"
      ;;
    29)
      test-tcas  "562 0 447 861 89 5508 1 236 89 0 0 1"
      ;;
    30)
      test-tcas  "314 0 793 428 546 3847 2 327 619 0 0 1"
      ;;
    31)
      test-tcas  "648 0 670 404 374 569 2 80 691 1 0 0"
      ;;
    32)
      test-tcas  "333 0 643 411 201 3379 0 981 16 0 0 0"
      ;;
    33)
      test-tcas  "811 0 694 38 271 8684 1 509 97 1 1 1"
      ;;
    34)
      test-tcas  "360 1 546 196 303 3191 0 382 137 1 1 0"
      ;;
    35)
      test-tcas  "189 1 409 245 171 6548 3 378 441 0 0 1"
      ;;
    36)
      test-tcas  "872 1 355 349 349 3631 1 506 968 1 1 1"
      ;;
    37)
      test-tcas  "730 0 441 778 911 8552 1 950 276 0 0 1"
      ;;
    38)
      test-tcas  "44 0 161 406 805 3159 3 95 610 0 0 0"
      ;;
    39)
      test-tcas  "112 0 657 302 930 636 3 90 381 0 1 1"
      ;;
    40)
      test-tcas  "351 0 492 300 358 9886 1 704 767 0 0 0"
      ;;
esac
