#!/bin/bash
set -euo pipefail
SCRIPT_DIR=$(cd "$(dirname "${BASH_SOURCE[0]}")" && pwd)
test-tcas () {
    diff -q <(${ANGELIX_RUN:-eval} ./tcas $1) <($SCRIPT_DIR/../golden/tcas $1) > /dev/null
}

case "$1" in
    1)
      test-tcas  "253 0 279 715 416 1788 2 670 309 0 1 1"
      ;;
    2)
      test-tcas  "244 0 458 26 927 6327 0 560 19 0 0 1"
      ;;
    3)
      test-tcas  "445 0 168 469 506 2565 3 785 143 1 1 0"
      ;;
    4)
      test-tcas  "751 0 221 969 783 6130 0 422 40 1 0 1"
      ;;
    5)
      test-tcas  "901 1 201 302 992 2144 2 669 705 1 0 0"
      ;;
    6)
      test-tcas  "781 1 84 423 669 784 1 709 696 0 1 1"
      ;;
    7)
      test-tcas  "183 1 428 973 519 1928 2 230 839 1 1 1"
      ;;
    8)
      test-tcas  "440 0 957 114 217 9840 0 14 485 1 1 0"
      ;;
    9)
      test-tcas  "257 1 75 207 672 9549 2 974 573 1 0 1"
      ;;
    10)
      test-tcas  "381 1 409 922 306 8259 2 566 644 0 1 1"
      ;;
    11)
      test-tcas  "350 1 844 959 347 7678 0 658 72 1 1 1"
      ;;
    12)
      test-tcas  "542 0 776 778 854 6718 1 683 372 1 0 0"
      ;;
    13)
      test-tcas  "62 0 368 543 302 8440 2 226 295 0 0 0"
      ;;
    14)
      test-tcas  "648 1 523 889 998 561 2 152 621 1 0 0"
      ;;
    15)
      test-tcas  "800 0 72 95 358 5132 2 877 170 0 0 0"
      ;;
    16)
      test-tcas  "659 0 241 873 236 324 3 520 415 0 1 0"
      ;;
    17)
      test-tcas  "864 1 971 102 932 5414 3 385 355 1 1 1"
      ;;
    18)
      test-tcas  "639 1 922 682 345 9265 2 519 895 0 0 0"
      ;;
    19)
      test-tcas  "758 1 143 986 869 2652 1 5 919 1 0 0"
      ;;
    20)
      test-tcas  "717 0 394 400 166 5816 3 117 527 0 0 1"
      ;;
    21)
      test-tcas  "554 0 905 963 753 4601 3 592 517 0 1 1"
      ;;
    22)
      test-tcas  "117 0 55 284 565 1412 3 909 195 1 0 1"
      ;;
    23)
      test-tcas  "375 1 957 661 164 1097 0 773 874 0 1 0"
      ;;
    24)
      test-tcas  "429 0 296 644 154 6598 1 850 103 0 1 1"
      ;;
    25)
      test-tcas  "329 1 986 235 571 4949 0 283 663 1 0 1"
      ;;
    26)
      test-tcas  "596 0 233 432 592 864 1 538 703 0 1 1"
      ;;
    27)
      test-tcas  "461 1 511 944 804 2697 0 826 94 0 1 1"
      ;;
    28)
      test-tcas  "295 0 667 621 534 4135 1 544 91 0 0 0"
      ;;
    29)
      test-tcas  "556 1 975 434 322 4427 0 53 790 1 1 0"
      ;;
    30)
      test-tcas  "673 1 369 760 575 329 1 512 571 0 1 0"
      ;;
    31)
      test-tcas  "861 1 338 204 711 4326 2 530 780 1 1 0"
      ;;
    32)
      test-tcas  "636 0 115 283 729 5938 3 11 338 1 1 0"
      ;;
    33)
      test-tcas  "49 0 697 979 113 6135 2 780 669 1 1 0"
      ;;
    34)
      test-tcas  "136 1 76 442 296 9043 3 370 478 1 0 0"
      ;;
    35)
      test-tcas  "5 0 677 982 547 208 1 780 327 0 0 0"
      ;;
    36)
      test-tcas  "160 1 473 972 182 6701 3 974 732 1 1 0"
      ;;
    37)
      test-tcas  "255 0 626 322 303 1334 2 495 659 0 1 1"
      ;;
    38)
      test-tcas  "366 1 614 832 989 1126 2 756 727 1 0 1"
      ;;
    39)
      test-tcas  "110 0 858 995 875 9019 1 317 282 1 0 0"
      ;;
    40)
      test-tcas  "568 1 724 635 454 7611 3 862 622 1 1 0"
      ;;
esac
