#!/bin/bash
set -euo pipefail
SCRIPT_DIR=$(cd "$(dirname "${BASH_SOURCE[0]}")" && pwd)
test-tcas () {
    diff -q <(${ANGELIX_RUN:-eval} ./tcas $1) <($SCRIPT_DIR/../golden/tcas $1) > /dev/null
}

case "$1" in
    1)
      test-tcas  "427 1 967 664 715 6588 0 65 595 0 1 1"
      ;;
    2)
      test-tcas  "771 0 650 88 470 7701 3 454 571 0 1 0"
      ;;
    3)
      test-tcas  "304 1 9 329 525 2128 0 400 185 1 1 1"
      ;;
    4)
      test-tcas  "25 0 307 187 721 1792 3 498 671 0 1 0"
      ;;
    5)
      test-tcas  "348 1 463 707 714 2554 3 235 472 1 1 0"
      ;;
    6)
      test-tcas  "29 1 837 99 940 1997 2 305 243 0 1 0"
      ;;
    7)
      test-tcas  "533 1 377 872 855 9994 3 634 484 0 0 0"
      ;;
    8)
      test-tcas  "448 0 904 965 221 6207 2 744 336 1 0 1"
      ;;
    9)
      test-tcas  "821 1 880 708 249 339 1 656 888 0 0 0"
      ;;
    10)
      test-tcas  "904 0 387 38 833 3557 0 636 551 0 1 1"
      ;;
    11)
      test-tcas  "788 1 286 630 858 3001 0 877 599 1 1 1"
      ;;
    12)
      test-tcas  "716 1 581 381 654 5792 3 516 818 0 1 1"
      ;;
    13)
      test-tcas  "498 1 973 125 112 4319 0 338 455 1 0 1"
      ;;
    14)
      test-tcas  "476 1 325 398 753 944 1 19 209 1 0 0"
      ;;
    15)
      test-tcas  "844 0 385 713 182 7540 3 907 916 0 1 1"
      ;;
    16)
      test-tcas  "760 1 554 937 807 3469 3 20 831 0 0 1"
      ;;
    17)
      test-tcas  "795 1 813 182 538 4791 1 278 994 0 1 1"
      ;;
    18)
      test-tcas  "577 0 26 941 317 7547 0 861 140 0 1 0"
      ;;
    19)
      test-tcas  "243 1 843 215 861 9002 0 86 842 1 0 0"
      ;;
    20)
      test-tcas  "363 0 267 880 801 2717 3 290 249 1 0 1"
      ;;
    21)
      test-tcas  "409 0 591 744 639 6170 3 875 730 0 0 0"
      ;;
    22)
      test-tcas  "597 1 959 439 433 3526 1 953 45 1 0 1"
      ;;
    23)
      test-tcas  "8 1 136 660 22 929 0 895 332 1 0 1"
      ;;
    24)
      test-tcas  "368 0 311 199 817 7365 3 550 197 1 1 1"
      ;;
    25)
      test-tcas  "605 1 765 709 748 841 2 959 533 1 0 1"
      ;;
    26)
      test-tcas  "462 0 161 292 849 7189 2 19 383 1 0 0"
      ;;
    27)
      test-tcas  "891 0 932 703 241 7327 0 844 212 1 1 0"
      ;;
    28)
      test-tcas  "795 0 822 247 858 8285 3 331 295 0 1 0"
      ;;
    29)
      test-tcas  "796 1 61 387 170 3691 1 958 686 0 1 0"
      ;;
    30)
      test-tcas  "268 1 935 530 495 770 0 779 263 0 0 0"
      ;;
    31)
      test-tcas  "660 1 579 576 70 3146 2 268 777 1 0 0"
      ;;
    32)
      test-tcas  "366 0 846 488 41 2009 1 842 565 1 0 0"
      ;;
    33)
      test-tcas  "907 0 820 403 844 2287 1 696 694 1 0 1"
      ;;
    34)
      test-tcas  "75 1 258 688 110 5623 1 1 741 1 0 1"
      ;;
    35)
      test-tcas  "912 0 682 803 210 7925 0 495 180 0 0 1"
      ;;
    36)
      test-tcas  "944 1 182 880 929 6261 1 93 501 1 1 0"
      ;;
    37)
      test-tcas  "24 0 184 581 423 7731 0 307 627 1 1 1"
      ;;
    38)
      test-tcas  "362 1 431 62 651 1838 3 72 33 1 0 1"
      ;;
    39)
      test-tcas  "931 0 287 656 858 7598 2 897 104 0 1 0"
      ;;
    40)
      test-tcas  "378 0 195 381 398 7392 1 276 798 1 1 0"
      ;;
esac
