#!/bin/bash
set -euo pipefail
SCRIPT_DIR=$(cd "$(dirname "${BASH_SOURCE[0]}")" && pwd)
test-tcas () {
    diff -q <(${ANGELIX_RUN:-eval} ./tcas $1) <($SCRIPT_DIR/../golden/tcas $1) > /dev/null
}

case "$1" in
    1)
      test-tcas  "479 0 267 640 414 1192 3 507 127 0 0 1"
      ;;
    2)
      test-tcas  "708 0 171 426 594 9359 2 381 563 1 1 0"
      ;;
    3)
      test-tcas  "885 0 542 60 830 6439 2 816 701 1 0 1"
      ;;
    4)
      test-tcas  "885 0 447 634 986 802 2 181 966 0 1 0"
      ;;
    5)
      test-tcas  "353 1 511 406 14 5028 2 34 678 0 1 1"
      ;;
    6)
      test-tcas  "397 1 785 976 384 6308 2 5 213 1 1 1"
      ;;
    7)
      test-tcas  "225 0 910 806 47 5549 3 302 570 0 1 0"
      ;;
    8)
      test-tcas  "369 0 616 616 513 1993 3 622 973 0 1 1"
      ;;
    9)
      test-tcas  "302 1 269 980 112 2012 3 96 910 1 1 0"
      ;;
    10)
      test-tcas  "248 1 239 346 755 8477 2 775 571 0 1 1"
      ;;
    11)
      test-tcas  "873 0 208 653 707 744 0 215 67 0 0 0"
      ;;
    12)
      test-tcas  "253 1 276 825 820 4986 3 781 84 0 1 0"
      ;;
    13)
      test-tcas  "18 1 785 551 553 85 0 514 746 0 1 1"
      ;;
    14)
      test-tcas  "24 1 178 39 715 5843 2 682 389 0 0 0"
      ;;
    15)
      test-tcas  "96 0 966 793 469 7686 2 529 782 0 0 1"
      ;;
    16)
      test-tcas  "476 1 986 874 396 5390 1 204 932 0 0 0"
      ;;
    17)
      test-tcas  "547 1 537 697 717 2699 1 426 135 0 0 0"
      ;;
    18)
      test-tcas  "143 1 799 989 744 9906 2 110 229 0 0 0"
      ;;
    19)
      test-tcas  "395 0 48 318 575 2688 2 938 209 1 0 0"
      ;;
    20)
      test-tcas  "500 0 641 392 748 7578 3 701 354 1 1 0"
      ;;
    21)
      test-tcas  "87 1 595 237 167 7539 1 202 892 1 1 1"
      ;;
    22)
      test-tcas  "40 0 682 404 37 64 3 534 934 1 1 0"
      ;;
    23)
      test-tcas  "554 1 529 416 791 5198 1 680 944 0 1 1"
      ;;
    24)
      test-tcas  "108 1 8 906 138 1720 1 641 411 1 1 1"
      ;;
    25)
      test-tcas  "637 1 404 142 269 6527 0 558 630 0 1 1"
      ;;
    26)
      test-tcas  "763 0 398 61 106 5038 1 787 571 1 0 0"
      ;;
    27)
      test-tcas  "261 0 746 374 78 9078 2 314 727 0 0 0"
      ;;
    28)
      test-tcas  "170 1 791 913 413 3346 1 570 628 1 0 1"
      ;;
    29)
      test-tcas  "987 0 469 14 275 2117 0 358 292 1 1 0"
      ;;
    30)
      test-tcas  "289 0 413 534 219 4334 3 399 342 0 0 0"
      ;;
    31)
      test-tcas  "845 0 998 910 476 7662 0 921 835 0 0 0"
      ;;
    32)
      test-tcas  "879 1 740 644 436 452 1 642 960 1 0 1"
      ;;
    33)
      test-tcas  "562 1 449 632 396 4879 3 607 776 1 0 0"
      ;;
    34)
      test-tcas  "60 0 771 865 193 4741 3 496 975 1 0 0"
      ;;
    35)
      test-tcas  "601 0 410 308 724 7614 2 268 324 1 0 1"
      ;;
    36)
      test-tcas  "967 1 286 22 613 3147 3 362 974 0 1 0"
      ;;
    37)
      test-tcas  "612 1 171 66 331 7373 1 141 167 1 0 1"
      ;;
    38)
      test-tcas  "244 1 60 179 28 6872 0 770 82 0 0 0"
      ;;
    39)
      test-tcas  "218 1 463 881 86 6569 1 391 614 1 1 1"
      ;;
    40)
      test-tcas  "387 0 215 303 16 830 1 153 764 1 0 1"
      ;;
esac
