#!/bin/bash
set -euo pipefail
SCRIPT_DIR=$(cd "$(dirname "${BASH_SOURCE[0]}")" && pwd)
test-tcas () {
    diff -q <(${ANGELIX_RUN:-eval} ./tcas $1) <($SCRIPT_DIR/../golden/tcas $1) > /dev/null
}

case "$1" in
    1)
      test-tcas  "497 0 932 111 531 2280 1 42 933 1 0 0"
      ;;
    2)
      test-tcas  "947 0 141 119 534 2148 1 195 170 0 0 0"
      ;;
    3)
      test-tcas  "912 1 461 939 967 8174 1 607 850 1 0 1"
      ;;
    4)
      test-tcas  "458 0 271 128 264 9816 2 370 187 0 0 0"
      ;;
    5)
      test-tcas  "605 0 587 486 383 1587 0 399 788 0 0 1"
      ;;
    6)
      test-tcas  "624 0 905 20 951 2802 1 444 334 1 0 0"
      ;;
    7)
      test-tcas  "606 1 863 658 801 5608 2 676 14 1 0 0"
      ;;
    8)
      test-tcas  "667 1 754 301 837 4999 0 626 74 1 1 1"
      ;;
    9)
      test-tcas  "390 0 694 603 916 7019 3 262 60 1 0 1"
      ;;
    10)
      test-tcas  "870 1 222 383 696 7318 0 853 177 1 1 1"
      ;;
    11)
      test-tcas  "62 1 60 40 332 1612 0 963 641 0 1 1"
      ;;
    12)
      test-tcas  "147 1 902 593 372 2394 0 488 874 0 1 1"
      ;;
    13)
      test-tcas  "141 0 291 70 319 2542 2 8 74 0 0 1"
      ;;
    14)
      test-tcas  "152 1 915 947 967 6138 1 0 846 1 0 1"
      ;;
    15)
      test-tcas  "411 0 57 108 938 9950 3 503 426 0 1 1"
      ;;
    16)
      test-tcas  "558 0 402 460 677 5625 3 768 408 1 1 1"
      ;;
    17)
      test-tcas  "581 0 981 819 644 2608 0 188 883 1 0 0"
      ;;
    18)
      test-tcas  "339 0 686 993 500 5302 3 410 488 1 1 1"
      ;;
    19)
      test-tcas  "720 1 563 195 717 4817 3 988 49 1 1 0"
      ;;
    20)
      test-tcas  "173 1 928 905 300 6018 1 244 254 1 1 0"
      ;;
    21)
      test-tcas  "712 1 316 165 140 4315 1 119 187 0 0 1"
      ;;
    22)
      test-tcas  "315 0 289 26 951 3861 0 806 508 1 0 0"
      ;;
    23)
      test-tcas  "207 0 287 362 759 9422 2 784 598 0 0 0"
      ;;
    24)
      test-tcas  "551 0 913 704 547 8302 1 524 184 0 1 1"
      ;;
    25)
      test-tcas  "785 1 383 955 848 6173 1 689 642 0 0 1"
      ;;
    26)
      test-tcas  "85 1 267 940 908 1631 0 963 572 1 0 1"
      ;;
    27)
      test-tcas  "341 1 173 658 426 8681 0 914 126 1 1 0"
      ;;
    28)
      test-tcas  "462 0 626 877 863 4174 3 262 114 1 0 0"
      ;;
    29)
      test-tcas  "894 0 71 322 935 8467 1 895 35 1 1 1"
      ;;
    30)
      test-tcas  "892 0 755 151 33 2302 1 655 874 0 0 0"
      ;;
    31)
      test-tcas  "315 0 85 735 133 1005 3 518 836 0 0 1"
      ;;
    32)
      test-tcas  "566 1 75 865 107 8699 3 216 56 0 1 0"
      ;;
    33)
      test-tcas  "706 1 537 527 303 222 1 603 850 0 0 1"
      ;;
    34)
      test-tcas  "835 0 854 201 831 6899 1 202 146 1 1 1"
      ;;
    35)
      test-tcas  "400 0 426 304 141 4193 1 280 394 0 0 1"
      ;;
    36)
      test-tcas  "347 0 224 933 196 4580 3 654 568 1 0 0"
      ;;
    37)
      test-tcas  "819 1 357 410 928 7774 2 20 708 1 0 0"
      ;;
    38)
      test-tcas  "495 1 62 341 550 2596 3 115 928 0 0 0"
      ;;
    39)
      test-tcas  "677 0 197 945 837 424 2 334 869 0 1 1"
      ;;
    40)
      test-tcas  "800 1 22 305 629 9265 0 618 220 1 0 1"
      ;;
esac
