#!/bin/bash
set -euo pipefail
SCRIPT_DIR=$(cd "$(dirname "${BASH_SOURCE[0]}")" && pwd)
test-tcas () {
    diff -q <(${ANGELIX_RUN:-eval} ./tcas $1) <($SCRIPT_DIR/../golden/tcas $1) > /dev/null
}

case "$1" in
    1)
      test-tcas  "72 0 139 662 988 3523 3 11 522 1 0 0"
      ;;
    2)
      test-tcas  "401 1 715 683 149 1412 2 438 722 1 0 0"
      ;;
    3)
      test-tcas  "170 0 534 144 386 344 0 495 511 0 0 0"
      ;;
    4)
      test-tcas  "421 1 335 914 812 1527 1 753 821 0 0 0"
      ;;
    5)
      test-tcas  "744 0 311 309 421 3611 3 753 60 1 0 0"
      ;;
    6)
      test-tcas  "785 0 604 276 30 3689 1 937 916 1 1 0"
      ;;
    7)
      test-tcas  "181 0 892 322 812 8976 1 571 491 1 1 0"
      ;;
    8)
      test-tcas  "155 0 242 678 453 7039 3 462 664 0 1 0"
      ;;
    9)
      test-tcas  "668 1 103 229 908 2083 3 402 883 0 1 1"
      ;;
    10)
      test-tcas  "602 1 397 914 618 367 1 449 679 0 0 0"
      ;;
    11)
      test-tcas  "817 0 50 573 669 9278 2 445 152 0 1 1"
      ;;
    12)
      test-tcas  "172 0 80 548 923 2076 1 580 465 1 0 0"
      ;;
    13)
      test-tcas  "691 0 437 811 513 3644 1 241 56 0 0 1"
      ;;
    14)
      test-tcas  "939 1 231 915 259 1917 2 16 724 1 0 1"
      ;;
    15)
      test-tcas  "494 0 775 718 677 4894 1 329 103 0 0 0"
      ;;
    16)
      test-tcas  "957 1 991 531 66 4311 3 990 193 0 1 1"
      ;;
    17)
      test-tcas  "438 1 181 189 971 4195 1 757 648 1 0 1"
      ;;
    18)
      test-tcas  "732 0 17 448 824 5553 1 990 372 0 0 0"
      ;;
    19)
      test-tcas  "543 0 715 101 66 7458 0 482 675 1 0 0"
      ;;
    20)
      test-tcas  "107 1 897 358 236 9716 1 710 803 1 0 1"
      ;;
    21)
      test-tcas  "389 1 461 162 703 3174 2 969 34 1 0 1"
      ;;
    22)
      test-tcas  "696 0 999 479 615 543 3 172 770 1 0 1"
      ;;
    23)
      test-tcas  "80 0 791 912 455 3323 3 512 142 1 1 1"
      ;;
    24)
      test-tcas  "251 1 331 524 248 9148 1 699 563 1 1 0"
      ;;
    25)
      test-tcas  "925 0 517 291 932 8434 0 81 413 0 0 1"
      ;;
    26)
      test-tcas  "601 1 223 285 731 9819 0 651 699 1 1 1"
      ;;
    27)
      test-tcas  "608 1 880 446 571 337 1 743 919 0 0 0"
      ;;
    28)
      test-tcas  "55 0 922 643 551 8731 3 95 723 0 0 0"
      ;;
    29)
      test-tcas  "849 0 580 695 387 8662 1 935 57 0 0 1"
      ;;
    30)
      test-tcas  "391 0 413 26 418 2877 2 825 488 0 0 1"
      ;;
    31)
      test-tcas  "828 0 278 809 327 9654 1 147 228 0 1 0"
      ;;
    32)
      test-tcas  "836 0 39 624 117 9017 1 400 44 0 0 0"
      ;;
    33)
      test-tcas  "876 1 298 40 119 8333 1 796 778 0 1 1"
      ;;
    34)
      test-tcas  "658 1 758 892 883 4956 1 121 522 1 0 1"
      ;;
    35)
      test-tcas  "190 1 450 559 739 7586 0 344 742 1 0 1"
      ;;
    36)
      test-tcas  "268 1 95 153 562 7943 0 108 661 0 0 0"
      ;;
    37)
      test-tcas  "604 1 191 216 901 210 3 944 116 0 1 1"
      ;;
    38)
      test-tcas  "959 1 117 312 83 7517 2 903 843 1 0 1"
      ;;
    39)
      test-tcas  "651 0 567 798 192 2495 1 166 700 0 1 0"
      ;;
    40)
      test-tcas  "683 0 19 9 980 2577 2 265 801 0 0 0"
      ;;
esac
