#!/bin/bash
set -euo pipefail
SCRIPT_DIR=$(cd "$(dirname "${BASH_SOURCE[0]}")" && pwd)
test-tcas () {
    diff -q <(${ANGELIX_RUN:-eval} ./tcas $1) <($SCRIPT_DIR/../golden/tcas $1) > /dev/null
}

case "$1" in
    1)
      test-tcas  "469 0 6 147 47 9435 0 222 618 1 0 0"
      ;;
    2)
      test-tcas  "772 0 153 985 171 600 0 368 335 1 1 1"
      ;;
    3)
      test-tcas  "863 0 308 382 38 9531 3 351 795 1 0 0"
      ;;
    4)
      test-tcas  "917 1 868 938 902 8597 1 383 398 0 0 1"
      ;;
    5)
      test-tcas  "257 1 893 622 242 431 2 992 183 1 0 1"
      ;;
    6)
      test-tcas  "880 0 309 683 399 210 1 955 483 0 0 0"
      ;;
    7)
      test-tcas  "664 0 752 593 364 3459 0 307 646 0 0 1"
      ;;
    8)
      test-tcas  "562 0 756 710 995 1641 2 242 704 0 1 0"
      ;;
    9)
      test-tcas  "832 0 920 320 490 8767 0 259 137 1 1 1"
      ;;
    10)
      test-tcas  "411 1 554 268 741 4268 3 953 523 1 0 1"
      ;;
    11)
      test-tcas  "926 1 965 539 406 244 0 563 819 0 0 1"
      ;;
    12)
      test-tcas  "630 0 59 904 79 5050 2 641 336 1 1 1"
      ;;
    13)
      test-tcas  "592 0 288 60 785 9965 2 90 136 1 1 0"
      ;;
    14)
      test-tcas  "958 1 200 636 265 1382 1 275 571 0 0 1"
      ;;
    15)
      test-tcas  "849 0 869 976 90 7624 3 956 25 0 0 0"
      ;;
    16)
      test-tcas  "601 0 388 702 510 7076 3 467 628 0 0 1"
      ;;
    17)
      test-tcas  "517 1 349 782 255 2848 3 780 722 0 0 1"
      ;;
    18)
      test-tcas  "131 0 797 151 31 8635 2 945 234 0 0 1"
      ;;
    19)
      test-tcas  "107 1 581 793 466 861 0 836 868 0 0 0"
      ;;
    20)
      test-tcas  "434 1 283 734 462 3519 0 127 28 0 0 0"
      ;;
    21)
      test-tcas  "400 1 33 442 625 4394 1 82 854 0 1 0"
      ;;
    22)
      test-tcas  "23 1 439 831 323 4573 0 913 462 1 1 0"
      ;;
    23)
      test-tcas  "149 1 696 337 314 7297 1 299 600 1 1 1"
      ;;
    24)
      test-tcas  "301 0 562 399 495 7293 3 40 337 1 0 1"
      ;;
    25)
      test-tcas  "598 1 361 153 335 7759 0 816 240 1 1 0"
      ;;
    26)
      test-tcas  "586 1 538 166 913 9117 1 611 547 1 0 0"
      ;;
    27)
      test-tcas  "787 1 420 749 154 1585 0 549 388 1 0 1"
      ;;
    28)
      test-tcas  "980 0 899 555 901 2415 3 645 858 0 0 1"
      ;;
    29)
      test-tcas  "823 0 567 82 818 8453 0 353 945 1 1 1"
      ;;
    30)
      test-tcas  "410 0 580 64 872 5369 3 771 793 0 0 1"
      ;;
    31)
      test-tcas  "570 0 44 801 168 6573 1 883 642 1 1 0"
      ;;
    32)
      test-tcas  "401 1 124 91 336 7400 1 400 953 1 1 1"
      ;;
    33)
      test-tcas  "470 0 309 606 436 3692 0 485 782 0 0 1"
      ;;
    34)
      test-tcas  "423 1 348 423 402 8352 2 997 338 0 0 1"
      ;;
    35)
      test-tcas  "432 1 274 740 527 4862 3 811 855 0 1 1"
      ;;
    36)
      test-tcas  "868 0 745 881 242 3079 0 298 510 1 0 0"
      ;;
    37)
      test-tcas  "981 1 486 215 584 9907 2 167 999 0 1 1"
      ;;
    38)
      test-tcas  "997 1 114 840 209 5651 0 586 643 0 1 1"
      ;;
    39)
      test-tcas  "142 1 903 628 639 6021 1 803 492 0 1 1"
      ;;
    40)
      test-tcas  "422 0 194 615 548 9824 2 375 824 1 0 0"
      ;;
esac
