#!/bin/bash
set -euo pipefail
SCRIPT_DIR=$(cd "$(dirname "${BASH_SOURCE[0]}")" && pwd)
test-tcas () {
    diff -q <(${ANGELIX_RUN:-eval} ./tcas $1) <($SCRIPT_DIR/../golden/tcas $1) > /dev/null
}

case "$1" in
    1)
      test-tcas  "764 1 812 539 121 1655 2 659 635 0 1 0"
      ;;
    2)
      test-tcas  "568 1 23 312 134 4492 2 388 35 1 1 1"
      ;;
    3)
      test-tcas  "904 1 177 265 2 7891 2 424 921 0 0 1"
      ;;
    4)
      test-tcas  "834 0 407 51 804 7679 2 773 990 1 1 0"
      ;;
    5)
      test-tcas  "155 1 408 571 748 4951 1 411 963 0 0 0"
      ;;
    6)
      test-tcas  "616 1 514 236 367 447 2 705 822 0 1 0"
      ;;
    7)
      test-tcas  "293 1 212 556 558 1943 1 694 780 0 0 1"
      ;;
    8)
      test-tcas  "879 0 908 653 998 6116 3 380 425 0 1 1"
      ;;
    9)
      test-tcas  "263 0 905 16 363 7541 1 968 587 1 0 0"
      ;;
    10)
      test-tcas  "228 1 18 643 526 4576 0 799 552 0 0 0"
      ;;
    11)
      test-tcas  "391 1 45 629 467 4977 0 719 79 0 1 1"
      ;;
    12)
      test-tcas  "659 0 518 265 82 3052 0 624 366 0 1 1"
      ;;
    13)
      test-tcas  "443 1 599 821 307 5101 2 84 700 1 0 1"
      ;;
    14)
      test-tcas  "716 1 876 375 111 782 2 158 883 1 1 0"
      ;;
    15)
      test-tcas  "677 1 987 350 866 4807 1 839 768 1 1 1"
      ;;
    16)
      test-tcas  "278 1 527 794 371 6152 2 996 327 1 0 1"
      ;;
    17)
      test-tcas  "259 0 571 915 492 638 0 159 603 1 0 0"
      ;;
    18)
      test-tcas  "518 1 382 983 821 7343 2 135 630 0 0 1"
      ;;
    19)
      test-tcas  "697 1 406 316 129 9878 3 92 54 0 0 0"
      ;;
    20)
      test-tcas  "775 1 597 897 519 61 1 592 626 1 0 0"
      ;;
    21)
      test-tcas  "159 0 336 971 234 3921 1 890 31 1 0 1"
      ;;
    22)
      test-tcas  "369 0 826 926 925 8381 0 818 667 0 1 0"
      ;;
    23)
      test-tcas  "839 0 762 831 876 1233 1 644 969 1 0 0"
      ;;
    24)
      test-tcas  "599 0 389 98 250 7280 2 453 702 0 0 1"
      ;;
    25)
      test-tcas  "731 1 641 980 799 9714 2 859 329 0 0 1"
      ;;
    26)
      test-tcas  "456 0 69 964 724 7893 1 214 53 1 0 0"
      ;;
    27)
      test-tcas  "464 0 555 465 439 753 3 915 533 1 0 0"
      ;;
    28)
      test-tcas  "804 0 469 828 935 9077 3 964 421 0 0 0"
      ;;
    29)
      test-tcas  "77 1 925 154 176 9792 3 563 980 0 0 0"
      ;;
    30)
      test-tcas  "36 0 155 241 615 1301 2 247 876 1 0 0"
      ;;
    31)
      test-tcas  "877 0 676 662 315 699 2 889 13 0 1 0"
      ;;
    32)
      test-tcas  "477 1 998 928 514 1445 0 834 839 1 1 1"
      ;;
    33)
      test-tcas  "763 1 949 632 573 3750 3 393 981 1 1 0"
      ;;
    34)
      test-tcas  "34 1 457 564 250 9553 2 80 325 0 0 0"
      ;;
    35)
      test-tcas  "650 1 672 928 77 9537 2 126 787 1 0 1"
      ;;
    36)
      test-tcas  "872 1 710 75 268 1089 0 126 949 0 0 1"
      ;;
    37)
      test-tcas  "885 1 69 512 132 3593 3 39 554 0 1 1"
      ;;
    38)
      test-tcas  "105 0 862 367 296 761 3 246 476 1 1 1"
      ;;
    39)
      test-tcas  "792 0 424 77 274 9051 1 955 295 0 1 1"
      ;;
    40)
      test-tcas  "784 1 672 663 939 6460 2 871 896 1 0 0"
      ;;
esac
