#!/bin/bash
set -euo pipefail
SCRIPT_DIR=$(cd "$(dirname "${BASH_SOURCE[0]}")" && pwd)
test-tcas () {
    diff -q <(${ANGELIX_RUN:-eval} ./tcas $1) <($SCRIPT_DIR/../golden/tcas $1) > /dev/null
}

case "$1" in
    1)
      test-tcas  "734 0 802 451 756 1376 2 25 490 0 0 1"
      ;;
    2)
      test-tcas  "633 1 672 551 293 5860 3 263 591 0 0 0"
      ;;
    3)
      test-tcas  "590 1 286 390 743 6544 1 810 139 1 0 1"
      ;;
    4)
      test-tcas  "564 1 295 626 796 8946 2 387 634 1 1 1"
      ;;
    5)
      test-tcas  "848 0 713 102 621 6232 3 983 100 0 0 1"
      ;;
    6)
      test-tcas  "326 1 122 190 169 6222 0 849 904 0 0 1"
      ;;
    7)
      test-tcas  "689 1 210 495 548 4331 3 188 391 1 0 1"
      ;;
    8)
      test-tcas  "263 1 397 498 263 296 1 21 527 0 0 1"
      ;;
    9)
      test-tcas  "243 1 159 863 941 8796 2 268 158 1 1 0"
      ;;
    10)
      test-tcas  "198 1 928 483 860 3462 0 860 938 0 1 1"
      ;;
    11)
      test-tcas  "769 0 238 946 344 425 2 680 287 0 1 1"
      ;;
    12)
      test-tcas  "546 1 990 878 771 1317 2 331 160 1 1 1"
      ;;
    13)
      test-tcas  "44 1 416 665 568 6630 2 187 641 0 0 1"
      ;;
    14)
      test-tcas  "739 1 517 268 237 8546 1 785 704 1 1 0"
      ;;
    15)
      test-tcas  "988 1 345 339 990 7654 0 513 718 0 0 1"
      ;;
    16)
      test-tcas  "618 1 642 486 173 571 0 621 478 0 1 1"
      ;;
    17)
      test-tcas  "799 1 897 448 178 5200 3 885 738 0 1 0"
      ;;
    18)
      test-tcas  "691 1 952 64 17 7271 3 767 377 0 0 0"
      ;;
esac
