'0 0 0 3 6 4 20'
'0 0 1 3 4 20 0'
'1 0 0 2 1 20 0'
'1 0 0 1 20 20 0'
'0 0 1 1 20 20 0'
'0 0 0 2 20 20 20'
'0 0 0 3 6 6 6'
'1 1 2 6 6 20 0'
'0 1 0 3 6 6 0'
'0 0 0 6 6 6 0'
'1 0 0 6 6 6 0'
'0 1 0 7 6 20 0'
'0 0 0 4 20 6 6'
'1 1 0 6 6 0 0'
'0 0 0 5 6 0 0'
'1 1 1 6 6 20 0'
'0 0 0 1 20 20 20'
'0 0 1 5 6 6 0'
'0 0 0 0 2 20 20'
'0 1 0 6 6 6 0'
'1 0 0 7 6 6 0'
'0 0 0 7 6 6 0'
'0 0 1 7 6 6 0'
'0 0 2 6 6 20 0'
'0 0 0 0 20 2 20'
'0 0 0 1 2 6 4'
'0 2 0 3 6 6 0'
'0 0 0 0 0 0 1'
'0 0 1 3 6 6 6'
'0 0 0 0 0 0 2'
'0 0 0 0 0 0 4'
'0 0 2 7 6 20 0'
'0 0 0 0 0 0 0'
'0 0 0 2 3 20 6'
'0 0 0 20 2 3 20'
'2 0 0 5 6 20 0'
'0 0 0 2 1 20 6'
'0 0 0 1 1 6 20'
'0 0 1 1 1 6 4'
'0 0 1 1 3 6 20'
'0 0 1 3 7 6 0'
'1 0 1 3 3 6 0'
