330 9 330 26
316 22 316 22
317 21 317 21
337 15 337 15
74 19 74 19
75 19 75 19
76 23 76 23
306 12 306 12
56 17 56 17
57 17 57 17
58 17 58 17
284 22 284 22
89 7 89 8
92 17 92 25
93 7 93 15
96 21 96 21
97 18 97 18
98 17 98 17
56 17 56 17
57 17 57 17
58 17 58 17
284 22 284 22
89 7 89 8
92 17 92 25
93 7 93 15
94 26 94 26
97 18 97 18
98 17 98 17
56 17 56 17
57 17 57 17
58 17 58 17
284 22 284 22
89 7 89 8
92 17 92 25
93 7 93 15
94 26 94 26
97 18 97 18
98 17 98 17
56 17 56 17
57 17 57 17
58 17 58 17
284 22 284 22
89 7 89 8
92 17 92 25
93 7 93 15
94 26 94 26
97 18 97 18
98 17 98 17
56 17 56 17
57 17 57 17
58 17 58 17
284 22 284 22
89 7 89 8
92 17 92 25
93 7 93 15
94 26 94 26
97 18 97 18
98 17 98 17
56 17 56 17
57 17 57 17
58 17 58 17
284 22 284 22
89 7 89 8
92 17 92 25
93 7 93 15
94 26 94 26
97 18 97 18
98 17 98 17
56 17 56 17
57 17 57 17
58 17 58 17
284 22 284 22
89 7 89 8
92 17 92 25
93 7 93 15
94 26 94 26
97 18 97 18
98 17 98 17
56 17 56 17
57 17 57 17
58 17 58 17
284 22 284 22
89 7 89 8
92 17 92 25
93 7 93 15
94 26 94 26
97 18 97 18
98 17 98 17
56 17 56 17
57 17 57 17
58 17 58 17
284 22 284 22
89 7 89 8
92 17 92 25
93 7 93 15
94 26 94 26
97 18 97 18
98 17 98 17
74 19 74 19
75 19 75 19
76 23 76 23
306 12 306 12
56 17 56 17
57 17 57 17
58 17 58 17
284 22 284 22
89 7 89 8
92 17 92 25
93 7 93 15
96 21 96 21
97 18 97 18
98 17 98 17
56 17 56 17
57 17 57 17
58 17 58 17
284 22 284 22
89 7 89 8
92 17 92 25
93 7 93 15
94 26 94 26
97 18 97 18
98 17 98 17
56 17 56 17
57 17 57 17
58 17 58 17
284 22 284 22
89 7 89 8
92 17 92 25
93 7 93 15
94 26 94 26
97 18 97 18
98 17 98 17
56 17 56 17
57 17 57 17
58 17 58 17
284 22 284 22
89 7 89 8
92 17 92 25
93 7 93 15
94 26 94 26
97 18 97 18
98 17 98 17
56 17 56 17
57 17 57 17
58 17 58 17
284 22 284 22
89 7 89 8
92 17 92 25
93 7 93 15
94 26 94 26
97 18 97 18
98 17 98 17
56 17 56 17
57 17 57 17
58 17 58 17
284 22 284 22
89 7 89 8
92 17 92 25
93 7 93 15
94 26 94 26
97 18 97 18
98 17 98 17
56 17 56 17
57 17 57 17
58 17 58 17
284 22 284 22
89 7 89 8
92 17 92 25
93 7 93 15
94 26 94 26
97 18 97 18
98 17 98 17
56 17 56 17
57 17 57 17
58 17 58 17
284 22 284 22
89 7 89 8
92 17 92 25
93 7 93 15
94 26 94 26
97 18 97 18
98 17 98 17
56 17 56 17
57 17 57 17
58 17 58 17
284 22 284 22
89 7 89 8
92 17 92 25
93 7 93 15
94 26 94 26
97 18 97 18
98 17 98 17
74 19 74 19
75 19 75 19
76 23 76 23
306 12 306 12
56 17 56 17
57 17 57 17
58 17 58 17
284 22 284 22
89 7 89 8
92 17 92 25
93 7 93 15
96 21 96 21
97 18 97 18
98 17 98 17
56 17 56 17
57 17 57 17
58 17 58 17
284 22 284 22
89 7 89 8
92 17 92 25
93 7 93 15
94 26 94 26
97 18 97 18
98 17 98 17
56 17 56 17
57 17 57 17
58 17 58 17
284 22 284 22
89 7 89 8
92 17 92 25
93 7 93 15
94 26 94 26
97 18 97 18
98 17 98 17
56 17 56 17
57 17 57 17
58 17 58 17
284 22 284 22
89 7 89 8
92 17 92 25
93 7 93 15
94 26 94 26
97 18 97 18
98 17 98 17
56 17 56 17
57 17 57 17
58 17 58 17
284 22 284 22
89 7 89 8
92 17 92 25
93 7 93 15
94 26 94 26
97 18 97 18
98 17 98 17
363 10 363 36
