#!/bin/bash
set -euo pipefail
SCRIPT_DIR=$(cd "$(dirname "${BASH_SOURCE[0]}")" && pwd)
test-tcas () {
    diff -q <(${ANGELIX_RUN:-eval} ./tcas $1) <($SCRIPT_DIR/../golden/tcas $1) > /dev/null
}

case "$1" in
    1)
      test-tcas  "1008 1 1 2288 -10000 2297 3 3836 3836 0 2 0"
      ;;
    2)
      test-tcas  "3248 1 1 -2832 112 4337 0 3836 3836 0 2 0"
      ;;
    3)
      test-tcas  "6256 1 1 6256 -10000 6258 1 1024 6396 0 2 0"
      ;;
    4)
      test-tcas  "2832 1 1 240 -10000 6369 2 8832 8940 0 2 0"
      ;;
    5)
      test-tcas  "1008 1 1 2297 -10000 2288 3 3836 3836 0 2 0"
      ;;
    6)
      test-tcas  "3248 1 1 4337 112 -2832 0 3836 3836 0 2 0"
      ;;
    7)
      test-tcas  "6256 1 1 6258 -10000 6256 1 6396 6396 0 2 0"
      ;;
    8)
      test-tcas  "2832 1 1 6369 -10000 240 2 8940 8940 0 2 0"
      ;;
    9)
      test-tcas  "4560 1 1 -9104 112 3185 3 2292 740 0 2 0"
      ;;
    10)
      test-tcas  "4336 1 1 -9997 16 -9997 3 740 741 0 2 0"
      ;;
    11)
      test-tcas  "3296 1 1 4336 16 4341 3 1180 2288 0 2 1"
      ;;
    12)
      test-tcas  "7356 1 1 6305 -10000 112 3 2288 -9104 0 2 0"
      ;;
    13)
      test-tcas  "4560 1 1 -2959 112 -2959 3 2292 740 0 2 0"
      ;;
    14)
      test-tcas  "3296 1 1 4341 16 4336 3 2288 2288 0 2 1"
      ;;
    15)
      test-tcas  "7356 1 1 3208 -10000 3208 3 2288 -9104 0 2 0"
      ;;
    16)
      test-tcas  "6256 1 1 -8976 -1936 6257 0 6264 5104 0 2 0"
      ;;
    17)
      test-tcas  "6256 1 1 -7966 -6928 -7966 0 6272 6364 0 2 0"
      ;;
    18)
      test-tcas  "8314 1 1 -9040 -8464 -1807 0 1180 2288 0 2 1"
      ;;
    19)
      test-tcas  "3088 1 1 2289 -9488 2288 0 2288 -208 0 2 0"
      ;;
    20)
      test-tcas  "6256 1 1 -1359 -1936 -1359 0 6264 5104 0 2 0"
      ;;
    21)
      test-tcas  "8314 1 1 -1807 -8464 -9040 0 2288 2288 0 2 1"
      ;;
    22)
      test-tcas  "3088 1 1 2288 -9488 2288 0 2288 -208 0 2 0"
      ;;
    23)
      test-tcas  "2160 1 1 -2816 -9392 3073 1 501 500 0 2 0"
      ;;
    24)
      test-tcas  "2288 1 1 -10000 336 -10000 1 6256 6872 0 2 0"
      ;;
    25)
      test-tcas  "8368 1 1 -10000 112 -9999 1 1180 2288 0 2 1"
      ;;
    26)
      test-tcas  "5264 1 1 1777 336 1776 1 2288 -112 0 2 0"
      ;;
    27)
      test-tcas  "2160 1 1 128 -9392 128 1 501 500 0 2 0"
      ;;
    28)
      test-tcas  "8368 1 1 -9999 112 -10000 1 2288 2288 0 2 1"
      ;;
    29)
      test-tcas  "5264 1 1 1776 336 1776 1 2288 -112 0 2 0"
      ;;
    30)
      test-tcas  "2416 1 1 2288 -8432 6369 2 4344 4272 0 2 0"
      ;;
    31)
      test-tcas  "1808 1 1 -9968 -10000 -9968 2 4096 6332 0 2 0"
      ;;
    32)
      test-tcas  "3184 1 1 -10000 16 -9991 2 924 2300 0 2 1"
      ;;
    33)
      test-tcas  "3248 1 1 2161 336 2160 2 2288 -208 0 2 0"
      ;;
    34)
      test-tcas  "2416 1 1 4328 -8432 4328 2 4344 4272 0 2 0"
      ;;
    35)
      test-tcas  "3184 1 1 -9991 16 -10000 2 2300 2300 0 2 1"
      ;;
    36)
      test-tcas  "3248 1 1 2160 336 2160 2 2288 -208 0 2 0"
      ;;
esac
