#!/bin/bash
set -euo pipefail
SCRIPT_DIR=$(cd "$(dirname "${BASH_SOURCE[0]}")" && pwd)
test-tcas () {
    diff -q <(${ANGELIX_RUN:-eval} ./tcas $1) <($SCRIPT_DIR/../golden/tcas $1) > /dev/null
}

case "$1" in
    1)
      test-tcas  "945 0 238 587 952 5763 1 28 124 1 0 1"
      ;;
    2)
      test-tcas  "496 1 371 67 877 6191 3 313 767 1 1 1"
      ;;
    3)
      test-tcas  "196 0 782 942 197 9154 3 685 556 1 0 1"
      ;;
    4)
      test-tcas  "624 0 834 603 424 7638 1 871 70 0 0 0"
      ;;
    5)
      test-tcas  "458 1 656 756 560 7129 3 392 175 1 1 0"
      ;;
    6)
      test-tcas  "891 1 959 655 121 2963 0 627 528 0 0 0"
      ;;
    7)
      test-tcas  "835 1 971 541 15 5069 3 93 126 0 1 1"
      ;;
    8)
      test-tcas  "575 0 889 670 475 3735 1 240 809 0 1 1"
      ;;
    9)
      test-tcas  "568 0 754 8 644 519 2 721 267 0 0 1"
      ;;
    10)
      test-tcas  "957 1 603 424 542 4974 0 912 514 0 0 0"
      ;;
    11)
      test-tcas  "154 1 990 39 152 256 3 318 126 1 1 1"
      ;;
    12)
      test-tcas  "360 0 544 373 277 9067 2 518 658 1 1 1"
      ;;
    13)
      test-tcas  "371 1 208 943 450 5690 1 308 650 1 1 1"
      ;;
    14)
      test-tcas  "255 1 51 123 793 111 2 949 466 1 1 0"
      ;;
    15)
      test-tcas  "592 0 184 267 67 6416 2 606 869 0 1 0"
      ;;
    16)
      test-tcas  "952 1 290 471 420 9749 3 467 761 0 1 0"
      ;;
    17)
      test-tcas  "40 0 577 715 397 4212 3 475 881 1 0 0"
      ;;
    18)
      test-tcas  "630 1 624 658 714 8033 1 103 446 1 1 0"
      ;;
    19)
      test-tcas  "851 0 592 971 56 2296 0 301 777 0 1 1"
      ;;
    20)
      test-tcas  "730 1 631 761 780 5392 1 409 845 1 1 0"
      ;;
    21)
      test-tcas  "101 1 966 459 840 7134 1 701 399 1 0 1"
      ;;
    22)
      test-tcas  "950 0 222 401 566 4246 3 97 919 1 0 0"
      ;;
    23)
      test-tcas  "170 0 882 340 66 2621 3 635 74 0 0 0"
      ;;
    24)
      test-tcas  "388 0 540 164 998 1322 3 350 605 1 0 0"
      ;;
    25)
      test-tcas  "79 0 607 289 298 8926 1 440 696 1 0 1"
      ;;
    26)
      test-tcas  "557 1 615 431 112 4228 1 869 811 0 1 1"
      ;;
    27)
      test-tcas  "702 1 948 842 718 812 3 950 814 1 1 0"
      ;;
    28)
      test-tcas  "315 1 954 505 547 8343 1 926 805 0 0 1"
      ;;
    29)
      test-tcas  "971 0 843 358 661 2730 1 129 587 1 0 1"
      ;;
    30)
      test-tcas  "949 1 519 227 54 2575 0 986 32 1 1 1"
      ;;
    31)
      test-tcas  "475 0 661 886 66 500 1 870 765 0 0 1"
      ;;
    32)
      test-tcas  "943 1 806 485 901 5038 1 672 604 1 1 0"
      ;;
    33)
      test-tcas  "81 1 31 487 865 1879 3 894 74 1 1 0"
      ;;
    34)
      test-tcas  "177 0 951 291 308 2206 0 132 983 0 0 0"
      ;;
    35)
      test-tcas  "465 1 288 792 567 819 2 907 635 1 0 0"
      ;;
    36)
      test-tcas  "578 0 86 341 301 7607 2 93 613 0 0 1"
      ;;
    37)
      test-tcas  "696 0 844 857 543 2724 2 437 317 1 0 1"
      ;;
    38)
      test-tcas  "476 0 375 225 630 8591 0 149 524 1 1 0"
      ;;
    39)
      test-tcas  "253 0 67 584 785 502 1 14 150 0 1 0"
      ;;
    40)
      test-tcas  "193 0 443 704 617 2249 2 67 158 0 0 1"
      ;;
esac
