#!/bin/bash
set -euo pipefail
SCRIPT_DIR=$(cd "$(dirname "${BASH_SOURCE[0]}")" && pwd)
test-tcas () {
    diff -q <(${ANGELIX_RUN:-eval} ./tcas $1) <($SCRIPT_DIR/../golden/tcas $1) > /dev/null
}

case "$1" in
    1)
      test-tcas  "159 1 585 399 950 350 2 161 872 0 0 1"
      ;;
    2)
      test-tcas  "742 1 274 315 669 6014 1 19 360 0 1 1"
      ;;
    3)
      test-tcas  "16 1 667 2 198 6337 0 646 576 0 0 0"
      ;;
    4)
      test-tcas  "173 0 312 826 832 6373 2 580 912 0 1 0"
      ;;
    5)
      test-tcas  "848 0 68 874 119 8385 2 979 305 1 0 1"
      ;;
    6)
      test-tcas  "396 0 874 117 246 3089 0 7 65 0 0 1"
      ;;
    7)
      test-tcas  "171 0 353 774 768 4425 1 319 403 0 1 0"
      ;;
    8)
      test-tcas  "886 0 660 231 878 6470 1 215 60 0 1 1"
      ;;
    9)
      test-tcas  "780 0 708 434 345 5091 3 533 665 1 0 1"
      ;;
    10)
      test-tcas  "791 1 841 245 1 6868 3 12 476 1 1 0"
      ;;
    11)
      test-tcas  "275 0 412 946 288 3694 2 559 72 1 0 0"
      ;;
    12)
      test-tcas  "976 0 390 899 801 3253 2 702 267 0 0 1"
      ;;
    13)
      test-tcas  "967 0 160 200 88 3341 1 405 150 0 1 0"
      ;;
    14)
      test-tcas  "158 1 64 203 108 1647 2 433 507 0 0 1"
      ;;
    15)
      test-tcas  "650 1 924 802 694 2263 2 578 211 0 0 0"
      ;;
    16)
      test-tcas  "768 1 886 578 269 5725 1 215 247 1 1 1"
      ;;
    17)
      test-tcas  "21 0 308 133 658 892 3 991 982 1 0 0"
      ;;
    18)
      test-tcas  "423 1 174 316 415 4395 3 788 119 1 1 0"
      ;;
    19)
      test-tcas  "748 1 602 473 407 6765 1 632 396 0 0 0"
      ;;
    20)
      test-tcas  "159 1 471 406 634 3652 2 731 565 1 1 1"
      ;;
    21)
      test-tcas  "457 0 962 350 267 5783 0 544 552 1 0 0"
      ;;
    22)
      test-tcas  "793 1 920 13 827 2513 1 508 832 1 1 0"
      ;;
    23)
      test-tcas  "132 0 449 538 133 900 1 911 96 0 1 1"
      ;;
    24)
      test-tcas  "67 1 932 164 230 5346 1 355 131 1 0 0"
      ;;
    25)
      test-tcas  "720 1 843 374 934 1785 3 282 553 0 0 0"
      ;;
    26)
      test-tcas  "450 0 210 420 902 5382 2 170 572 0 0 1"
      ;;
    27)
      test-tcas  "919 0 450 304 247 1522 1 242 353 0 0 0"
      ;;
    28)
      test-tcas  "738 0 452 593 648 6733 2 842 791 0 0 1"
      ;;
    29)
      test-tcas  "435 1 354 833 739 8885 0 59 577 0 0 1"
      ;;
    30)
      test-tcas  "842 1 314 782 177 4703 3 672 376 1 1 1"
      ;;
    31)
      test-tcas  "208 1 794 291 284 7269 0 109 677 0 1 0"
      ;;
    32)
      test-tcas  "393 0 452 286 482 6711 3 804 511 0 0 1"
      ;;
    33)
      test-tcas  "375 0 636 93 922 3805 1 113 684 1 1 1"
      ;;
    34)
      test-tcas  "64 0 720 188 712 8621 3 852 440 1 0 0"
      ;;
    35)
      test-tcas  "974 0 132 398 26 4732 2 492 665 0 1 0"
      ;;
    36)
      test-tcas  "727 0 846 634 51 3793 3 110 667 0 0 1"
      ;;
    37)
      test-tcas  "659 1 405 342 327 5571 1 368 446 1 0 1"
      ;;
    38)
      test-tcas  "850 1 160 125 359 4646 2 47 13 0 0 0"
      ;;
    39)
      test-tcas  "934 0 379 267 681 7162 1 18 847 0 1 0"
      ;;
    40)
      test-tcas  "756 1 204 347 590 9049 3 977 921 0 1 0"
      ;;
esac
