#!/bin/bash
set -euo pipefail
SCRIPT_DIR=$(cd "$(dirname "${BASH_SOURCE[0]}")" && pwd)
test-tcas () {
    diff -q <(${ANGELIX_RUN:-eval} ./tcas $1) <($SCRIPT_DIR/../golden/tcas $1) > /dev/null
}

case "$1" in
    1)
      test-tcas  "160 0 371 973 814 2973 1 646 4 0 0 0"
      ;;
    2)
      test-tcas  "741 0 57 211 951 9208 1 650 89 0 1 1"
      ;;
    3)
      test-tcas  "297 1 297 163 367 6668 2 126 149 0 0 0"
      ;;
    4)
      test-tcas  "657 0 148 370 87 2691 0 157 116 1 0 0"
      ;;
    5)
      test-tcas  "392 1 704 648 837 6687 1 23 484 1 1 0"
      ;;
    6)
      test-tcas  "848 0 691 441 491 546 1 945 288 1 1 0"
      ;;
    7)
      test-tcas  "105 1 440 705 42 308 0 344 129 0 1 0"
      ;;
    8)
      test-tcas  "378 1 471 519 396 3815 1 605 356 0 0 1"
      ;;
    9)
      test-tcas  "938 0 418 994 63 1857 0 713 595 1 1 1"
      ;;
    10)
      test-tcas  "944 1 910 520 457 8947 3 681 768 0 0 0"
      ;;
    11)
      test-tcas  "806 1 250 973 23 4538 3 238 466 0 0 1"
      ;;
    12)
      test-tcas  "764 1 293 178 719 6002 3 998 199 1 0 0"
      ;;
    13)
      test-tcas  "204 1 827 657 562 1216 1 76 449 1 0 0"
      ;;
    14)
      test-tcas  "41 0 21 565 959 1023 0 33 804 1 1 1"
      ;;
    15)
      test-tcas  "5 0 79 663 413 197 0 981 541 1 1 1"
      ;;
    16)
      test-tcas  "152 1 220 197 892 9864 3 775 58 0 0 0"
      ;;
    17)
      test-tcas  "137 0 326 709 694 4560 3 378 339 0 0 0"
      ;;
    18)
      test-tcas  "940 0 279 25 36 3293 2 720 347 0 1 0"
      ;;
    19)
      test-tcas  "653 0 951 973 832 6106 2 767 741 1 0 0"
      ;;
    20)
      test-tcas  "756 1 132 834 210 5671 3 928 663 0 0 1"
      ;;
    21)
      test-tcas  "958 1 327 986 217 7468 3 478 566 1 1 0"
      ;;
    22)
      test-tcas  "124 1 381 860 959 2008 1 316 80 1 0 0"
      ;;
    23)
      test-tcas  "203 0 200 978 13 8440 3 96 835 1 1 0"
      ;;
    24)
      test-tcas  "176 0 558 659 402 701 2 593 853 0 1 0"
      ;;
    25)
      test-tcas  "111 1 984 851 737 5078 2 80 743 0 0 1"
      ;;
    26)
      test-tcas  "246 0 119 530 259 1771 2 509 322 1 1 0"
      ;;
    27)
      test-tcas  "737 0 653 179 494 2637 0 374 574 1 1 0"
      ;;
    28)
      test-tcas  "246 0 983 17 86 2877 3 345 966 1 0 0"
      ;;
    29)
      test-tcas  "941 1 199 920 19 5883 1 56 69 0 0 1"
      ;;
    30)
      test-tcas  "724 1 696 309 969 7947 2 793 279 1 1 0"
      ;;
    31)
      test-tcas  "563 1 838 754 901 2849 2 322 17 0 1 1"
      ;;
    32)
      test-tcas  "739 1 545 555 186 5695 1 670 328 1 0 0"
      ;;
    33)
      test-tcas  "588 0 419 210 628 579 1 328 74 1 0 1"
      ;;
    34)
      test-tcas  "926 1 194 408 606 7859 0 104 146 0 1 0"
      ;;
    35)
      test-tcas  "785 0 740 0 341 3927 3 714 74 0 1 0"
      ;;
    36)
      test-tcas  "414 0 660 322 831 9441 3 138 339 0 0 1"
      ;;
    37)
      test-tcas  "609 1 710 241 434 947 1 821 341 0 0 0"
      ;;
    38)
      test-tcas  "453 0 717 418 354 5774 1 900 550 0 1 1"
      ;;
    39)
      test-tcas  "350 1 575 461 385 951 0 921 773 1 0 0"
      ;;
    40)
      test-tcas  "914 1 42 932 222 3698 0 766 657 0 0 1"
      ;;
esac
