#!/bin/bash
set -euo pipefail
SCRIPT_DIR=$(cd "$(dirname "${BASH_SOURCE[0]}")" && pwd)
test-tcas () {
    diff -q <(${ANGELIX_RUN:-eval} ./tcas $1) <($SCRIPT_DIR/../golden/tcas $1) > /dev/null
}

case "$1" in
    1)
      test-tcas  "468 1 980 176 327 6996 2 586 881 0 0 1"
      ;;
    2)
      test-tcas  "484 1 999 881 123 5951 2 982 349 1 1 0"
      ;;
    3)
      test-tcas  "406 1 714 893 138 8779 1 334 848 0 1 1"
      ;;
    4)
      test-tcas  "62 1 849 691 68 8339 3 547 169 1 1 0"
      ;;
    5)
      test-tcas  "825 1 484 614 238 8781 0 507 501 0 0 0"
      ;;
    6)
      test-tcas  "96 1 530 516 423 3934 0 395 18 1 1 1"
      ;;
    7)
      test-tcas  "312 1 677 762 99 6023 1 982 361 1 1 1"
      ;;
    8)
      test-tcas  "740 0 575 863 733 1929 1 900 651 0 0 1"
      ;;
    9)
      test-tcas  "475 0 138 82 5 7831 2 847 137 1 1 1"
      ;;
    10)
      test-tcas  "644 0 890 109 604 8924 2 348 481 0 1 0"
      ;;
    11)
      test-tcas  "917 0 315 357 494 8899 3 40 93 1 0 1"
      ;;
    12)
      test-tcas  "948 1 175 651 229 4090 1 601 748 0 0 0"
      ;;
    13)
      test-tcas  "398 1 710 958 74 9583 1 209 102 0 1 1"
      ;;
    14)
      test-tcas  "666 1 579 474 320 9161 2 994 440 1 1 0"
      ;;
    15)
      test-tcas  "400 0 307 708 298 7734 3 161 334 0 0 1"
      ;;
    16)
      test-tcas  "295 1 865 264 161 3832 3 485 549 0 0 1"
      ;;
    17)
      test-tcas  "549 0 861 839 548 930 0 513 790 1 0 0"
      ;;
    18)
      test-tcas  "732 0 619 434 767 9649 0 281 510 1 1 0"
      ;;
    19)
      test-tcas  "619 0 216 998 105 8430 3 425 166 0 0 1"
      ;;
    20)
      test-tcas  "859 0 273 691 329 7985 1 458 906 1 0 1"
      ;;
    21)
      test-tcas  "89 0 40 582 354 4686 1 533 737 1 1 1"
      ;;
    22)
      test-tcas  "364 1 969 4 449 179 2 299 783 1 0 0"
      ;;
    23)
      test-tcas  "443 1 644 876 210 8751 2 456 248 0 1 1"
      ;;
    24)
      test-tcas  "653 1 552 106 844 425 0 368 166 1 0 0"
      ;;
    25)
      test-tcas  "708 1 771 758 109 6429 3 487 12 1 0 0"
      ;;
    26)
      test-tcas  "930 1 204 887 518 4500 3 549 606 0 0 1"
      ;;
    27)
      test-tcas  "925 0 526 944 146 4481 1 355 688 1 0 1"
      ;;
    28)
      test-tcas  "802 1 507 320 580 9921 0 553 863 0 0 0"
      ;;
    29)
      test-tcas  "523 1 830 48 207 8740 0 169 448 1 1 1"
      ;;
    30)
      test-tcas  "979 0 964 764 207 5606 2 643 56 1 0 1"
      ;;
    31)
      test-tcas  "811 1 68 923 181 473 3 917 503 0 0 1"
      ;;
    32)
      test-tcas  "926 0 243 790 449 1631 3 561 864 0 1 0"
      ;;
    33)
      test-tcas  "58 0 822 55 596 7809 2 141 198 0 1 0"
      ;;
    34)
      test-tcas  "545 0 682 886 836 2172 3 923 634 1 1 1"
      ;;
    35)
      test-tcas  "867 1 838 989 264 1584 3 662 149 1 1 1"
      ;;
    36)
      test-tcas  "232 1 833 668 20 7212 1 550 471 1 1 1"
      ;;
    37)
      test-tcas  "811 1 651 42 777 7435 3 471 123 1 0 1"
      ;;
    38)
      test-tcas  "901 0 66 467 901 1105 0 513 657 1 0 0"
      ;;
    39)
      test-tcas  "551 1 489 793 941 8478 0 162 644 1 1 1"
      ;;
    40)
      test-tcas  "808 1 508 413 959 8577 2 860 986 0 0 0"
      ;;
esac
