#!/bin/bash
set -euo pipefail
SCRIPT_DIR=$(cd "$(dirname "${BASH_SOURCE[0]}")" && pwd)
test-tcas () {
    diff -q <(${ANGELIX_RUN:-eval} ./tcas $1) <($SCRIPT_DIR/../golden/tcas $1) > /dev/null
}

case "$1" in
    1)
      test-tcas  "430 1 69 471 881 469 1 801 869 1 0 0"
      ;;
    2)
      test-tcas  "865 0 32 804 228 9024 0 198 760 1 1 0"
      ;;
    3)
      test-tcas  "536 1 351 76 545 2418 2 902 196 0 0 0"
      ;;
    4)
      test-tcas  "878 1 168 209 597 496 2 78 142 0 0 1"
      ;;
    5)
      test-tcas  "398 0 264 782 163 7012 0 939 295 1 0 1"
      ;;
    6)
      test-tcas  "62 0 236 391 376 7122 3 681 933 1 0 1"
      ;;
    7)
      test-tcas  "379 1 7 823 330 5414 2 189 439 1 1 0"
      ;;
    8)
      test-tcas  "739 0 222 215 165 8235 1 315 520 0 0 1"
      ;;
    9)
      test-tcas  "117 0 806 698 10 2918 1 260 21 1 1 1"
      ;;
    10)
      test-tcas  "742 1 146 524 304 2466 1 513 2 0 1 0"
      ;;
    11)
      test-tcas  "778 1 64 415 167 7434 1 934 562 0 0 0"
      ;;
    12)
      test-tcas  "538 0 843 855 565 7131 2 945 620 0 1 0"
      ;;
    13)
      test-tcas  "116 0 208 186 62 9769 3 381 576 1 1 1"
      ;;
    14)
      test-tcas  "709 0 218 791 12 5968 0 322 479 0 0 1"
      ;;
    15)
      test-tcas  "256 0 588 259 12 1928 3 300 957 0 1 0"
      ;;
    16)
      test-tcas  "310 1 939 246 416 7678 0 468 816 1 0 0"
      ;;
    17)
      test-tcas  "335 1 12 810 640 2147 0 789 772 1 1 0"
      ;;
    18)
      test-tcas  "901 1 768 266 900 244 2 6 366 1 0 0"
      ;;
    19)
      test-tcas  "412 1 757 91 879 7854 3 2 634 0 1 0"
      ;;
    20)
      test-tcas  "250 0 22 130 690 8472 2 321 586 1 1 0"
      ;;
    21)
      test-tcas  "300 1 140 256 268 286 1 914 40 0 0 0"
      ;;
    22)
      test-tcas  "16 1 851 822 150 4729 1 756 768 1 1 0"
      ;;
    23)
      test-tcas  "220 1 4 555 315 6959 1 735 327 0 0 0"
      ;;
    24)
      test-tcas  "915 0 319 184 481 5331 2 204 322 0 1 0"
      ;;
    25)
      test-tcas  "428 1 693 834 954 718 1 799 166 1 1 0"
      ;;
    26)
      test-tcas  "159 1 483 302 753 7547 0 552 760 0 0 0"
      ;;
    27)
      test-tcas  "225 0 360 511 376 6556 3 973 725 0 0 1"
      ;;
    28)
      test-tcas  "191 1 962 939 163 4673 2 637 144 0 0 0"
      ;;
    29)
      test-tcas  "987 0 710 476 751 9936 0 899 914 1 1 0"
      ;;
    30)
      test-tcas  "999 1 679 66 675 9144 2 662 43 1 1 1"
      ;;
    31)
      test-tcas  "138 0 500 590 636 2811 0 632 364 1 1 1"
      ;;
    32)
      test-tcas  "526 0 766 813 445 6146 1 258 256 0 0 0"
      ;;
    33)
      test-tcas  "197 0 392 719 79 6058 1 478 44 1 1 0"
      ;;
    34)
      test-tcas  "962 0 836 385 679 2675 0 612 854 1 0 1"
      ;;
    35)
      test-tcas  "319 0 10 485 709 9541 2 90 657 1 1 0"
      ;;
    36)
      test-tcas  "941 1 85 758 827 9525 0 361 297 1 0 1"
      ;;
    37)
      test-tcas  "971 1 269 175 326 3505 2 133 233 0 1 1"
      ;;
    38)
      test-tcas  "926 1 944 213 280 6148 0 165 656 0 1 1"
      ;;
    39)
      test-tcas  "653 0 344 478 791 7518 0 76 564 1 0 0"
      ;;
    40)
      test-tcas  "300 0 247 20 939 857 3 169 234 0 1 0"
      ;;
esac
