#!/bin/bash
set -euo pipefail
SCRIPT_DIR=$(cd "$(dirname "${BASH_SOURCE[0]}")" && pwd)
test-tcas () {
    diff -q <(${ANGELIX_RUN:-eval} ./tcas $1) <($SCRIPT_DIR/../golden/tcas $1) > /dev/null
}

case "$1" in
    1)
      test-tcas  "496 1 887 157 31 9179 2 314 247 1 1 1"
      ;;
    2)
      test-tcas  "13 0 539 220 2 4911 0 711 147 1 0 0"
      ;;
    3)
      test-tcas  "73 1 36 566 46 1890 0 37 860 1 0 1"
      ;;
    4)
      test-tcas  "521 0 208 265 552 8135 1 56 233 1 0 1"
      ;;
    5)
      test-tcas  "103 0 102 845 633 2277 1 8 43 1 0 1"
      ;;
    6)
      test-tcas  "854 0 355 982 942 6666 1 952 507 1 1 1"
      ;;
    7)
      test-tcas  "597 0 185 81 586 6699 1 905 247 0 0 1"
      ;;
    8)
      test-tcas  "894 0 599 939 395 7684 1 505 711 0 1 0"
      ;;
    9)
      test-tcas  "52 0 392 540 626 4323 2 44 458 1 0 1"
      ;;
    10)
      test-tcas  "729 1 530 744 608 5094 1 731 617 0 1 1"
      ;;
    11)
      test-tcas  "150 1 653 176 882 4437 3 860 458 0 0 0"
      ;;
    12)
      test-tcas  "39 0 666 7 966 9725 0 216 90 1 0 0"
      ;;
    13)
      test-tcas  "57 1 698 566 143 7520 0 607 99 1 0 1"
      ;;
    14)
      test-tcas  "801 0 128 783 420 4559 0 725 250 0 1 1"
      ;;
    15)
      test-tcas  "302 0 891 414 241 3272 3 779 312 1 0 0"
      ;;
    16)
      test-tcas  "402 1 858 729 524 9511 2 374 584 0 0 0"
      ;;
    17)
      test-tcas  "467 0 826 997 165 1372 0 5 842 0 0 0"
      ;;
    18)
      test-tcas  "525 0 386 505 349 2727 0 264 104 0 0 0"
      ;;
    19)
      test-tcas  "169 1 859 207 771 3202 3 454 937 1 0 0"
      ;;
    20)
      test-tcas  "407 0 472 175 252 7910 0 707 932 1 0 0"
      ;;
    21)
      test-tcas  "59 1 980 65 177 5267 3 985 456 1 1 0"
      ;;
    22)
      test-tcas  "332 0 144 613 751 9654 1 440 879 0 0 0"
      ;;
    23)
      test-tcas  "830 0 717 840 224 7573 2 576 155 0 1 1"
      ;;
    24)
      test-tcas  "452 1 933 192 959 1290 0 450 916 1 0 1"
      ;;
    25)
      test-tcas  "451 1 969 173 578 2680 3 777 103 0 1 0"
      ;;
    26)
      test-tcas  "312 1 350 248 328 2221 2 314 608 1 0 1"
      ;;
    27)
      test-tcas  "121 0 944 834 354 3699 3 208 481 1 1 1"
      ;;
    28)
      test-tcas  "658 0 889 96 674 4257 3 170 884 1 1 1"
      ;;
    29)
      test-tcas  "656 1 623 994 355 1957 0 360 225 1 0 1"
      ;;
    30)
      test-tcas  "408 1 118 604 717 8923 0 724 746 1 0 0"
      ;;
    31)
      test-tcas  "312 0 409 167 275 7577 3 217 260 0 1 0"
      ;;
    32)
      test-tcas  "873 0 621 583 613 246 3 924 769 1 0 1"
      ;;
    33)
      test-tcas  "252 0 890 179 500 8719 3 446 298 1 0 1"
      ;;
    34)
      test-tcas  "600 1 867 515 212 9 1 180 504 1 1 1"
      ;;
    35)
      test-tcas  "157 0 876 837 317 7716 0 188 426 1 0 1"
      ;;
    36)
      test-tcas  "427 1 272 366 23 4960 1 280 125 0 1 1"
      ;;
    37)
      test-tcas  "692 0 127 152 687 4858 1 692 976 1 1 1"
      ;;
    38)
      test-tcas  "613 1 14 513 110 7975 1 372 947 1 0 1"
      ;;
    39)
      test-tcas  "829 0 452 274 894 3054 1 311 395 0 0 0"
      ;;
    40)
      test-tcas  "149 0 389 31 408 7662 1 673 653 0 0 0"
      ;;
    41)
      test-tcas  "236 1 81 515 703 9131 2 631 106 1 0 1"
      ;;
    42)
      test-tcas  "607 1 742 861 187 3403 0 762 340 0 0 0"
      ;;
    43)
      test-tcas  "231 1 484 101 872 9986 1 729 584 0 0 1"
      ;;
    44)
      test-tcas  "125 0 286 620 635 5320 2 618 745 1 1 0"
      ;;
    45)
      test-tcas  "15 1 66 540 126 4366 0 830 128 0 0 0"
      ;;
    46)
      test-tcas  "391 0 330 59 808 1162 3 780 248 0 1 1"
      ;;
    47)
      test-tcas  "183 0 385 738 944 3489 0 875 64 1 1 0"
      ;;
    48)
      test-tcas  "724 1 721 437 413 4604 2 262 517 0 1 1"
      ;;
    49)
      test-tcas  "721 0 828 262 769 6264 2 763 350 0 1 1"
      ;;
    50)
      test-tcas  "623 0 548 319 159 1949 2 119 891 0 1 1"
      ;;
    51)
      test-tcas  "994 1 908 361 501 7351 2 269 830 0 0 0"
      ;;
    52)
      test-tcas  "365 1 384 566 660 6730 0 791 860 1 0 0"
      ;;
    53)
      test-tcas  "431 0 598 672 364 8798 0 916 599 1 1 1"
      ;;
    54)
      test-tcas  "530 1 627 516 113 4190 3 623 255 0 0 1"
      ;;
    55)
      test-tcas  "910 1 366 701 519 8500 3 294 217 1 1 1"
      ;;
    56)
      test-tcas  "548 0 715 630 240 160 2 182 985 1 1 1"
      ;;
    57)
      test-tcas  "55 0 844 507 13 1224 3 608 761 0 0 0"
      ;;
    58)
      test-tcas  "621 1 283 111 219 1288 3 277 453 0 1 1"
      ;;
    59)
      test-tcas  "938 0 281 196 938 436 0 443 928 0 1 0"
      ;;
    60)
      test-tcas  "634 0 523 254 583 6154 0 801 975 1 1 1"
      ;;
    61)
      test-tcas  "913 1 209 132 883 1684 2 36 690 1 1 0"
      ;;
    62)
      test-tcas  "905 0 320 546 327 9224 2 792 842 1 1 0"
      ;;
    63)
      test-tcas  "554 1 988 988 55 762 3 536 205 0 0 1"
      ;;
    64)
      test-tcas  "878 1 933 766 687 2168 3 349 844 1 0 1"
      ;;
esac
