#!/bin/bash
set -euo pipefail
SCRIPT_DIR=$(cd "$(dirname "${BASH_SOURCE[0]}")" && pwd)
test-tcas () {
    diff -q <(${ANGELIX_RUN:-eval} ./tcas $1) <($SCRIPT_DIR/../golden/tcas $1) > /dev/null
}

case "$1" in
    1)
      test-tcas  "589 0 438 768 50 4378 0 743 596 1 1 1"
      ;;
    2)
      test-tcas  "502 1 233 205 408 9450 1 928 501 1 1 0"
      ;;
    3)
      test-tcas  "866 1 985 145 788 1134 3 198 289 0 0 0"
      ;;
    4)
      test-tcas  "6 0 677 577 807 2013 1 575 235 0 0 0"
      ;;
    5)
      test-tcas  "911 1 564 704 560 5987 0 137 181 1 1 1"
      ;;
    6)
      test-tcas  "227 0 388 309 321 9368 1 189 187 0 0 1"
      ;;
    7)
      test-tcas  "974 1 854 823 85 8197 0 933 957 0 1 1"
      ;;
    8)
      test-tcas  "980 1 417 64 864 4462 1 5 368 0 0 1"
      ;;
    9)
      test-tcas  "197 1 268 961 288 6684 1 728 463 0 0 1"
      ;;
    10)
      test-tcas  "575 0 911 350 912 2771 1 865 554 0 0 0"
      ;;
    11)
      test-tcas  "825 0 36 187 734 5262 2 103 556 1 1 1"
      ;;
    12)
      test-tcas  "287 0 288 288 726 852 0 360 389 1 1 0"
      ;;
    13)
      test-tcas  "265 0 301 872 688 7698 3 374 214 1 0 0"
      ;;
    14)
      test-tcas  "486 0 723 855 476 5166 3 869 412 1 0 1"
      ;;
    15)
      test-tcas  "925 0 111 17 645 1622 2 859 568 1 1 0"
      ;;
    16)
      test-tcas  "986 0 427 713 671 6458 3 450 333 1 0 0"
      ;;
    17)
      test-tcas  "27 0 416 925 357 2813 2 698 800 0 0 0"
      ;;
    18)
      test-tcas  "428 1 459 966 617 7453 3 803 97 0 1 0"
      ;;
    19)
      test-tcas  "821 0 460 175 681 3881 1 78 86 0 0 0"
      ;;
    20)
      test-tcas  "748 0 95 416 798 4155 3 773 567 0 0 1"
      ;;
    21)
      test-tcas  "884 0 165 135 805 3868 0 940 22 1 0 0"
      ;;
    22)
      test-tcas  "37 0 956 182 397 3509 3 99 859 0 1 0"
      ;;
    23)
      test-tcas  "439 0 403 447 662 7799 1 513 208 0 1 0"
      ;;
    24)
      test-tcas  "367 1 441 749 362 2716 1 383 666 1 1 1"
      ;;
    25)
      test-tcas  "875 0 256 233 578 7694 3 270 940 0 1 1"
      ;;
    26)
      test-tcas  "364 0 168 809 724 7955 3 489 104 1 1 0"
      ;;
    27)
      test-tcas  "906 0 649 962 487 9081 0 138 171 0 0 0"
      ;;
    28)
      test-tcas  "623 0 445 458 88 2806 1 837 903 0 0 1"
      ;;
    29)
      test-tcas  "51 0 967 197 244 9510 2 56 194 1 0 0"
      ;;
    30)
      test-tcas  "234 0 11 617 479 9128 2 310 5 0 1 1"
      ;;
    31)
      test-tcas  "362 0 537 703 866 8117 2 216 723 0 1 1"
      ;;
    32)
      test-tcas  "14 1 533 748 985 5678 1 732 855 1 0 1"
      ;;
    33)
      test-tcas  "597 0 93 606 748 7748 0 587 303 0 0 1"
      ;;
    34)
      test-tcas  "225 1 626 204 878 2242 0 141 977 1 1 1"
      ;;
    35)
      test-tcas  "259 1 585 592 164 3661 0 555 236 1 0 0"
      ;;
    36)
      test-tcas  "851 1 369 820 138 9552 0 317 614 1 1 0"
      ;;
    37)
      test-tcas  "189 1 966 337 622 5342 0 759 459 1 1 1"
      ;;
    38)
      test-tcas  "750 0 577 564 577 7751 3 273 509 0 0 0"
      ;;
    39)
      test-tcas  "652 0 831 658 862 455 2 489 51 0 0 0"
      ;;
    40)
      test-tcas  "213 0 325 353 991 8704 1 691 125 0 0 0"
      ;;
    41)
      test-tcas  "87 0 5 80 573 2442 1 209 309 0 0 1"
      ;;
    42)
      test-tcas  "767 1 464 368 14 9899 2 503 869 1 0 1"
      ;;
    43)
      test-tcas  "971 1 485 791 130 5806 1 57 570 1 0 0"
      ;;
    44)
      test-tcas  "268 0 126 452 626 238 3 83 126 0 1 0"
      ;;
    45)
      test-tcas  "467 1 330 202 913 5593 3 415 221 0 0 1"
      ;;
    46)
      test-tcas  "586 1 473 448 484 471 1 774 161 0 0 0"
      ;;
    47)
      test-tcas  "792 0 378 573 10 101 0 884 575 1 0 0"
      ;;
    48)
      test-tcas  "459 1 169 545 517 3561 3 708 201 0 1 1"
      ;;
    49)
      test-tcas  "497 0 923 426 373 8342 2 249 543 0 1 1"
      ;;
    50)
      test-tcas  "301 0 343 989 462 2742 1 133 253 0 0 1"
      ;;
    51)
      test-tcas  "85 1 703 696 720 6269 3 285 298 1 1 1"
      ;;
    52)
      test-tcas  "48 1 17 742 283 7552 2 715 459 0 1 1"
      ;;
    53)
      test-tcas  "645 0 838 855 765 8305 0 485 348 0 1 0"
      ;;
    54)
      test-tcas  "329 1 264 926 654 611 0 531 68 0 1 0"
      ;;
    55)
      test-tcas  "456 0 575 456 559 3189 2 57 719 0 0 1"
      ;;
    56)
      test-tcas  "530 1 574 151 927 418 2 711 309 0 0 0"
      ;;
    57)
      test-tcas  "722 0 968 822 18 5666 0 768 167 1 0 1"
      ;;
    58)
      test-tcas  "566 1 197 53 295 7940 2 952 737 1 0 1"
      ;;
    59)
      test-tcas  "881 1 872 838 941 8044 3 492 609 0 1 1"
      ;;
    60)
      test-tcas  "402 1 431 649 56 7263 1 365 861 0 1 0"
      ;;
    61)
      test-tcas  "177 0 851 72 71 8135 3 537 210 0 1 1"
      ;;
    62)
      test-tcas  "654 1 126 333 179 3087 1 369 109 0 0 0"
      ;;
    63)
      test-tcas  "419 1 892 672 26 2619 1 94 804 0 0 1"
      ;;
    64)
      test-tcas  "805 0 888 613 600 331 0 599 436 1 0 0"
      ;;
esac
