#!/bin/bash
set -euo pipefail
SCRIPT_DIR=$(cd "$(dirname "${BASH_SOURCE[0]}")" && pwd)
test-tcas () {
    diff -q <(${ANGELIX_RUN:-eval} ./tcas $1) <($SCRIPT_DIR/../golden/tcas $1) > /dev/null
}

case "$1" in
    1)
      test-tcas  "8 1 980 2 954 6773 1 141 725 0 0 0"
      ;;
    2)
      test-tcas  "840 0 204 230 186 5204 3 240 210 0 1 0"
      ;;
    3)
      test-tcas  "605 0 72 324 411 4768 2 29 633 0 0 1"
      ;;
    4)
      test-tcas  "955 1 143 26 825 4606 3 243 231 0 0 1"
      ;;
    5)
      test-tcas  "786 0 866 19 300 8959 2 432 891 1 1 1"
      ;;
    6)
      test-tcas  "833 0 333 413 746 4114 0 674 452 0 1 1"
      ;;
    7)
      test-tcas  "799 1 557 589 23 7158 2 809 765 0 1 1"
      ;;
    8)
      test-tcas  "690 0 371 587 769 1287 3 650 668 1 0 0"
      ;;
    9)
      test-tcas  "369 1 353 989 99 8230 0 321 873 0 1 1"
      ;;
    10)
      test-tcas  "492 1 862 961 604 207 2 728 546 1 1 0"
      ;;
    11)
      test-tcas  "29 0 339 72 372 1549 2 44 910 1 1 1"
      ;;
    12)
      test-tcas  "422 1 359 433 883 3806 2 135 640 0 1 0"
      ;;
    13)
      test-tcas  "133 1 684 810 634 7783 2 934 68 0 0 1"
      ;;
    14)
      test-tcas  "891 0 588 490 155 1498 2 973 344 1 1 1"
      ;;
    15)
      test-tcas  "333 1 164 983 788 4561 3 572 656 0 0 1"
      ;;
    16)
      test-tcas  "974 1 60 951 70 6893 2 577 377 0 0 0"
      ;;
    17)
      test-tcas  "511 1 184 237 955 3075 0 992 697 1 0 1"
      ;;
    18)
      test-tcas  "407 1 371 384 309 2932 0 450 736 0 1 1"
      ;;
    19)
      test-tcas  "440 1 759 681 145 4185 3 124 502 0 1 0"
      ;;
    20)
      test-tcas  "543 1 782 493 978 4216 1 419 208 0 0 1"
      ;;
    21)
      test-tcas  "688 1 136 452 392 5059 3 666 480 1 0 1"
      ;;
    22)
      test-tcas  "887 0 884 18 512 8852 0 968 862 1 1 0"
      ;;
    23)
      test-tcas  "512 0 38 897 481 9920 0 397 710 1 0 1"
      ;;
    24)
      test-tcas  "112 0 448 941 324 4621 2 871 135 0 0 0"
      ;;
    25)
      test-tcas  "772 0 685 315 661 958 1 255 22 0 0 1"
      ;;
    26)
      test-tcas  "678 1 757 43 736 6755 3 587 416 1 1 0"
      ;;
    27)
      test-tcas  "114 1 90 399 970 7938 0 699 612 0 0 1"
      ;;
    28)
      test-tcas  "456 0 15 97 930 7156 1 51 250 0 0 1"
      ;;
    29)
      test-tcas  "936 1 283 817 73 7587 2 169 434 0 0 1"
      ;;
    30)
      test-tcas  "986 1 643 247 948 7333 1 798 557 1 1 1"
      ;;
    31)
      test-tcas  "904 0 452 595 737 6298 3 660 907 1 1 1"
      ;;
    32)
      test-tcas  "249 1 549 374 993 9885 1 579 504 0 0 0"
      ;;
    33)
      test-tcas  "28 0 170 211 337 2207 3 739 671 1 1 0"
      ;;
    34)
      test-tcas  "103 0 685 467 546 5815 0 893 910 0 1 1"
      ;;
    35)
      test-tcas  "547 1 171 583 28 5200 1 508 423 1 0 1"
      ;;
    36)
      test-tcas  "763 1 472 321 67 7494 0 97 324 1 1 0"
      ;;
    37)
      test-tcas  "162 0 384 350 466 5915 1 339 90 1 0 1"
      ;;
    38)
      test-tcas  "962 1 908 83 272 9580 2 21 168 0 1 0"
      ;;
    39)
      test-tcas  "347 1 144 138 222 7267 0 409 847 1 0 0"
      ;;
    40)
      test-tcas  "675 0 455 452 277 2678 0 242 571 0 1 1"
      ;;
    41)
      test-tcas  "777 0 816 704 271 4584 1 322 740 0 1 1"
      ;;
    42)
      test-tcas  "556 0 0 570 93 7076 2 447 791 0 0 0"
      ;;
    43)
      test-tcas  "110 0 249 143 191 2877 3 380 939 1 0 1"
      ;;
    44)
      test-tcas  "459 0 484 897 251 6329 0 552 355 0 1 1"
      ;;
    45)
      test-tcas  "665 0 788 573 964 2330 0 277 864 0 0 0"
      ;;
    46)
      test-tcas  "692 1 21 617 560 3021 1 488 306 0 1 0"
      ;;
    47)
      test-tcas  "721 0 761 958 510 5530 1 266 710 0 0 0"
      ;;
    48)
      test-tcas  "885 0 574 365 270 1501 3 825 192 1 0 0"
      ;;
    49)
      test-tcas  "481 0 676 995 349 2528 2 101 130 1 0 0"
      ;;
    50)
      test-tcas  "604 1 515 316 135 4890 3 655 693 1 1 1"
      ;;
    51)
      test-tcas  "948 1 548 233 14 2253 2 276 75 1 1 0"
      ;;
    52)
      test-tcas  "113 1 653 933 154 6175 2 404 5 0 1 0"
      ;;
    53)
      test-tcas  "218 0 66 836 118 1360 2 383 82 1 1 1"
      ;;
    54)
      test-tcas  "903 0 533 914 994 5693 2 475 386 0 0 1"
      ;;
    55)
      test-tcas  "972 0 559 664 200 4047 1 597 479 1 1 1"
      ;;
    56)
      test-tcas  "884 0 103 135 355 9803 3 916 485 1 1 0"
      ;;
    57)
      test-tcas  "156 1 939 584 739 8906 3 614 316 1 0 1"
      ;;
    58)
      test-tcas  "382 1 62 629 799 8051 1 507 358 1 1 0"
      ;;
    59)
      test-tcas  "131 0 92 186 981 1368 2 565 995 1 1 0"
      ;;
    60)
      test-tcas  "308 0 458 888 786 8649 2 947 287 0 0 0"
      ;;
    61)
      test-tcas  "786 1 400 320 447 2773 2 703 879 0 1 0"
      ;;
    62)
      test-tcas  "165 1 374 43 949 4544 1 56 810 1 0 0"
      ;;
    63)
      test-tcas  "394 1 351 113 284 9654 2 910 395 0 0 1"
      ;;
    64)
      test-tcas  "749 0 764 712 860 4914 2 159 580 0 1 1"
      ;;
esac
