#!/bin/bash
set -euo pipefail
SCRIPT_DIR=$(cd "$(dirname "${BASH_SOURCE[0]}")" && pwd)
test-tcas () {
    diff -q <(${ANGELIX_RUN:-eval} ./tcas $1) <($SCRIPT_DIR/../golden/tcas $1) > /dev/null
}

case "$1" in
    1)
      test-tcas  "4 1 119 114 951 8448 2 818 919 1 0 0"
      ;;
    2)
      test-tcas  "104 0 688 812 389 6511 2 824 951 0 1 0"
      ;;
    3)
      test-tcas  "528 0 323 65 815 7654 0 344 447 1 0 0"
      ;;
    4)
      test-tcas  "742 1 186 144 698 1967 1 662 742 1 1 0"
      ;;
    5)
      test-tcas  "388 1 498 787 259 2519 3 431 905 0 0 0"
      ;;
    6)
      test-tcas  "463 1 394 662 484 8416 0 381 196 1 0 1"
      ;;
    7)
      test-tcas  "50 1 70 437 648 447 3 60 62 1 1 1"
      ;;
    8)
      test-tcas  "98 0 723 142 297 5102 2 27 304 0 1 1"
      ;;
    9)
      test-tcas  "803 1 565 139 371 9318 1 940 456 1 1 1"
      ;;
    10)
      test-tcas  "182 0 431 771 841 2150 1 161 721 1 1 1"
      ;;
    11)
      test-tcas  "418 0 178 833 871 513 1 938 159 0 1 1"
      ;;
    12)
      test-tcas  "520 0 262 185 143 4349 2 868 57 0 1 1"
      ;;
    13)
      test-tcas  "789 0 509 358 592 1893 0 221 698 0 0 0"
      ;;
    14)
      test-tcas  "470 0 200 608 313 8312 1 762 935 1 0 1"
      ;;
    15)
      test-tcas  "842 1 171 823 996 683 0 39 164 0 1 1"
      ;;
    16)
      test-tcas  "858 0 673 780 667 9212 0 596 470 1 0 0"
      ;;
    17)
      test-tcas  "227 1 239 576 50 8735 1 344 788 0 0 0"
      ;;
    18)
      test-tcas  "645 1 805 617 242 5797 2 242 75 1 0 1"
      ;;
    19)
      test-tcas  "580 0 760 337 835 5116 2 657 506 0 0 1"
      ;;
    20)
      test-tcas  "789 1 543 760 976 4922 0 125 735 0 1 1"
      ;;
    21)
      test-tcas  "379 1 775 290 183 3491 3 894 300 0 1 0"
      ;;
    22)
      test-tcas  "914 0 763 479 88 9277 0 417 161 0 0 1"
      ;;
    23)
      test-tcas  "669 1 585 210 491 4260 0 63 332 0 0 0"
      ;;
    24)
      test-tcas  "726 0 680 591 428 4549 0 536 474 0 1 1"
      ;;
    25)
      test-tcas  "190 0 214 911 112 3916 1 24 150 1 0 1"
      ;;
    26)
      test-tcas  "293 1 165 343 827 4704 3 776 326 0 1 1"
      ;;
    27)
      test-tcas  "679 1 287 597 988 6565 1 748 500 0 0 0"
      ;;
    28)
      test-tcas  "624 0 806 425 727 6629 3 112 591 1 1 1"
      ;;
    29)
      test-tcas  "371 1 789 910 409 5101 0 752 518 0 1 0"
      ;;
    30)
      test-tcas  "171 0 792 566 614 7809 1 502 61 0 0 1"
      ;;
    31)
      test-tcas  "989 0 417 740 62 1959 3 647 326 0 0 1"
      ;;
    32)
      test-tcas  "179 1 977 382 35 3293 3 232 764 0 0 0"
      ;;
    33)
      test-tcas  "737 0 496 95 769 1947 1 988 311 0 0 1"
      ;;
    34)
      test-tcas  "21 1 698 421 223 613 0 117 838 0 1 1"
      ;;
    35)
      test-tcas  "78 0 667 610 573 2079 1 850 618 0 1 1"
      ;;
    36)
      test-tcas  "926 1 197 576 607 3911 3 627 86 0 1 0"
      ;;
    37)
      test-tcas  "328 1 814 483 61 5902 0 814 630 0 1 1"
      ;;
    38)
      test-tcas  "755 1 737 311 746 948 3 228 638 1 0 1"
      ;;
    39)
      test-tcas  "338 1 947 906 86 2259 2 309 464 0 0 0"
      ;;
    40)
      test-tcas  "724 1 742 379 440 9236 0 507 352 1 1 1"
      ;;
    41)
      test-tcas  "792 1 3 302 290 953 3 482 763 1 1 1"
      ;;
    42)
      test-tcas  "223 0 560 961 73 9981 3 897 870 1 0 0"
      ;;
    43)
      test-tcas  "905 0 783 918 77 279 0 27 301 0 0 1"
      ;;
    44)
      test-tcas  "143 1 691 421 446 1061 1 39 482 0 0 0"
      ;;
    45)
      test-tcas  "538 1 485 594 940 3877 3 670 198 0 0 0"
      ;;
    46)
      test-tcas  "354 1 557 98 634 2748 2 116 182 1 1 1"
      ;;
    47)
      test-tcas  "13 1 553 754 294 6871 2 234 746 0 1 0"
      ;;
    48)
      test-tcas  "240 0 168 829 645 2381 2 697 599 0 1 0"
      ;;
    49)
      test-tcas  "160 1 805 938 219 3753 2 465 153 1 0 1"
      ;;
    50)
      test-tcas  "447 0 266 127 910 6702 1 904 671 0 1 1"
      ;;
    51)
      test-tcas  "362 1 51 429 760 2978 2 60 701 1 1 0"
      ;;
    52)
      test-tcas  "235 0 786 207 874 3068 3 975 245 0 1 1"
      ;;
    53)
      test-tcas  "633 1 674 782 697 5724 3 582 127 1 0 0"
      ;;
    54)
      test-tcas  "103 0 732 287 222 3254 2 507 984 0 0 1"
      ;;
    55)
      test-tcas  "9 1 884 320 922 8779 1 184 226 0 0 0"
      ;;
    56)
      test-tcas  "573 0 798 850 517 6045 2 960 243 1 0 0"
      ;;
    57)
      test-tcas  "772 1 601 894 839 4026 1 336 973 1 0 1"
      ;;
    58)
      test-tcas  "300 1 329 800 278 7339 1 219 817 1 1 0"
      ;;
    59)
      test-tcas  "283 1 205 482 438 9466 0 984 681 1 0 0"
      ;;
    60)
      test-tcas  "893 1 461 698 760 8973 1 270 704 0 1 0"
      ;;
    61)
      test-tcas  "468 0 594 419 930 9267 2 832 981 0 0 1"
      ;;
    62)
      test-tcas  "119 1 532 506 998 9974 2 314 304 1 0 1"
      ;;
    63)
      test-tcas  "208 0 274 328 120 2777 2 664 638 1 0 0"
      ;;
    64)
      test-tcas  "378 1 98 531 853 6451 1 855 680 1 0 0"
      ;;
esac
