#!/bin/bash
set -euo pipefail
SCRIPT_DIR=$(cd "$(dirname "${BASH_SOURCE[0]}")" && pwd)
test-tcas () {
    diff -q <(${ANGELIX_RUN:-eval} ./tcas $1) <($SCRIPT_DIR/../golden/tcas $1) > /dev/null
}

case "$1" in
    1)
      test-tcas  "154 0 617 863 208 9569 1 743 351 0 0 0"
      ;;
    2)
      test-tcas  "889 1 708 662 591 2827 3 831 806 0 0 1"
      ;;
    3)
      test-tcas  "761 1 353 864 958 8758 0 513 928 0 1 1"
      ;;
    4)
      test-tcas  "928 1 718 893 586 9428 3 362 882 0 0 1"
      ;;
    5)
      test-tcas  "319 1 247 648 604 3342 3 82 675 0 0 0"
      ;;
    6)
      test-tcas  "445 0 318 770 217 9907 3 774 302 1 1 0"
      ;;
    7)
      test-tcas  "37 1 507 363 34 9178 1 365 216 0 1 0"
      ;;
    8)
      test-tcas  "905 0 177 824 987 2719 3 454 976 0 1 1"
      ;;
    9)
      test-tcas  "620 1 680 930 537 8098 2 999 258 1 1 0"
      ;;
    10)
      test-tcas  "979 1 708 0 233 4762 0 800 735 0 0 0"
      ;;
    11)
      test-tcas  "592 1 125 106 159 2575 2 624 866 1 1 0"
      ;;
    12)
      test-tcas  "474 0 2 715 300 6389 2 20 180 0 0 0"
      ;;
    13)
      test-tcas  "80 1 576 930 531 487 0 439 295 0 0 0"
      ;;
    14)
      test-tcas  "981 1 450 628 637 5632 2 205 705 0 1 1"
      ;;
    15)
      test-tcas  "101 1 518 269 603 8841 1 88 182 1 1 0"
      ;;
    16)
      test-tcas  "379 1 878 940 329 1768 3 874 614 0 1 1"
      ;;
    17)
      test-tcas  "648 1 369 395 930 7825 3 227 130 1 1 0"
      ;;
    18)
      test-tcas  "637 1 324 303 879 825 0 444 494 1 1 0"
      ;;
    19)
      test-tcas  "121 0 687 810 461 9050 0 321 979 0 0 1"
      ;;
    20)
      test-tcas  "566 1 799 667 279 8158 0 316 269 0 1 0"
      ;;
    21)
      test-tcas  "884 0 886 748 960 4363 3 511 312 0 1 0"
      ;;
    22)
      test-tcas  "450 0 640 621 651 5705 0 538 609 0 0 0"
      ;;
    23)
      test-tcas  "2 0 193 75 509 4083 2 619 982 1 1 0"
      ;;
    24)
      test-tcas  "714 0 321 78 19 4049 2 236 586 0 1 0"
      ;;
    25)
      test-tcas  "455 1 833 517 745 6033 3 616 708 0 0 0"
      ;;
    26)
      test-tcas  "58 1 808 358 991 1893 2 262 782 1 1 0"
      ;;
    27)
      test-tcas  "353 0 651 430 749 9241 0 129 34 0 1 0"
      ;;
    28)
      test-tcas  "710 1 832 998 403 8070 0 765 233 0 1 1"
      ;;
    29)
      test-tcas  "961 0 679 551 761 8666 3 808 187 1 1 0"
      ;;
    30)
      test-tcas  "737 1 670 872 210 3708 1 625 899 0 1 0"
      ;;
    31)
      test-tcas  "582 1 356 432 141 9827 2 633 631 1 0 1"
      ;;
    32)
      test-tcas  "559 1 311 432 172 4660 0 956 572 1 0 0"
      ;;
    33)
      test-tcas  "563 1 399 517 228 4692 1 473 368 0 0 1"
      ;;
    34)
      test-tcas  "101 0 79 155 129 6823 3 129 378 1 1 0"
      ;;
    35)
      test-tcas  "4 0 538 34 38 2707 2 491 260 1 0 0"
      ;;
    36)
      test-tcas  "243 0 106 513 906 9462 0 2 317 0 0 0"
      ;;
    37)
      test-tcas  "932 0 613 189 948 3314 3 198 937 0 1 0"
      ;;
    38)
      test-tcas  "488 1 234 47 136 4152 3 321 481 0 1 0"
      ;;
    39)
      test-tcas  "6 0 748 325 800 8848 3 245 65 0 1 0"
      ;;
    40)
      test-tcas  "16 1 207 361 557 9456 0 486 886 1 0 1"
      ;;
    41)
      test-tcas  "22 1 593 19 81 9157 0 269 29 0 0 0"
      ;;
    42)
      test-tcas  "542 0 272 117 557 3966 3 122 78 0 0 0"
      ;;
    43)
      test-tcas  "790 1 863 307 106 1832 2 377 322 0 1 0"
      ;;
    44)
      test-tcas  "644 0 523 354 36 2805 3 171 937 1 0 1"
      ;;
    45)
      test-tcas  "147 0 650 489 366 4399 1 76 174 1 1 0"
      ;;
    46)
      test-tcas  "483 0 610 698 844 5231 1 442 341 0 1 0"
      ;;
    47)
      test-tcas  "172 0 237 207 458 7348 1 739 233 1 1 1"
      ;;
    48)
      test-tcas  "82 1 666 304 377 3437 0 820 607 0 1 1"
      ;;
    49)
      test-tcas  "882 0 407 756 277 9370 3 928 315 0 1 0"
      ;;
    50)
      test-tcas  "574 0 543 582 83 5179 0 589 887 0 1 1"
      ;;
    51)
      test-tcas  "957 1 463 818 370 8657 2 133 540 0 1 0"
      ;;
    52)
      test-tcas  "101 1 738 50 961 5348 3 558 929 0 1 1"
      ;;
    53)
      test-tcas  "284 0 444 74 632 6639 2 780 385 1 0 1"
      ;;
    54)
      test-tcas  "270 1 592 879 312 4095 3 952 863 0 0 0"
      ;;
    55)
      test-tcas  "371 0 275 387 758 3035 1 552 446 0 1 0"
      ;;
    56)
      test-tcas  "343 1 624 953 308 1635 2 259 953 1 1 1"
      ;;
    57)
      test-tcas  "915 0 821 511 126 3564 3 368 959 1 0 0"
      ;;
    58)
      test-tcas  "567 1 114 530 161 2342 1 477 462 0 1 1"
      ;;
    59)
      test-tcas  "68 1 78 526 13 4199 1 588 365 0 1 0"
      ;;
    60)
      test-tcas  "330 1 280 808 935 3254 1 479 51 1 1 0"
      ;;
    61)
      test-tcas  "200 0 988 440 326 8330 3 259 466 1 1 0"
      ;;
    62)
      test-tcas  "39 1 657 991 304 4605 1 423 395 0 1 1"
      ;;
    63)
      test-tcas  "196 0 600 666 268 5695 3 495 974 0 0 1"
      ;;
    64)
      test-tcas  "908 0 538 664 781 2504 3 418 914 1 1 0"
      ;;
esac
