#!/bin/bash
set -euo pipefail
SCRIPT_DIR=$(cd "$(dirname "${BASH_SOURCE[0]}")" && pwd)
test-tcas () {
    diff -q <(${ANGELIX_RUN:-eval} ./tcas $1) <($SCRIPT_DIR/../golden/tcas $1) > /dev/null
}

case "$1" in
    1)
      test-tcas  "323 0 382 368 310 4078 2 323 742 1 1 0"
      ;;
    2)
      test-tcas  "999 1 855 702 435 2054 0 327 847 1 1 0"
      ;;
    3)
      test-tcas  "5 0 429 907 572 8443 0 829 990 1 0 1"
      ;;
    4)
      test-tcas  "157 1 626 638 2 766 2 254 409 0 1 0"
      ;;
    5)
      test-tcas  "269 0 928 116 831 3323 3 981 956 1 0 0"
      ;;
    6)
      test-tcas  "293 1 856 46 893 3779 0 886 287 1 0 0"
      ;;
    7)
      test-tcas  "586 0 164 355 733 6174 3 860 648 1 0 0"
      ;;
    8)
      test-tcas  "625 0 873 950 26 3491 1 272 994 0 1 0"
      ;;
    9)
      test-tcas  "645 1 900 751 957 1239 0 187 360 1 0 1"
      ;;
    10)
      test-tcas  "852 0 667 673 335 206 1 311 710 1 1 1"
      ;;
    11)
      test-tcas  "239 0 265 965 572 1734 1 202 870 0 0 0"
      ;;
    12)
      test-tcas  "404 0 567 433 110 2442 0 136 608 1 0 1"
      ;;
    13)
      test-tcas  "313 0 89 477 397 7382 1 247 532 1 0 1"
      ;;
    14)
      test-tcas  "522 1 377 703 191 1091 2 133 112 1 0 0"
      ;;
    15)
      test-tcas  "94 1 286 944 634 4909 3 996 900 1 0 1"
      ;;
    16)
      test-tcas  "223 0 720 34 432 6289 2 682 885 0 0 1"
      ;;
    17)
      test-tcas  "460 1 136 474 329 1628 1 533 838 0 0 1"
      ;;
    18)
      test-tcas  "432 0 538 292 109 8358 2 937 589 1 0 1"
      ;;
    19)
      test-tcas  "976 1 576 886 456 4713 2 729 252 1 0 0"
      ;;
    20)
      test-tcas  "835 1 10 516 184 6697 2 220 704 0 1 1"
      ;;
    21)
      test-tcas  "256 1 854 265 656 1295 2 615 884 1 1 0"
      ;;
    22)
      test-tcas  "239 0 347 831 592 2987 0 864 956 0 0 1"
      ;;
    23)
      test-tcas  "586 0 156 413 929 6991 1 701 823 0 0 0"
      ;;
    24)
      test-tcas  "483 1 209 126 984 7572 2 557 146 1 1 0"
      ;;
    25)
      test-tcas  "945 0 47 995 832 2982 1 440 661 0 1 1"
      ;;
    26)
      test-tcas  "195 0 707 445 567 388 3 533 421 0 0 1"
      ;;
    27)
      test-tcas  "882 1 858 471 958 4256 1 286 449 1 0 0"
      ;;
    28)
      test-tcas  "935 0 244 286 987 304 3 179 274 0 1 0"
      ;;
    29)
      test-tcas  "879 1 338 128 752 4143 1 42 886 1 1 0"
      ;;
    30)
      test-tcas  "523 0 654 265 403 9246 2 865 832 1 0 1"
      ;;
    31)
      test-tcas  "147 1 216 791 953 2745 2 463 398 1 0 0"
      ;;
    32)
      test-tcas  "584 0 383 831 181 9969 3 103 213 1 1 0"
      ;;
    33)
      test-tcas  "0 0 496 42 205 9386 1 284 30 0 1 1"
      ;;
    34)
      test-tcas  "617 1 681 997 869 8843 1 323 990 0 1 1"
      ;;
    35)
      test-tcas  "247 1 609 4 629 1704 1 150 313 0 1 0"
      ;;
    36)
      test-tcas  "116 0 54 274 378 7521 2 875 70 1 1 1"
      ;;
    37)
      test-tcas  "251 1 772 41 399 6491 3 136 537 0 0 0"
      ;;
    38)
      test-tcas  "551 0 428 265 530 9859 2 55 523 1 1 1"
      ;;
    39)
      test-tcas  "585 1 159 920 621 9904 1 803 84 0 0 0"
      ;;
    40)
      test-tcas  "240 1 790 610 397 2949 2 241 148 1 0 1"
      ;;
    41)
      test-tcas  "443 0 737 280 48 7167 2 995 741 1 1 0"
      ;;
    42)
      test-tcas  "411 0 253 245 92 3644 3 461 834 1 0 1"
      ;;
    43)
      test-tcas  "239 1 882 471 427 4375 2 821 175 0 1 0"
      ;;
    44)
      test-tcas  "995 1 803 155 937 4420 2 970 991 0 1 0"
      ;;
    45)
      test-tcas  "48 0 120 93 531 7524 3 531 965 1 1 1"
      ;;
    46)
      test-tcas  "941 0 187 88 175 4974 2 653 611 1 1 0"
      ;;
    47)
      test-tcas  "804 0 599 805 151 6375 3 220 882 0 1 1"
      ;;
    48)
      test-tcas  "108 1 690 918 638 8391 1 338 739 1 0 0"
      ;;
    49)
      test-tcas  "447 1 157 234 610 3280 3 574 318 0 1 0"
      ;;
    50)
      test-tcas  "2 0 765 616 45 3279 0 335 404 0 0 0"
      ;;
    51)
      test-tcas  "408 0 86 48 573 9579 1 98 38 0 0 0"
      ;;
    52)
      test-tcas  "933 0 763 11 844 5707 2 777 302 0 1 0"
      ;;
    53)
      test-tcas  "113 1 938 531 218 4689 3 531 679 0 0 1"
      ;;
    54)
      test-tcas  "353 0 232 815 771 7348 0 594 769 0 0 0"
      ;;
    55)
      test-tcas  "435 0 998 222 35 5499 0 390 655 1 1 0"
      ;;
    56)
      test-tcas  "447 1 513 589 541 8662 3 181 847 0 1 1"
      ;;
    57)
      test-tcas  "234 1 261 448 820 6198 2 848 382 1 1 1"
      ;;
    58)
      test-tcas  "245 0 633 610 335 8511 0 97 476 1 1 0"
      ;;
    59)
      test-tcas  "434 0 31 826 639 1131 3 398 13 1 0 1"
      ;;
    60)
      test-tcas  "817 0 697 836 6 4053 2 367 107 0 1 0"
      ;;
    61)
      test-tcas  "280 1 488 54 823 5831 1 993 74 1 1 1"
      ;;
    62)
      test-tcas  "333 0 284 420 176 7300 1 199 289 1 1 0"
      ;;
    63)
      test-tcas  "713 0 842 572 264 3819 1 616 687 1 1 1"
      ;;
    64)
      test-tcas  "31 1 562 471 629 7195 2 209 2 1 1 0"
      ;;
esac
