#!/bin/bash
set -euo pipefail
SCRIPT_DIR=$(cd "$(dirname "${BASH_SOURCE[0]}")" && pwd)
test-tcas () {
    diff -q <(${ANGELIX_RUN:-eval} ./tcas $1) <($SCRIPT_DIR/../golden/tcas $1) > /dev/null
}

case "$1" in
    1)
      test-tcas  "490 1 91 966 198 5552 2 419 323 0 1 1"
      ;;
    2)
      test-tcas  "297 0 698 956 732 1568 3 200 495 0 1 0"
      ;;
    3)
      test-tcas  "762 1 666 266 77 9506 2 169 296 1 0 1"
      ;;
    4)
      test-tcas  "111 1 398 935 526 5096 3 698 245 0 1 0"
      ;;
    5)
      test-tcas  "462 1 994 596 938 454 2 183 565 0 1 0"
      ;;
    6)
      test-tcas  "850 1 137 582 883 2903 1 236 376 1 0 1"
      ;;
    7)
      test-tcas  "307 1 268 936 576 7314 2 230 788 1 0 1"
      ;;
    8)
      test-tcas  "979 0 122 267 657 3510 2 525 994 0 1 0"
      ;;
    9)
      test-tcas  "392 0 199 210 937 6038 0 220 446 1 1 0"
      ;;
    10)
      test-tcas  "889 1 439 143 17 4032 3 779 887 0 0 1"
      ;;
    11)
      test-tcas  "842 0 298 590 181 4046 2 338 417 0 0 0"
      ;;
    12)
      test-tcas  "551 0 581 523 217 8525 0 961 915 0 1 1"
      ;;
    13)
      test-tcas  "811 1 725 544 718 7094 3 466 969 1 0 0"
      ;;
    14)
      test-tcas  "846 0 845 609 122 7039 1 876 45 1 1 0"
      ;;
    15)
      test-tcas  "804 1 620 670 93 3226 3 831 922 0 1 1"
      ;;
    16)
      test-tcas  "200 0 148 249 975 6260 3 655 388 0 1 0"
      ;;
    17)
      test-tcas  "589 0 110 588 832 961 3 16 973 0 0 1"
      ;;
    18)
      test-tcas  "396 0 76 600 166 5145 1 392 871 1 0 0"
      ;;
    19)
      test-tcas  "183 0 415 418 624 1352 3 738 429 0 1 1"
      ;;
    20)
      test-tcas  "671 1 225 860 990 1450 0 976 406 0 1 0"
      ;;
    21)
      test-tcas  "662 0 750 620 467 6080 0 44 844 1 1 0"
      ;;
    22)
      test-tcas  "481 1 143 477 638 7551 2 383 683 0 0 0"
      ;;
    23)
      test-tcas  "788 1 944 229 639 6225 2 834 309 0 1 1"
      ;;
    24)
      test-tcas  "559 1 426 478 930 6448 1 961 956 0 0 1"
      ;;
    25)
      test-tcas  "701 1 967 756 613 8859 2 858 388 0 1 1"
      ;;
    26)
      test-tcas  "117 1 781 823 518 1359 2 491 441 1 0 0"
      ;;
    27)
      test-tcas  "179 0 799 283 309 1112 1 587 951 0 1 1"
      ;;
    28)
      test-tcas  "340 1 120 935 569 4805 3 32 202 0 1 1"
      ;;
    29)
      test-tcas  "194 1 319 531 268 3867 2 615 388 1 0 1"
      ;;
    30)
      test-tcas  "515 1 982 817 173 5563 3 858 640 1 0 0"
      ;;
    31)
      test-tcas  "785 1 150 935 659 9716 0 496 970 0 0 0"
      ;;
    32)
      test-tcas  "445 0 847 398 959 4422 0 980 966 0 0 0"
      ;;
    33)
      test-tcas  "465 0 649 987 205 2343 2 162 332 0 0 1"
      ;;
    34)
      test-tcas  "994 1 157 8 682 2104 2 61 261 0 1 1"
      ;;
    35)
      test-tcas  "690 1 469 389 421 6971 1 329 339 0 1 0"
      ;;
    36)
      test-tcas  "896 0 89 154 772 5269 3 725 17 0 1 0"
      ;;
    37)
      test-tcas  "107 1 373 789 780 4025 3 540 823 0 1 1"
      ;;
    38)
      test-tcas  "202 1 401 975 80 9002 1 563 262 0 0 1"
      ;;
    39)
      test-tcas  "598 1 252 126 677 661 2 752 942 0 1 1"
      ;;
    40)
      test-tcas  "979 0 905 39 332 6670 0 337 650 1 1 1"
      ;;
    41)
      test-tcas  "353 0 501 858 304 7305 2 616 155 0 0 0"
      ;;
    42)
      test-tcas  "132 0 373 391 33 557 3 186 131 1 1 1"
      ;;
    43)
      test-tcas  "475 1 222 613 823 8856 3 851 59 0 1 1"
      ;;
    44)
      test-tcas  "481 1 936 996 808 9170 1 834 75 1 0 1"
      ;;
    45)
      test-tcas  "861 1 902 23 449 2698 2 371 578 1 1 1"
      ;;
    46)
      test-tcas  "443 1 290 976 439 9617 1 105 978 0 0 0"
      ;;
    47)
      test-tcas  "360 1 528 779 310 8167 2 56 271 1 1 1"
      ;;
    48)
      test-tcas  "969 0 262 302 89 5959 2 245 101 1 1 0"
      ;;
    49)
      test-tcas  "437 0 305 190 218 4632 2 330 723 0 0 1"
      ;;
    50)
      test-tcas  "577 0 539 843 451 6920 3 856 691 0 0 0"
      ;;
    51)
      test-tcas  "865 1 422 754 706 7822 3 948 297 1 1 1"
      ;;
    52)
      test-tcas  "624 0 636 916 836 8877 3 444 626 0 1 1"
      ;;
    53)
      test-tcas  "170 0 538 538 964 6563 0 632 718 1 0 0"
      ;;
    54)
      test-tcas  "181 1 393 745 428 2503 3 873 631 0 0 1"
      ;;
    55)
      test-tcas  "835 1 935 387 544 4565 0 474 251 0 0 1"
      ;;
    56)
      test-tcas  "125 0 570 487 210 3983 0 254 420 0 0 0"
      ;;
    57)
      test-tcas  "505 0 508 229 950 4407 3 250 467 0 1 1"
      ;;
    58)
      test-tcas  "331 0 347 711 312 4186 1 32 386 1 1 1"
      ;;
    59)
      test-tcas  "696 0 35 28 483 3374 3 44 830 1 0 1"
      ;;
    60)
      test-tcas  "80 1 787 501 768 1698 1 319 720 1 1 0"
      ;;
    61)
      test-tcas  "738 1 411 134 974 3290 0 850 618 0 0 0"
      ;;
    62)
      test-tcas  "49 1 566 576 932 8120 1 727 69 1 0 0"
      ;;
    63)
      test-tcas  "974 0 772 80 259 8997 3 30 920 0 0 1"
      ;;
    64)
      test-tcas  "515 1 540 73 49 6514 0 249 113 0 1 0"
      ;;
esac
