#!/bin/bash
set -euo pipefail
SCRIPT_DIR=$(cd "$(dirname "${BASH_SOURCE[0]}")" && pwd)
test-tcas () {
    diff -q <(${ANGELIX_RUN:-eval} ./tcas $1) <($SCRIPT_DIR/../golden/tcas $1) > /dev/null
}

case "$1" in
    1)
      test-tcas  "0 0 0 0 0 0 0 0 0 0 1 0"
      ;;
    2)
      test-tcas  "2160 1 0 4080 3184 -6416 0 -6416 4336 0 1 0"
      ;;
    3)
      test-tcas  "4112 1 1 4400 8208 752 0 6256 4336 0 2 0"
      ;;
    4)
      test-tcas  "1008 1 1 -10000 -1584 2800 0 6272 6320 0 2 0"
      ;;
    5)
      test-tcas  "752 1 1 -5936 -1936 -1888 2 -99 0 0 2 1"
      ;;
    6)
      test-tcas  "3192 1 1 6384 -10000 -6032 1 -8192 6256 0 2 0"
      ;;
    7)
      test-tcas  "752 1 1 -5936 -1936 -1888 3 -99 0 0 2 1"
      ;;
    8)
      test-tcas  "4336 1 1 -10000 6368 6368 0 6332 1232 0 2 1"
      ;;
    9)
      test-tcas  "752 1 1 -5936 -1936 -1888 0 -99 0 0 2 1"
      ;;
    10)
      test-tcas  "3984 1 1 -1808 6368 4336 3 6036 1184 0 2 1"
      ;;
    11)
      test-tcas  "2680 1 1 -9999 -6128 -10000 1 6256 6260 0 2 0"
      ;;
    12)
      test-tcas  "2296 1 1 2288 -1872 -9008 2 6260 6368 0 2 0"
      ;;
    13)
      test-tcas  "6256 1 1 -3632 -7440 -144 2 6037 1232 0 2 1"
      ;;
    14)
      test-tcas  "4344 1 1 -9743 2288 -9904 0 2160 2168 0 2 0"
      ;;
    15)
      test-tcas  "3192 1 1 6384 -10000 -6032 2 -8192 6256 0 2 0"
      ;;
    16)
      test-tcas  "752 1 1 -5936 -1936 -1888 1 -99 0 0 2 1"
      ;;
    17)
      test-tcas  "601 1 1 -1936 -1136 3248 1 6332 1120 0 2 1"
      ;;
    18)
      test-tcas  "3256 1 1 2288 -3312 -5936 3 2164 2352 0 2 1"
      ;;
    19)
      test-tcas  "3192 1 1 6384 -10000 -6032 3 -8192 6256 0 2 0"
      ;;
    20)
      test-tcas  "3192 1 1 6384 -10000 -6032 0 -8192 6256 0 2 0"
      ;;
esac
