#!/bin/bash
set -euo pipefail
SCRIPT_DIR=$(cd "$(dirname "${BASH_SOURCE[0]}")" && pwd)
test-tcas () {
    diff -q <(${ANGELIX_RUN:-eval} ./tcas $1) <($SCRIPT_DIR/../golden/tcas $1) > /dev/null
}

case "$1" in
    1)
      test-tcas  "-1886 1 0 -1872 150 -2832 2 2288 2544 0 2 0"
      ;;
    2)
      test-tcas  "81 1 0 8318 559 8287 2 8344 8416 0 2 0"
      ;;
    3)
      test-tcas  "2800 1 0 3632 -3256 -9488 0 8428 8880 0 2 0"
      ;;
    4)
      test-tcas  "6059 1 0 -2975 -5176 -8160 0 3224 3257 0 2 0"
      ;;
    5)
      test-tcas  "48 1 0 -1936 -504 -10000 1 4348 6320 0 2 1"
      ;;
    6)
      test-tcas  "270 1 0 8313 335 8232 1 8444 8944 0 2 0"
      ;;
    7)
      test-tcas  "225 1 0 4336 -681 -1936 3 2100 2288 0 2 1"
      ;;
    8)
      test-tcas  "247 1 0 -2855 550 -6439 3 6268 9388 0 2 0"
      ;;
    9)
      test-tcas  "1248 1 0 6336 -1329 6320 3 2288 2864 0 2 1"
      ;;
    10)
      test-tcas  "-868 1 0 -1872 -868 -2832 2 2288 2544 0 2 0"
      ;;
    11)
      test-tcas  "320 1 0 8318 320 8287 2 8344 8416 0 2 0"
      ;;
    12)
      test-tcas  "-228 1 0 3632 -228 -9488 0 8428 8880 0 2 0"
      ;;
    13)
      test-tcas  "441 1 0 -2975 441 -8160 0 3224 3257 0 2 0"
      ;;
    14)
      test-tcas  "-228 1 0 -1936 -228 -10000 1 4348 6320 0 2 1"
      ;;
    15)
      test-tcas  "302 1 0 8313 302 8232 1 8444 8944 0 2 0"
      ;;
    16)
      test-tcas  "-228 1 0 4336 -228 -1936 3 2100 2288 0 2 1"
      ;;
    17)
      test-tcas  "398 1 0 -2855 398 -6439 3 6268 9388 0 2 0"
      ;;
    18)
      test-tcas  "-40 1 0 6336 -40 6320 3 2288 2864 0 2 1"
      ;;
    19)
      test-tcas  "-8644 1 0 1 764 0 2 6256 6256 0 2 0"
      ;;
    20)
      test-tcas  "3760 1 0 -9039 -9888 -9040 2 4316 6320 0 2 1"
      ;;
    21)
      test-tcas  "23 1 0 -9091 581 -9188 2 4604 4721 0 2 1"
      ;;
    22)
      test-tcas  "-3694 1 0 -9104 7282 -9456 2 6396 6396 0 2 0"
      ;;
    23)
      test-tcas  "-8644 1 0 0 764 0 2 6256 6256 0 2 0"
      ;;
    24)
      test-tcas  "-3064 1 0 -9039 -3064 -9040 2 4316 6320 0 2 1"
      ;;
    25)
      test-tcas  "302 1 0 -9091 302 -9188 2 4604 4721 0 2 1"
      ;;
    26)
      test-tcas  "-3694 1 0 -9280 7282 -9280 2 6396 6396 0 2 0"
      ;;
    27)
      test-tcas  "0 1 0 6641 768 -10000 2 752 2288 0 2 1"
      ;;
    28)
      test-tcas  "887 1 0 3440 257 -1968 2 6356 8944 0 2 0"
      ;;
    29)
      test-tcas  "-64 1 0 4336 -392 2288 2 2300 10000 0 2 1"
      ;;
    30)
      test-tcas  "4751 1 0 -1936 2959 -2672 2 6396 8400 0 2 0"
      ;;
    31)
      test-tcas  "0 1 0 -1679 768 -1679 2 752 2288 0 2 1"
      ;;
    32)
      test-tcas  "572 1 0 3440 572 -1968 2 6356 8944 0 2 0"
      ;;
    33)
      test-tcas  "-228 1 0 4336 -228 2288 2 2300 10000 0 2 1"
      ;;
    34)
      test-tcas  "4751 1 0 -2304 2959 -2304 2 6396 8400 0 2 0"
      ;;
    35)
      test-tcas  "-194 1 0 9216 369 6368 0 7272 8381 0 2 1"
      ;;
    36)
      test-tcas  "2880 1 0 -1936 -1856 -3854 0 7964 8068 0 2 1"
      ;;
    37)
      test-tcas  "142 1 0 8344 -3396 8336 0 756 6128 0 2 1"
      ;;
    38)
      test-tcas  "87 1 0 9216 87 6368 0 7272 8381 0 2 1"
      ;;
    39)
      test-tcas  "512 1 0 -1936 512 -3854 0 7964 8068 0 2 1"
      ;;
    40)
      test-tcas  "-1627 1 0 8344 -1627 8336 0 756 6128 0 2 1"
      ;;
    41)
      test-tcas  "354 1 0 -1824 639 -8744 0 9884 9972 0 2 0"
      ;;
    42)
      test-tcas  "233 1 0 3280 453 -6384 0 6812 6832 0 2 0"
      ;;
    43)
      test-tcas  "5353 1 0 -8848 -1015 -8880 0 972 8416 0 2 0"
      ;;
    44)
      test-tcas  "1655 1 0 -1808 -5753 -8976 0 6364 6368 0 2 0"
      ;;
    45)
      test-tcas  "-8518 1 0 6352 2243 6320 0 10000 10000 0 2 0"
      ;;
    46)
      test-tcas  "354 1 0 -5284 639 -5284 0 9884 9972 0 2 0"
      ;;
    47)
      test-tcas  "343 1 0 3280 343 -6384 0 6812 6832 0 2 0"
      ;;
    48)
      test-tcas  "2169 1 0 -8848 2169 -8880 0 972 8416 0 2 0"
      ;;
    49)
      test-tcas  "-2049 1 0 -1808 -2049 -8976 0 6364 6368 0 2 0"
      ;;
    50)
      test-tcas  "-8518 1 0 6336 2243 6336 0 10000 10000 0 2 0"
      ;;
    51)
      test-tcas  "-9084 1 0 272 4051 144 1 4444 8432 0 2 1"
      ;;
    52)
      test-tcas  "311 1 0 4337 -885 4336 1 7960 8027 0 2 0"
      ;;
    53)
      test-tcas  "288 1 0 9401 480 7608 1 7100 7161 0 2 0"
      ;;
    54)
      test-tcas  "9970 1 0 -848 6670 -8736 1 6384 6384 0 2 0"
      ;;
    55)
      test-tcas  "-9084 1 0 208 4051 208 1 4444 8432 0 2 1"
      ;;
    56)
      test-tcas  "-287 1 0 4337 -287 4336 1 7960 8027 0 2 0"
      ;;
    57)
      test-tcas  "384 1 0 9401 384 7608 1 7100 7161 0 2 0"
      ;;
    58)
      test-tcas  "9970 1 0 -4792 6670 -4792 1 6384 6384 0 2 0"
      ;;
    59)
      test-tcas  "-1605 1 0 3840 2293 3074 1 8284 9464 0 2 1"
      ;;
    60)
      test-tcas  "3129 1 0 9361 -2313 -10000 1 1524 5072 0 2 0"
      ;;
    61)
      test-tcas  "-9992 1 0 -9993 -8896 -9994 1 6380 6384 0 2 0"
      ;;
    62)
      test-tcas  "-9204 1 0 6320 -9996 -10000 1 6256 7920 0 2 1"
      ;;
    63)
      test-tcas  "-1605 1 0 3457 2293 3457 1 8284 9464 0 2 1"
      ;;
    64)
      test-tcas  "408 1 0 9361 408 -10000 1 1524 5072 0 2 0"
      ;;
    65)
      test-tcas  "-9444 1 0 -9993 -9444 -9994 1 6380 6384 0 2 0"
      ;;
    66)
      test-tcas  "-9600 1 0 6320 -9600 -10000 1 6256 7920 0 2 1"
      ;;
    67)
      test-tcas  "-7604 1 0 240 7276 -7952 3 3868 6768 0 2 1"
      ;;
    68)
      test-tcas  "4864 1 0 3344 -4896 -752 3 6300 7408 0 2 1"
      ;;
    69)
      test-tcas  "84 1 0 -8178 553 -8179 3 2432 8432 0 2 1"
      ;;
    70)
      test-tcas  "397 1 0 -848 -9095 -1936 3 3980 7280 0 2 1"
      ;;
    71)
      test-tcas  "-7604 1 0 -3856 7276 -3856 3 3868 6768 0 2 1"
      ;;
    72)
      test-tcas  "-16 1 0 3344 -16 -752 3 6300 7408 0 2 1"
      ;;
    73)
      test-tcas  "318 1 0 -8178 318 -8179 3 2432 8432 0 2 1"
      ;;
    74)
      test-tcas  "-4349 1 0 -848 -4349 -1936 3 3980 7280 0 2 1"
      ;;
    75)
      test-tcas  "-861 1 0 2288 1883 2224 3 6320 9336 0 2 0"
      ;;
    76)
      test-tcas  "9968 1 0 6256 -8944 5264 3 8212 8312 0 2 1"
      ;;
    77)
      test-tcas  "-10000 1 0 9330 -7376 6290 3 2196 2300 0 2 1"
      ;;
    78)
      test-tcas  "513 1 0 -1936 7152 -10000 3 741 1008 0 2 1"
      ;;
    79)
      test-tcas  "-861 1 0 2256 1883 2256 3 6320 9336 0 2 0"
      ;;
    80)
      test-tcas  "512 1 0 6256 512 5264 3 8212 8312 0 2 1"
      ;;
    81)
      test-tcas  "-8688 1 0 9330 -8688 6290 3 2196 2300 0 2 1"
      ;;
    82)
      test-tcas  "513 1 0 -5968 7152 -5968 3 741 1008 0 2 1"
      ;;
    83)
      test-tcas  "-104 1 0 6352 391 6256 3 2288 6320 0 2 1"
      ;;
    84)
      test-tcas  "5919 1 0 8416 679 -7952 3 6168 6268 0 2 1"
      ;;
    85)
      test-tcas  "143 1 0 6352 143 6256 3 2288 6320 0 2 1"
      ;;
    86)
      test-tcas  "5919 1 0 232 679 232 3 6168 6268 0 2 1"
      ;;
esac
