#!/bin/bash
set -euo pipefail
SCRIPT_DIR=$(cd "$(dirname "${BASH_SOURCE[0]}")" && pwd)
test-tcas () {
    diff -q <(${ANGELIX_RUN:-eval} ./tcas $1) <($SCRIPT_DIR/../golden/tcas $1) > /dev/null
}

case "$1" in
    1)
      test-tcas  "6200 1 1 -9040 -10000 -9184 1 508 608 0 2 1"
      ;;
    2)
      test-tcas  "3192 1 1 -1840 -6640 -4272 0 412 512 0 2 1"
      ;;
    3)
      test-tcas  "2192 1 1 -5936 32 -816 1 7936 502 0 2 1"
      ;;
    4)
      test-tcas  "601 1 1 -10000 -7600 6256 0 6324 448 0 2 1"
      ;;
    5)
      test-tcas  "6200 1 1 -9040 -10000 -9184 2 648 748 0 2 1"
      ;;
    6)
      test-tcas  "3192 1 1 -1840 -6640 -4272 1 512 612 0 2 1"
      ;;
    7)
      test-tcas  "2192 1 1 -5936 32 -816 2 8076 642 0 2 1"
      ;;
    8)
      test-tcas  "601 1 1 -10000 -7600 6256 1 6424 548 0 2 1"
      ;;
    9)
      test-tcas  "1272 1 1 4336 80 -6960 -2 500 600 0 2 1"
      ;;
    10)
      test-tcas  "2296 1 1 2288 -10000 -2000 1 6144 6244 0 2 1"
      ;;
    11)
      test-tcas  "7400 1 1 240 80 -6192 1 -8316 8048 0 2 0"
      ;;
    12)
      test-tcas  "3304 1 1 6320 240 2288 -2 -266 912 0 2 1"
      ;;
    13)
      test-tcas  "2296 1 1 2288 -10000 -2000 2 6284 6384 0 2 1"
      ;;
    14)
      test-tcas  "7400 1 1 240 80 -6192 2 -8176 8188 0 2 0"
      ;;
    15)
      test-tcas  "728 1 1 -4464 -10000 -6032 -1 412 560 0 2 1"
      ;;
    16)
      test-tcas  "2680 1 1 8304 32 -9072 0 -8292 -1828 0 2 0"
      ;;
    17)
      test-tcas  "4344 1 1 4336 -6128 2512 0 2292 2408 0 2 1"
      ;;
    18)
      test-tcas  "6328 1 1 2289 336 2272 -1 -330 -96 0 2 1"
      ;;
    19)
      test-tcas  "2680 1 1 8304 32 -9072 1 -8192 -1728 0 2 0"
      ;;
    20)
      test-tcas  "4344 1 1 4336 -6128 2512 1 2392 2508 0 2 1"
      ;;
    21)
      test-tcas  "2224 1 1 3184 272 6160 -2 8184 502 0 2 0"
      ;;
    22)
      test-tcas  "2064 1 1 -1968 80 2288 1 9624 756 0 2 1"
      ;;
    23)
      test-tcas  "6256 1 1 6256 -10000 6257 1 -142 -6672 0 2 0"
      ;;
    24)
      test-tcas  "601 1 1 3440 240 6288 0 -8202 -138 0 2 0"
      ;;
    25)
      test-tcas  "2064 1 1 -1968 80 2288 2 9764 896 0 2 1"
      ;;
    26)
      test-tcas  "6256 1 1 6256 -10000 6257 2 -2 -6532 0 2 0"
      ;;
    27)
      test-tcas  "601 1 1 3440 240 6288 1 -8102 -38 0 2 0"
      ;;
    28)
      test-tcas  "6368 1 1 -1808 -10000 6160 -1 8084 448 0 2 1"
      ;;
    29)
      test-tcas  "3184 1 1 -5168 368 6320 0 -108 -108 0 2 1"
      ;;
    30)
      test-tcas  "6745 1 1 2128 -8624 2290 0 6368 2296 0 2 1"
      ;;
    31)
      test-tcas  "2768 1 1 2256 112 2290 0 -8292 -100 0 2 0"
      ;;
    32)
      test-tcas  "3184 1 1 -5168 368 6320 1 -8 -8 0 2 1"
      ;;
    33)
      test-tcas  "6745 1 1 2128 -8624 2290 1 6468 2396 0 2 1"
      ;;
    34)
      test-tcas  "2768 1 1 2256 112 2290 1 -8192 0 0 2 0"
      ;;
esac
