#!/bin/bash
set -euo pipefail
SCRIPT_DIR=$(cd "$(dirname "${BASH_SOURCE[0]}")" && pwd)
test-tcas () {
    diff -q <(${ANGELIX_RUN:-eval} ./tcas $1) <($SCRIPT_DIR/../golden/tcas $1) > /dev/null
}

case "$1" in
    1)
      test-tcas  "334 0 156 933 986 4972 2 964 575 1 1 1"
      ;;
    2)
      test-tcas  "160 0 178 478 123 8144 2 958 564 1 0 0"
      ;;
    3)
      test-tcas  "611 0 989 453 944 6636 0 471 370 0 0 0"
      ;;
    4)
      test-tcas  "302 0 772 636 393 5558 1 447 365 1 0 1"
      ;;
    5)
      test-tcas  "276 0 259 742 112 7642 3 784 574 0 0 0"
      ;;
    6)
      test-tcas  "385 1 295 824 257 6707 2 180 908 0 1 1"
      ;;
    7)
      test-tcas  "168 0 684 346 243 8394 0 250 688 0 1 1"
      ;;
    8)
      test-tcas  "501 1 880 646 1 5057 0 375 852 1 0 0"
      ;;
    9)
      test-tcas  "670 1 36 942 132 5655 3 364 418 1 1 1"
      ;;
    10)
      test-tcas  "100 1 596 954 313 5295 2 79 154 1 1 1"
      ;;
    11)
      test-tcas  "769 0 975 604 536 2406 3 720 44 1 1 1"
      ;;
    12)
      test-tcas  "357 1 985 109 161 4675 2 474 958 1 1 0"
      ;;
    13)
      test-tcas  "428 1 476 122 440 7626 2 723 977 0 0 1"
      ;;
    14)
      test-tcas  "390 0 209 346 11 2218 2 952 119 0 1 0"
      ;;
    15)
      test-tcas  "667 0 207 329 956 9981 0 903 686 0 1 0"
      ;;
    16)
      test-tcas  "393 1 831 868 311 6044 3 440 150 1 0 0"
      ;;
    17)
      test-tcas  "77 0 506 660 441 1984 1 915 447 0 0 0"
      ;;
    18)
      test-tcas  "1 0 440 488 436 1596 0 667 675 1 1 1"
      ;;
    19)
      test-tcas  "672 1 797 400 624 3618 1 575 567 0 0 1"
      ;;
    20)
      test-tcas  "429 0 648 910 509 6051 0 358 677 1 0 0"
      ;;
    21)
      test-tcas  "271 0 589 345 795 6963 2 516 47 1 0 1"
      ;;
    22)
      test-tcas  "208 0 184 8 801 6673 1 562 109 0 0 1"
      ;;
    23)
      test-tcas  "848 1 422 828 394 5846 3 298 846 0 1 1"
      ;;
    24)
      test-tcas  "571 1 88 660 627 3384 1 576 676 0 0 0"
      ;;
    25)
      test-tcas  "532 1 374 337 520 7034 0 76 196 1 1 0"
      ;;
    26)
      test-tcas  "792 0 257 12 937 8340 3 185 847 0 1 1"
      ;;
    27)
      test-tcas  "184 1 10 188 200 2002 3 154 632 1 1 1"
      ;;
    28)
      test-tcas  "55 1 830 233 21 7767 3 175 397 0 0 0"
      ;;
    29)
      test-tcas  "743 1 892 954 462 787 3 21 692 0 1 0"
      ;;
    30)
      test-tcas  "632 0 158 124 24 3842 0 353 51 1 1 0"
      ;;
    31)
      test-tcas  "769 0 19 638 519 1964 3 699 457 1 0 0"
      ;;
    32)
      test-tcas  "462 0 368 148 197 6892 1 506 32 1 0 0"
      ;;
    33)
      test-tcas  "868 1 813 789 630 5258 2 516 365 1 0 1"
      ;;
    34)
      test-tcas  "410 0 749 741 65 682 1 54 567 1 1 0"
      ;;
    35)
      test-tcas  "938 0 536 20 445 5822 3 609 993 1 0 0"
      ;;
    36)
      test-tcas  "789 0 471 987 960 6055 3 322 668 0 1 1"
      ;;
    37)
      test-tcas  "412 0 242 669 887 1700 2 783 727 0 0 1"
      ;;
    38)
      test-tcas  "931 1 372 987 587 726 0 678 742 0 1 1"
      ;;
    39)
      test-tcas  "927 0 656 536 884 8498 1 540 509 1 1 1"
      ;;
    40)
      test-tcas  "888 1 820 526 559 5470 0 982 842 1 1 0"
      ;;
    41)
      test-tcas  "126 1 573 936 512 7796 3 378 107 1 1 1"
      ;;
    42)
      test-tcas  "553 0 883 876 96 9499 0 73 608 1 0 0"
      ;;
    43)
      test-tcas  "495 0 681 517 352 8307 3 701 562 1 1 1"
      ;;
    44)
      test-tcas  "768 0 318 811 308 296 1 246 221 1 1 0"
      ;;
    45)
      test-tcas  "444 1 894 564 122 1325 0 924 778 0 0 0"
      ;;
    46)
      test-tcas  "233 0 113 190 754 5674 3 946 919 1 0 1"
      ;;
    47)
      test-tcas  "51 0 605 761 894 4472 0 621 424 0 1 0"
      ;;
    48)
      test-tcas  "258 0 582 695 207 8347 2 143 885 0 1 0"
      ;;
    49)
      test-tcas  "159 0 438 608 455 270 1 797 568 0 0 1"
      ;;
    50)
      test-tcas  "687 1 261 551 809 5763 0 87 564 0 1 0"
      ;;
    51)
      test-tcas  "758 1 409 971 613 8573 3 633 758 1 0 0"
      ;;
    52)
      test-tcas  "535 0 102 337 48 504 3 430 727 0 0 0"
      ;;
    53)
      test-tcas  "837 1 588 483 521 4364 1 280 457 0 1 1"
      ;;
    54)
      test-tcas  "158 1 703 210 250 8995 0 921 829 0 1 1"
      ;;
    55)
      test-tcas  "135 1 652 751 312 4953 0 562 23 0 0 0"
      ;;
    56)
      test-tcas  "13 1 583 149 503 8820 2 126 472 1 0 1"
      ;;
    57)
      test-tcas  "477 1 936 581 613 3096 2 660 674 0 0 1"
      ;;
    58)
      test-tcas  "306 1 735 40 211 7399 0 910 40 1 1 0"
      ;;
    59)
      test-tcas  "636 0 865 708 749 5058 1 121 115 1 1 1"
      ;;
    60)
      test-tcas  "102 0 962 708 709 7319 3 630 800 0 0 1"
      ;;
    61)
      test-tcas  "893 1 883 713 682 5146 3 793 766 0 1 1"
      ;;
    62)
      test-tcas  "700 0 739 231 609 6073 2 262 48 1 0 0"
      ;;
    63)
      test-tcas  "730 1 245 121 11 729 1 510 759 1 0 1"
      ;;
    64)
      test-tcas  "321 1 597 119 837 494 0 923 86 0 1 0"
      ;;
esac
