#!/bin/bash
set -euo pipefail
SCRIPT_DIR=$(cd "$(dirname "${BASH_SOURCE[0]}")" && pwd)
test-tcas () {
    diff -q <(${ANGELIX_RUN:-eval} ./tcas $1) <($SCRIPT_DIR/../golden/tcas $1) > /dev/null
}

case "$1" in
    1)
      test-tcas  "937 1 491 2 832 5831 3 442 530 1 1 1"
      ;;
    2)
      test-tcas  "823 1 513 621 237 3831 3 969 509 1 0 0"
      ;;
    3)
      test-tcas  "614 1 250 413 927 2971 0 436 304 0 0 0"
      ;;
    4)
      test-tcas  "828 0 284 614 738 9319 3 738 560 1 1 0"
      ;;
    5)
      test-tcas  "799 1 619 984 633 4399 3 800 927 1 1 1"
      ;;
    6)
      test-tcas  "548 1 961 740 390 4363 0 380 750 0 0 1"
      ;;
    7)
      test-tcas  "687 0 372 294 788 7226 2 699 311 1 0 0"
      ;;
    8)
      test-tcas  "48 1 539 781 343 192 2 388 642 1 0 1"
      ;;
    9)
      test-tcas  "603 1 27 470 308 1399 1 890 321 0 1 0"
      ;;
    10)
      test-tcas  "415 0 810 793 563 3597 2 646 421 0 0 1"
      ;;
    11)
      test-tcas  "873 1 209 27 387 1452 1 208 866 1 1 0"
      ;;
    12)
      test-tcas  "387 1 973 535 736 9225 2 820 917 0 1 0"
      ;;
    13)
      test-tcas  "896 1 756 919 646 1631 3 10 244 0 0 0"
      ;;
    14)
      test-tcas  "113 0 534 498 753 7632 1 293 213 0 0 1"
      ;;
    15)
      test-tcas  "373 1 727 185 567 4807 1 316 463 1 1 0"
      ;;
    16)
      test-tcas  "136 0 760 57 226 802 0 498 656 0 0 1"
      ;;
    17)
      test-tcas  "872 1 686 779 768 8129 2 621 470 0 0 1"
      ;;
    18)
      test-tcas  "912 0 200 445 736 9284 0 774 358 0 1 0"
      ;;
    19)
      test-tcas  "200 0 894 441 956 831 2 615 499 0 0 1"
      ;;
    20)
      test-tcas  "455 0 32 547 756 7652 2 64 499 0 0 0"
      ;;
    21)
      test-tcas  "267 1 318 714 630 2128 0 279 977 0 1 1"
      ;;
    22)
      test-tcas  "912 1 253 736 464 7444 1 103 15 0 0 1"
      ;;
    23)
      test-tcas  "395 1 563 473 856 9630 3 112 694 1 0 1"
      ;;
    24)
      test-tcas  "156 0 965 236 874 9284 0 912 486 1 0 1"
      ;;
    25)
      test-tcas  "280 1 145 559 687 1204 1 436 186 0 0 1"
      ;;
    26)
      test-tcas  "717 1 278 745 3 8345 3 737 315 0 0 0"
      ;;
    27)
      test-tcas  "33 0 713 373 54 5714 2 42 530 0 0 0"
      ;;
    28)
      test-tcas  "628 0 586 283 7 9843 1 764 498 1 1 1"
      ;;
    29)
      test-tcas  "34 1 127 552 209 568 1 632 992 0 1 1"
      ;;
    30)
      test-tcas  "6 1 228 520 502 3748 0 223 578 1 1 0"
      ;;
    31)
      test-tcas  "510 1 527 58 29 6505 0 805 241 1 1 0"
      ;;
    32)
      test-tcas  "442 1 800 43 505 374 2 748 605 0 0 1"
      ;;
    33)
      test-tcas  "69 1 760 308 770 2538 2 556 70 1 0 1"
      ;;
    34)
      test-tcas  "530 1 626 302 700 1043 2 83 170 0 0 1"
      ;;
    35)
      test-tcas  "617 0 832 185 83 6510 1 530 825 1 0 0"
      ;;
    36)
      test-tcas  "100 1 148 220 983 501 1 487 834 1 0 0"
      ;;
    37)
      test-tcas  "372 0 243 45 383 9159 2 493 984 0 1 0"
      ;;
    38)
      test-tcas  "997 1 250 681 470 256 0 469 542 1 0 1"
      ;;
    39)
      test-tcas  "906 0 369 70 872 2152 2 775 602 1 1 1"
      ;;
    40)
      test-tcas  "452 1 779 399 441 4527 0 678 831 0 0 0"
      ;;
    41)
      test-tcas  "442 1 246 573 809 2998 1 644 558 1 1 1"
      ;;
    42)
      test-tcas  "394 0 772 875 891 2981 1 66 913 0 0 1"
      ;;
    43)
      test-tcas  "826 0 427 114 848 2274 2 850 801 1 0 0"
      ;;
    44)
      test-tcas  "271 0 148 449 667 6938 2 690 952 1 0 1"
      ;;
    45)
      test-tcas  "892 1 770 529 511 1101 2 829 55 0 1 1"
      ;;
    46)
      test-tcas  "193 1 887 644 361 8220 3 739 120 1 0 0"
      ;;
    47)
      test-tcas  "161 0 313 229 122 9295 0 271 678 0 1 0"
      ;;
    48)
      test-tcas  "489 1 939 318 433 2329 0 656 245 1 0 0"
      ;;
    49)
      test-tcas  "79 1 611 371 785 7114 2 69 621 0 0 0"
      ;;
    50)
      test-tcas  "986 1 403 326 247 134 2 453 128 1 1 1"
      ;;
    51)
      test-tcas  "238 1 177 767 220 6046 2 842 684 1 0 1"
      ;;
    52)
      test-tcas  "595 0 706 693 973 4739 0 576 859 1 0 0"
      ;;
    53)
      test-tcas  "280 1 915 620 535 6561 0 544 532 0 0 0"
      ;;
    54)
      test-tcas  "24 1 814 509 563 2717 2 931 699 0 1 1"
      ;;
    55)
      test-tcas  "435 1 677 458 263 3253 3 867 152 0 1 0"
      ;;
    56)
      test-tcas  "689 1 739 49 238 1399 0 915 354 0 0 0"
      ;;
    57)
      test-tcas  "893 0 337 863 224 301 0 431 713 1 0 0"
      ;;
    58)
      test-tcas  "159 0 834 826 189 6375 0 571 721 1 0 0"
      ;;
    59)
      test-tcas  "458 0 5 850 54 2696 0 990 26 1 0 0"
      ;;
    60)
      test-tcas  "695 1 657 574 450 5905 2 212 421 0 0 0"
      ;;
    61)
      test-tcas  "179 0 293 7 466 1133 0 124 47 0 1 0"
      ;;
    62)
      test-tcas  "711 1 411 383 124 1423 3 123 699 0 0 0"
      ;;
    63)
      test-tcas  "919 0 742 747 566 1030 3 165 128 0 1 1"
      ;;
    64)
      test-tcas  "243 1 214 470 433 5790 1 195 515 0 0 1"
      ;;
esac
