#!/bin/bash
set -euo pipefail
SCRIPT_DIR=$(cd "$(dirname "${BASH_SOURCE[0]}")" && pwd)
test-tcas () {
    diff -q <(${ANGELIX_RUN:-eval} ./tcas $1) <($SCRIPT_DIR/../golden/tcas $1) > /dev/null
}

case "$1" in
    1)
      test-tcas  "627 0 241 123 982 860 3 49 430 1 0 0"
      ;;
    2)
      test-tcas  "938 0 863 19 329 881 0 780 314 0 1 0"
      ;;
    3)
      test-tcas  "331 1 453 968 396 9513 1 411 334 0 1 0"
      ;;
    4)
      test-tcas  "297 1 745 579 447 6836 3 859 27 1 0 0"
      ;;
    5)
      test-tcas  "837 0 635 457 283 2648 2 405 777 0 0 0"
      ;;
    6)
      test-tcas  "235 1 730 831 817 825 2 165 877 0 1 1"
      ;;
    7)
      test-tcas  "258 1 451 990 731 6914 3 287 351 1 1 0"
      ;;
    8)
      test-tcas  "960 1 30 941 898 3990 0 759 191 1 0 1"
      ;;
    9)
      test-tcas  "187 1 186 237 599 6473 0 377 425 1 0 0"
      ;;
    10)
      test-tcas  "49 0 548 904 102 5932 2 560 353 0 0 0"
      ;;
    11)
      test-tcas  "964 0 791 833 940 6980 2 319 514 0 1 1"
      ;;
    12)
      test-tcas  "481 1 129 934 224 5018 2 728 290 1 1 0"
      ;;
    13)
      test-tcas  "876 1 206 732 532 1061 1 832 713 0 0 0"
      ;;
    14)
      test-tcas  "545 1 485 944 329 1916 0 916 839 0 0 0"
      ;;
    15)
      test-tcas  "463 1 88 902 547 6823 3 525 133 1 0 1"
      ;;
    16)
      test-tcas  "407 0 566 467 784 4088 0 620 554 1 1 0"
      ;;
    17)
      test-tcas  "366 0 313 368 688 3422 0 631 534 0 0 1"
      ;;
    18)
      test-tcas  "405 0 352 604 384 1556 0 72 759 0 1 0"
      ;;
    19)
      test-tcas  "403 1 870 773 333 200 1 748 564 0 0 0"
      ;;
    20)
      test-tcas  "393 1 321 833 729 6677 3 400 913 0 0 1"
      ;;
    21)
      test-tcas  "806 0 30 963 519 8430 1 915 317 0 1 1"
      ;;
    22)
      test-tcas  "665 0 88 785 310 3232 1 27 580 1 1 0"
      ;;
    23)
      test-tcas  "794 0 891 283 794 7184 0 625 120 0 0 1"
      ;;
    24)
      test-tcas  "290 0 961 306 975 2578 1 510 583 1 1 0"
      ;;
    25)
      test-tcas  "938 1 694 554 279 7345 3 611 745 1 0 1"
      ;;
    26)
      test-tcas  "917 1 409 409 711 7155 1 290 134 0 1 1"
      ;;
    27)
      test-tcas  "971 1 504 960 467 292 1 494 478 0 1 0"
      ;;
    28)
      test-tcas  "336 1 690 952 921 4105 2 75 7 0 0 0"
      ;;
    29)
      test-tcas  "999 1 159 294 593 284 1 636 718 0 0 1"
      ;;
    30)
      test-tcas  "382 0 134 132 647 4292 1 806 62 0 0 0"
      ;;
    31)
      test-tcas  "298 0 575 279 616 2052 0 777 65 1 0 1"
      ;;
    32)
      test-tcas  "971 0 828 134 393 4486 3 436 669 0 1 1"
      ;;
    33)
      test-tcas  "103 1 804 944 136 7641 3 315 44 1 0 0"
      ;;
    34)
      test-tcas  "335 0 693 526 516 2987 1 975 863 0 1 1"
      ;;
    35)
      test-tcas  "114 0 454 248 786 9014 3 302 937 1 0 1"
      ;;
    36)
      test-tcas  "761 0 215 237 336 1463 3 520 260 0 0 1"
      ;;
    37)
      test-tcas  "615 0 341 436 931 5443 1 501 376 0 0 0"
      ;;
    38)
      test-tcas  "398 1 302 214 425 8277 0 242 65 1 0 0"
      ;;
    39)
      test-tcas  "413 0 499 832 712 7212 0 97 647 0 0 0"
      ;;
    40)
      test-tcas  "932 1 39 91 740 1075 2 533 719 0 0 0"
      ;;
    41)
      test-tcas  "18 0 920 28 757 9657 3 900 887 0 0 1"
      ;;
    42)
      test-tcas  "198 0 319 464 545 8904 2 780 0 0 1 1"
      ;;
    43)
      test-tcas  "760 0 639 707 105 4065 1 129 597 1 1 1"
      ;;
    44)
      test-tcas  "26 0 597 607 304 6646 2 495 629 1 1 1"
      ;;
    45)
      test-tcas  "760 1 41 532 170 4446 0 114 176 1 0 1"
      ;;
    46)
      test-tcas  "889 0 279 732 964 7022 1 743 698 0 0 1"
      ;;
    47)
      test-tcas  "953 1 505 846 784 1728 1 513 382 0 1 0"
      ;;
    48)
      test-tcas  "159 0 470 113 343 7962 1 102 476 0 1 0"
      ;;
    49)
      test-tcas  "593 1 764 128 638 9361 2 878 926 1 0 0"
      ;;
    50)
      test-tcas  "29 1 95 677 517 5595 0 611 395 0 1 0"
      ;;
    51)
      test-tcas  "915 0 595 431 684 6888 3 662 623 0 0 0"
      ;;
    52)
      test-tcas  "404 1 631 905 427 5646 0 420 282 1 0 1"
      ;;
    53)
      test-tcas  "902 1 715 261 290 484 1 10 784 0 0 0"
      ;;
    54)
      test-tcas  "333 0 945 117 111 8502 1 112 149 1 0 1"
      ;;
    55)
      test-tcas  "330 0 1 610 225 1999 3 910 784 0 0 0"
      ;;
    56)
      test-tcas  "776 0 985 500 262 5731 2 911 86 0 0 1"
      ;;
    57)
      test-tcas  "522 1 404 120 775 518 3 569 991 0 0 1"
      ;;
    58)
      test-tcas  "776 1 328 454 37 8323 1 231 77 0 0 0"
      ;;
    59)
      test-tcas  "513 0 184 574 541 2974 3 79 482 1 1 1"
      ;;
    60)
      test-tcas  "338 1 817 99 307 9421 2 296 799 1 1 0"
      ;;
    61)
      test-tcas  "537 1 330 197 743 2820 0 722 245 1 1 0"
      ;;
    62)
      test-tcas  "573 1 798 48 772 6829 2 790 698 0 1 1"
      ;;
    63)
      test-tcas  "27 0 295 471 73 8309 3 513 781 1 1 1"
      ;;
    64)
      test-tcas  "921 0 686 753 635 3054 3 741 920 1 1 1"
      ;;
esac
