#!/bin/bash
set -euo pipefail
SCRIPT_DIR=$(cd "$(dirname "${BASH_SOURCE[0]}")" && pwd)
test-tcas () {
    diff -q <(${ANGELIX_RUN:-eval} ./tcas $1) <($SCRIPT_DIR/../golden/tcas $1) > /dev/null
}

case "$1" in
    1)
      test-tcas  "618 1 977 882 738 6452 3 626 529 1 1 1"
      ;;
    2)
      test-tcas  "850 0 182 668 168 6548 2 523 980 1 1 1"
      ;;
    3)
      test-tcas  "544 0 155 138 602 9442 2 331 574 1 1 0"
      ;;
    4)
      test-tcas  "918 0 268 969 958 1166 1 986 507 1 0 0"
      ;;
    5)
      test-tcas  "31 1 456 696 948 1773 1 398 880 1 0 0"
      ;;
    6)
      test-tcas  "327 1 841 226 290 2548 2 367 816 1 1 1"
      ;;
    7)
      test-tcas  "311 0 780 254 741 7033 2 173 498 0 0 0"
      ;;
    8)
      test-tcas  "821 1 667 20 125 9865 3 217 497 0 0 0"
      ;;
    9)
      test-tcas  "928 0 470 810 537 1158 0 193 177 0 1 0"
      ;;
    10)
      test-tcas  "330 0 372 970 112 7577 0 789 556 1 1 0"
      ;;
    11)
      test-tcas  "75 0 987 64 151 4339 0 946 856 1 1 1"
      ;;
    12)
      test-tcas  "748 0 432 134 81 5143 2 157 10 0 0 0"
      ;;
    13)
      test-tcas  "666 1 70 813 546 9547 3 294 667 1 0 1"
      ;;
    14)
      test-tcas  "320 1 10 301 52 9410 2 795 741 0 0 1"
      ;;
    15)
      test-tcas  "208 0 396 947 854 7920 0 2 236 0 1 1"
      ;;
    16)
      test-tcas  "307 1 246 389 323 6208 3 739 20 1 1 1"
      ;;
    17)
      test-tcas  "755 1 971 860 738 3817 1 98 362 0 0 0"
      ;;
    18)
      test-tcas  "888 0 876 407 452 169 3 640 409 0 0 0"
      ;;
    19)
      test-tcas  "534 0 756 392 504 4784 2 31 371 0 0 0"
      ;;
    20)
      test-tcas  "455 1 300 698 184 4292 2 323 963 1 0 1"
      ;;
    21)
      test-tcas  "35 1 272 620 665 4228 3 830 708 1 0 1"
      ;;
    22)
      test-tcas  "756 0 475 433 627 3288 0 672 907 0 0 1"
      ;;
    23)
      test-tcas  "619 1 186 104 883 7054 0 748 566 1 1 0"
      ;;
    24)
      test-tcas  "559 0 247 568 256 7212 2 953 240 0 1 1"
      ;;
    25)
      test-tcas  "971 1 104 419 472 1057 2 86 631 1 0 1"
      ;;
    26)
      test-tcas  "771 1 998 723 524 4423 2 884 939 0 1 0"
      ;;
    27)
      test-tcas  "935 0 101 65 894 9328 1 173 227 1 1 1"
      ;;
    28)
      test-tcas  "198 0 722 709 169 5377 2 79 693 0 0 1"
      ;;
    29)
      test-tcas  "555 1 699 99 943 1444 1 716 438 1 1 1"
      ;;
    30)
      test-tcas  "382 0 918 655 499 1301 1 670 363 1 1 0"
      ;;
    31)
      test-tcas  "380 1 310 65 533 3742 1 984 9 1 1 1"
      ;;
    32)
      test-tcas  "192 0 898 964 237 4237 2 228 585 0 0 0"
      ;;
    33)
      test-tcas  "324 0 388 83 286 1412 2 534 80 1 1 1"
      ;;
    34)
      test-tcas  "109 1 397 549 710 7522 1 293 216 0 1 1"
      ;;
    35)
      test-tcas  "670 0 782 170 353 7720 1 458 75 0 0 1"
      ;;
    36)
      test-tcas  "383 1 605 73 467 8181 0 136 551 0 0 0"
      ;;
    37)
      test-tcas  "992 1 29 139 147 8102 0 355 284 0 0 1"
      ;;
    38)
      test-tcas  "501 1 982 160 612 5300 1 556 481 0 0 1"
      ;;
    39)
      test-tcas  "86 1 605 666 919 9426 0 492 972 0 1 0"
      ;;
    40)
      test-tcas  "645 1 492 774 427 874 3 838 54 1 1 0"
      ;;
    41)
      test-tcas  "192 0 351 364 374 7188 2 877 45 1 1 1"
      ;;
    42)
      test-tcas  "78 0 111 259 79 2157 0 181 91 1 0 1"
      ;;
    43)
      test-tcas  "86 0 602 951 746 5905 3 204 614 1 1 1"
      ;;
    44)
      test-tcas  "636 1 745 727 484 7052 0 211 819 0 1 1"
      ;;
    45)
      test-tcas  "836 1 731 862 16 499 3 883 980 0 1 1"
      ;;
    46)
      test-tcas  "766 1 917 783 627 6551 0 396 676 0 0 0"
      ;;
    47)
      test-tcas  "287 1 138 880 228 8925 3 622 884 1 1 0"
      ;;
    48)
      test-tcas  "786 0 851 780 900 747 3 477 756 0 1 0"
      ;;
    49)
      test-tcas  "586 0 897 639 52 8829 2 279 49 1 0 0"
      ;;
    50)
      test-tcas  "315 0 828 83 262 7459 2 229 540 1 0 0"
      ;;
    51)
      test-tcas  "299 0 591 78 58 3509 1 945 348 0 1 0"
      ;;
    52)
      test-tcas  "28 1 916 58 293 4966 3 165 878 1 0 0"
      ;;
    53)
      test-tcas  "936 0 50 200 370 4943 0 468 136 0 1 0"
      ;;
    54)
      test-tcas  "211 0 477 738 430 2903 3 7 385 1 1 0"
      ;;
    55)
      test-tcas  "934 0 8 703 632 4169 3 899 577 0 1 0"
      ;;
    56)
      test-tcas  "760 1 34 393 963 7816 3 23 697 1 0 1"
      ;;
    57)
      test-tcas  "413 0 921 353 478 1782 1 551 996 1 0 1"
      ;;
    58)
      test-tcas  "576 0 406 464 588 2420 0 564 266 0 1 1"
      ;;
    59)
      test-tcas  "267 0 432 162 939 3828 2 662 594 0 1 0"
      ;;
    60)
      test-tcas  "551 0 203 577 579 70 0 395 619 0 0 0"
      ;;
    61)
      test-tcas  "383 0 248 723 455 862 3 858 61 0 0 0"
      ;;
    62)
      test-tcas  "547 1 71 598 886 8476 2 657 289 0 1 1"
      ;;
    63)
      test-tcas  "70 1 404 296 450 445 2 883 918 0 1 1"
      ;;
    64)
      test-tcas  "86 1 297 952 728 9181 0 551 819 1 1 0"
      ;;
esac
