#!/bin/bash
set -euo pipefail
SCRIPT_DIR=$(cd "$(dirname "${BASH_SOURCE[0]}")" && pwd)
test-tcas () {
    diff -q <(${ANGELIX_RUN:-eval} ./tcas $1) <($SCRIPT_DIR/../golden/tcas $1) > /dev/null
}

case "$1" in
    1)
      test-tcas  "296 1 128 657 517 2409 1 206 82 1 1 1"
      ;;
    2)
      test-tcas  "611 1 450 852 95 1657 0 563 981 0 0 0"
      ;;
    3)
      test-tcas  "571 1 268 862 904 2338 2 595 717 0 0 1"
      ;;
    4)
      test-tcas  "356 0 306 790 527 1536 1 791 598 0 1 1"
      ;;
    5)
      test-tcas  "750 1 516 33 667 8152 3 191 587 1 1 0"
      ;;
    6)
      test-tcas  "501 1 850 692 984 5867 2 406 666 1 1 1"
      ;;
    7)
      test-tcas  "604 0 905 772 913 2355 0 417 830 1 0 0"
      ;;
    8)
      test-tcas  "31 1 656 503 407 8215 1 389 729 1 1 0"
      ;;
    9)
      test-tcas  "550 0 419 233 504 6700 2 308 634 0 0 1"
      ;;
    10)
      test-tcas  "739 1 868 58 808 3811 3 566 478 0 1 0"
      ;;
    11)
      test-tcas  "124 1 568 668 623 7826 0 387 39 1 1 0"
      ;;
    12)
      test-tcas  "515 0 861 763 382 7697 0 480 124 0 1 1"
      ;;
    13)
      test-tcas  "130 0 229 914 316 1125 2 274 604 1 1 1"
      ;;
    14)
      test-tcas  "930 1 383 811 917 5364 0 759 625 1 1 0"
      ;;
    15)
      test-tcas  "778 1 243 537 733 7027 1 125 7 0 0 0"
      ;;
    16)
      test-tcas  "578 1 810 759 340 1345 1 224 991 1 1 0"
      ;;
    17)
      test-tcas  "402 1 553 622 992 6368 0 272 904 0 1 0"
      ;;
    18)
      test-tcas  "867 1 413 578 456 3669 1 202 95 0 0 0"
      ;;
    19)
      test-tcas  "556 1 883 432 876 4042 2 653 632 0 1 1"
      ;;
    20)
      test-tcas  "200 1 762 551 213 4614 2 790 712 0 0 0"
      ;;
    21)
      test-tcas  "590 1 220 424 816 2594 2 894 555 0 0 0"
      ;;
    22)
      test-tcas  "768 0 664 586 79 697 2 38 705 1 0 1"
      ;;
    23)
      test-tcas  "12 0 607 350 853 9954 2 153 157 1 0 1"
      ;;
    24)
      test-tcas  "377 1 262 844 327 7313 2 287 595 0 0 1"
      ;;
    25)
      test-tcas  "215 1 24 418 531 7973 3 77 185 1 0 0"
      ;;
    26)
      test-tcas  "34 0 187 751 331 5969 0 142 928 0 0 0"
      ;;
    27)
      test-tcas  "400 1 351 751 916 954 3 473 426 0 0 1"
      ;;
    28)
      test-tcas  "218 0 902 769 177 4535 2 813 163 1 0 0"
      ;;
    29)
      test-tcas  "751 0 683 622 198 5860 1 558 938 0 0 1"
      ;;
    30)
      test-tcas  "53 1 621 526 177 3439 2 799 18 0 0 1"
      ;;
    31)
      test-tcas  "214 0 509 194 572 8359 1 886 812 1 0 1"
      ;;
    32)
      test-tcas  "822 1 436 162 101 3249 1 145 476 1 1 1"
      ;;
    33)
      test-tcas  "427 0 517 743 338 1408 0 317 787 0 1 1"
      ;;
    34)
      test-tcas  "528 1 548 993 204 1547 1 767 906 0 1 1"
      ;;
    35)
      test-tcas  "641 0 34 608 437 5547 0 611 295 0 0 1"
      ;;
    36)
      test-tcas  "443 1 734 853 374 9557 3 549 987 1 0 0"
      ;;
    37)
      test-tcas  "704 0 360 324 855 2575 2 537 759 1 0 0"
      ;;
    38)
      test-tcas  "852 1 434 717 975 1429 3 220 393 0 0 1"
      ;;
    39)
      test-tcas  "424 0 521 695 609 6806 3 573 213 1 0 1"
      ;;
    40)
      test-tcas  "440 1 95 458 205 1617 1 222 437 1 1 0"
      ;;
    41)
      test-tcas  "900 1 182 768 249 560 0 563 577 1 0 1"
      ;;
    42)
      test-tcas  "12 0 671 851 49 8297 1 61 120 1 0 0"
      ;;
    43)
      test-tcas  "632 0 756 952 90 3097 0 937 157 0 0 0"
      ;;
    44)
      test-tcas  "513 0 394 171 147 3223 1 864 283 1 0 1"
      ;;
    45)
      test-tcas  "486 0 943 746 613 4646 0 358 197 1 1 0"
      ;;
    46)
      test-tcas  "526 1 222 994 154 983 0 126 825 1 0 0"
      ;;
    47)
      test-tcas  "849 1 241 832 736 9731 1 876 543 0 0 1"
      ;;
    48)
      test-tcas  "719 0 590 62 414 3059 1 878 160 1 1 1"
      ;;
    49)
      test-tcas  "531 1 163 479 912 6459 2 977 773 1 1 0"
      ;;
    50)
      test-tcas  "920 1 354 304 26 4641 3 755 391 0 0 1"
      ;;
    51)
      test-tcas  "259 0 192 528 241 958 3 106 331 0 1 1"
      ;;
    52)
      test-tcas  "781 1 69 383 617 4608 2 696 879 0 1 0"
      ;;
    53)
      test-tcas  "815 0 721 400 53 8640 2 533 519 0 1 1"
      ;;
    54)
      test-tcas  "236 1 976 365 409 1619 1 252 170 1 1 0"
      ;;
    55)
      test-tcas  "158 0 506 889 663 6472 1 669 408 1 1 0"
      ;;
    56)
      test-tcas  "177 0 349 370 396 1732 3 740 464 0 1 0"
      ;;
    57)
      test-tcas  "101 0 372 698 237 2933 3 174 987 1 1 0"
      ;;
    58)
      test-tcas  "82 1 74 308 708 5493 2 718 98 0 0 1"
      ;;
    59)
      test-tcas  "361 1 206 962 980 4833 0 476 138 1 0 0"
      ;;
    60)
      test-tcas  "513 1 617 57 479 4913 1 509 716 1 0 0"
      ;;
    61)
      test-tcas  "64 0 486 235 90 2686 3 556 252 1 0 1"
      ;;
    62)
      test-tcas  "706 0 739 686 810 3267 2 765 95 0 1 1"
      ;;
    63)
      test-tcas  "26 0 856 666 178 8796 3 92 561 1 1 1"
      ;;
    64)
      test-tcas  "686 0 627 586 634 3155 0 289 820 0 1 1"
      ;;
esac
