#!/bin/bash
set -euo pipefail
SCRIPT_DIR=$(cd "$(dirname "${BASH_SOURCE[0]}")" && pwd)
test-tcas () {
    diff -q <(${ANGELIX_RUN:-eval} ./tcas $1) <($SCRIPT_DIR/../golden/tcas $1) > /dev/null
}

case "$1" in
    1)
      test-tcas  "608 0 701 192 565 2339 1 798 453 0 0 0"
      ;;
    2)
      test-tcas  "687 1 330 45 333 8398 1 828 921 1 1 0"
      ;;
    3)
      test-tcas  "593 1 494 634 581 8423 3 34 220 0 1 1"
      ;;
    4)
      test-tcas  "851 1 446 291 726 1125 0 352 732 1 0 0"
      ;;
    5)
      test-tcas  "93 0 737 118 449 3265 3 63 637 0 1 1"
      ;;
    6)
      test-tcas  "293 1 957 984 882 8673 1 401 118 1 0 1"
      ;;
    7)
      test-tcas  "797 1 593 338 965 8268 2 852 988 1 0 1"
      ;;
    8)
      test-tcas  "535 0 283 166 698 9228 2 747 490 1 1 0"
      ;;
    9)
      test-tcas  "712 1 496 853 795 2157 3 772 505 0 1 1"
      ;;
    10)
      test-tcas  "583 0 180 745 253 6765 0 522 258 0 0 0"
      ;;
    11)
      test-tcas  "523 1 323 809 812 9148 2 417 772 0 0 0"
      ;;
    12)
      test-tcas  "581 1 623 9 981 7289 1 1 909 0 1 1"
      ;;
    13)
      test-tcas  "25 0 516 831 443 5862 3 27 637 0 1 0"
      ;;
    14)
      test-tcas  "33 1 749 762 53 6832 2 618 461 1 0 1"
      ;;
    15)
      test-tcas  "690 1 449 559 466 8651 1 352 451 0 1 0"
      ;;
    16)
      test-tcas  "798 0 254 697 515 4164 3 213 256 1 1 0"
      ;;
    17)
      test-tcas  "694 0 514 576 961 5531 1 78 717 1 1 0"
      ;;
    18)
      test-tcas  "298 1 878 865 35 3615 2 717 293 1 1 1"
      ;;
    19)
      test-tcas  "992 1 723 684 359 9393 1 156 465 0 0 1"
      ;;
    20)
      test-tcas  "656 1 862 330 314 5964 3 785 540 0 0 1"
      ;;
    21)
      test-tcas  "244 1 807 783 801 1674 3 652 930 0 1 0"
      ;;
    22)
      test-tcas  "688 0 517 383 493 7816 0 74 933 0 1 1"
      ;;
    23)
      test-tcas  "682 0 102 819 240 8163 3 968 359 1 1 0"
      ;;
    24)
      test-tcas  "972 0 292 904 133 2388 1 179 11 1 1 1"
      ;;
    25)
      test-tcas  "239 1 705 530 995 1135 2 535 18 0 0 1"
      ;;
    26)
      test-tcas  "429 1 971 745 578 7150 0 428 376 0 0 0"
      ;;
    27)
      test-tcas  "510 0 689 983 705 4475 1 343 727 0 0 1"
      ;;
    28)
      test-tcas  "120 1 901 222 799 6233 0 43 446 0 0 0"
      ;;
    29)
      test-tcas  "369 1 371 118 882 984 3 906 493 1 0 1"
      ;;
    30)
      test-tcas  "211 1 366 87 18 8051 3 380 177 0 1 0"
      ;;
    31)
      test-tcas  "328 1 897 791 505 3542 3 522 72 0 0 1"
      ;;
    32)
      test-tcas  "291 1 513 570 702 1055 3 227 723 1 1 0"
      ;;
    33)
      test-tcas  "943 1 663 40 373 4311 2 929 519 0 1 0"
      ;;
    34)
      test-tcas  "520 1 461 363 750 3048 1 411 224 0 0 1"
      ;;
    35)
      test-tcas  "857 0 329 553 140 8653 2 715 77 0 0 0"
      ;;
    36)
      test-tcas  "274 0 468 638 940 2003 0 167 172 0 1 0"
      ;;
    37)
      test-tcas  "296 0 438 579 253 2948 2 93 944 1 1 1"
      ;;
    38)
      test-tcas  "258 0 315 461 966 8799 1 21 53 1 1 1"
      ;;
    39)
      test-tcas  "102 1 895 748 234 7980 0 882 781 1 1 0"
      ;;
    40)
      test-tcas  "282 1 272 205 635 4813 1 156 219 1 1 0"
      ;;
    41)
      test-tcas  "606 1 838 540 7 2096 3 814 998 1 1 1"
      ;;
    42)
      test-tcas  "141 0 294 821 58 9798 1 497 188 1 1 0"
      ;;
    43)
      test-tcas  "943 1 635 380 207 782 2 517 171 0 1 0"
      ;;
    44)
      test-tcas  "310 0 339 67 896 7970 2 991 812 0 0 1"
      ;;
    45)
      test-tcas  "615 0 44 596 698 1870 2 780 149 1 1 0"
      ;;
    46)
      test-tcas  "392 1 927 56 990 2740 3 816 28 1 0 0"
      ;;
    47)
      test-tcas  "376 1 777 707 718 8033 2 946 678 1 0 0"
      ;;
    48)
      test-tcas  "527 1 342 726 956 3025 1 499 129 0 1 0"
      ;;
    49)
      test-tcas  "773 1 1 784 370 757 1 561 622 0 0 1"
      ;;
    50)
      test-tcas  "209 0 112 82 563 6549 3 171 760 0 0 0"
      ;;
    51)
      test-tcas  "913 0 512 858 404 2465 3 612 91 1 0 1"
      ;;
    52)
      test-tcas  "204 0 646 330 960 8089 0 441 80 0 0 0"
      ;;
    53)
      test-tcas  "276 1 622 610 483 5985 3 968 73 1 0 0"
      ;;
    54)
      test-tcas  "527 0 170 244 102 3074 2 624 810 0 0 0"
      ;;
    55)
      test-tcas  "652 1 993 819 396 3019 3 882 371 1 0 0"
      ;;
    56)
      test-tcas  "675 1 352 373 913 9481 0 295 84 1 0 0"
      ;;
    57)
      test-tcas  "528 1 956 298 894 5816 3 661 931 0 0 1"
      ;;
    58)
      test-tcas  "559 0 243 955 48 3447 2 401 333 1 1 1"
      ;;
    59)
      test-tcas  "496 1 55 307 127 8713 0 845 886 1 0 1"
      ;;
    60)
      test-tcas  "842 0 432 635 293 6541 2 421 636 0 1 0"
      ;;
    61)
      test-tcas  "506 1 839 659 861 8736 1 522 889 0 1 0"
      ;;
    62)
      test-tcas  "627 1 543 332 961 5104 3 296 233 1 1 1"
      ;;
    63)
      test-tcas  "41 1 162 16 923 6926 1 617 549 0 1 1"
      ;;
    64)
      test-tcas  "701 1 465 892 824 4614 1 103 163 1 0 0"
      ;;
esac
