#!/bin/bash
set -euo pipefail
SCRIPT_DIR=$(cd "$(dirname "${BASH_SOURCE[0]}")" && pwd)
test-tcas () {
    diff -q <(${ANGELIX_RUN:-eval} ./tcas $1) <($SCRIPT_DIR/../golden/tcas $1) > /dev/null
}

case "$1" in
    1)
      test-tcas  "283 0 94 313 537 7613 3 995 314 0 1 1"
      ;;
    2)
      test-tcas  "435 1 272 654 652 2687 3 250 613 1 0 0"
      ;;
    3)
      test-tcas  "623 1 87 812 703 8294 2 289 348 1 1 0"
      ;;
    4)
      test-tcas  "401 1 75 329 448 9124 0 47 193 1 1 0"
      ;;
    5)
      test-tcas  "330 0 253 271 535 9875 1 705 347 0 0 0"
      ;;
    6)
      test-tcas  "852 1 211 741 301 9023 1 284 997 0 0 0"
      ;;
    7)
      test-tcas  "71 0 839 481 39 9320 2 185 351 0 0 0"
      ;;
    8)
      test-tcas  "519 0 6 493 760 7344 0 17 541 0 1 0"
      ;;
    9)
      test-tcas  "828 1 736 610 339 7432 0 838 608 1 1 1"
      ;;
    10)
      test-tcas  "188 0 293 344 925 6733 0 131 798 1 0 0"
      ;;
    11)
      test-tcas  "503 1 990 50 561 7948 1 291 494 1 1 0"
      ;;
    12)
      test-tcas  "287 1 573 511 139 4668 0 291 301 0 1 0"
      ;;
    13)
      test-tcas  "585 0 645 448 39 880 2 344 100 1 1 1"
      ;;
    14)
      test-tcas  "513 0 824 227 198 1453 3 943 276 1 0 1"
      ;;
    15)
      test-tcas  "417 1 106 112 773 3948 0 506 769 1 0 1"
      ;;
    16)
      test-tcas  "195 1 317 861 99 4190 3 95 227 0 0 1"
      ;;
    17)
      test-tcas  "873 1 552 247 307 8490 2 242 134 0 0 1"
      ;;
    18)
      test-tcas  "289 1 36 196 647 4333 3 795 621 1 0 1"
      ;;
    19)
      test-tcas  "465 1 87 726 439 8698 1 994 443 1 1 0"
      ;;
    20)
      test-tcas  "179 1 568 670 437 8959 3 528 617 0 0 0"
      ;;
    21)
      test-tcas  "198 1 640 325 434 5566 1 312 218 0 1 1"
      ;;
    22)
      test-tcas  "713 0 558 670 27 8350 3 969 977 0 0 0"
      ;;
    23)
      test-tcas  "694 0 818 647 658 9401 3 653 543 0 1 0"
      ;;
    24)
      test-tcas  "118 1 100 184 331 5031 0 796 611 0 0 0"
      ;;
    25)
      test-tcas  "393 1 225 160 804 7275 0 696 514 1 0 1"
      ;;
    26)
      test-tcas  "743 1 644 412 522 1850 0 512 392 0 1 0"
      ;;
    27)
      test-tcas  "863 0 938 74 120 4280 3 224 660 0 1 0"
      ;;
    28)
      test-tcas  "769 0 304 134 10 9251 0 476 182 0 0 1"
      ;;
    29)
      test-tcas  "524 1 158 974 315 9953 2 908 360 1 1 0"
      ;;
    30)
      test-tcas  "321 1 651 924 255 4322 1 588 221 0 0 0"
      ;;
    31)
      test-tcas  "317 0 243 447 58 3744 1 574 565 1 1 0"
      ;;
    32)
      test-tcas  "647 0 353 530 488 6766 2 328 314 0 0 1"
      ;;
    33)
      test-tcas  "116 1 605 108 235 5887 0 757 358 1 0 0"
      ;;
    34)
      test-tcas  "281 1 274 996 617 9391 1 107 463 0 0 0"
      ;;
    35)
      test-tcas  "932 0 220 771 391 2541 1 637 146 1 0 1"
      ;;
    36)
      test-tcas  "349 1 875 348 862 3252 3 121 881 0 0 0"
      ;;
    37)
      test-tcas  "190 0 704 673 7 6579 1 674 532 1 0 0"
      ;;
    38)
      test-tcas  "458 0 34 920 916 43 3 149 545 0 0 0"
      ;;
    39)
      test-tcas  "629 1 208 978 558 7877 3 507 156 1 0 0"
      ;;
    40)
      test-tcas  "810 1 634 641 677 6880 2 18 708 1 1 1"
      ;;
    41)
      test-tcas  "622 0 603 997 487 9481 3 959 48 0 1 1"
      ;;
    42)
      test-tcas  "479 0 522 862 834 1073 3 660 42 0 1 0"
      ;;
    43)
      test-tcas  "946 0 684 825 544 8517 1 204 285 0 0 1"
      ;;
    44)
      test-tcas  "9 1 707 547 862 5007 1 977 326 1 1 0"
      ;;
    45)
      test-tcas  "314 1 379 350 131 3208 2 431 2 1 1 0"
      ;;
    46)
      test-tcas  "752 0 887 894 210 3764 2 948 845 0 0 1"
      ;;
    47)
      test-tcas  "187 0 186 824 595 9864 2 586 38 0 0 1"
      ;;
    48)
      test-tcas  "616 1 672 721 728 583 0 698 924 0 1 0"
      ;;
    49)
      test-tcas  "686 1 331 455 618 6226 2 988 774 0 1 0"
      ;;
    50)
      test-tcas  "142 0 97 187 632 7787 2 452 262 1 0 1"
      ;;
    51)
      test-tcas  "626 1 358 711 130 7 0 934 941 0 1 1"
      ;;
    52)
      test-tcas  "74 1 297 666 533 3297 3 600 982 0 1 1"
      ;;
    53)
      test-tcas  "978 0 156 287 417 4023 0 579 452 1 0 0"
      ;;
    54)
      test-tcas  "841 1 433 864 348 5332 1 302 567 0 1 0"
      ;;
    55)
      test-tcas  "291 0 626 945 335 1758 2 691 553 1 1 1"
      ;;
    56)
      test-tcas  "627 0 232 481 112 443 3 338 104 0 0 0"
      ;;
    57)
      test-tcas  "878 0 500 654 798 9749 2 91 817 1 0 0"
      ;;
    58)
      test-tcas  "930 0 751 15 998 2463 0 163 491 0 0 1"
      ;;
    59)
      test-tcas  "801 1 6 752 962 5650 2 859 803 1 1 0"
      ;;
    60)
      test-tcas  "793 0 205 514 81 2517 3 348 542 0 0 0"
      ;;
    61)
      test-tcas  "953 0 394 66 774 3336 2 633 395 0 0 1"
      ;;
    62)
      test-tcas  "126 0 991 365 651 2699 2 867 146 1 0 0"
      ;;
    63)
      test-tcas  "776 1 533 190 801 8927 3 561 136 1 0 1"
      ;;
    64)
      test-tcas  "769 1 225 429 95 8532 2 935 904 1 0 1"
      ;;
esac
