#!/bin/bash
set -euo pipefail
SCRIPT_DIR=$(cd "$(dirname "${BASH_SOURCE[0]}")" && pwd)
test-tcas () {
    diff -q <(${ANGELIX_RUN:-eval} ./tcas $1) <($SCRIPT_DIR/../golden/tcas $1) > /dev/null
}

case "$1" in
    1)
      test-tcas  "94 1 340 838 652 7293 2 960 86 1 1 0"
      ;;
    2)
      test-tcas  "106 1 563 392 848 2883 3 264 271 0 1 1"
      ;;
    3)
      test-tcas  "608 0 264 339 351 782 2 427 957 0 0 1"
      ;;
    4)
      test-tcas  "292 1 623 669 891 3865 0 394 231 0 1 0"
      ;;
    5)
      test-tcas  "565 0 4 816 349 5859 1 450 918 1 1 1"
      ;;
    6)
      test-tcas  "869 0 175 957 561 9392 3 944 239 0 1 0"
      ;;
    7)
      test-tcas  "569 0 17 787 761 7562 0 20 73 1 0 1"
      ;;
    8)
      test-tcas  "181 0 877 504 802 8278 0 564 26 1 0 1"
      ;;
    9)
      test-tcas  "957 1 462 135 686 2696 0 903 74 1 1 0"
      ;;
    10)
      test-tcas  "527 0 763 398 766 3349 0 750 549 1 0 1"
      ;;
    11)
      test-tcas  "489 0 168 160 353 4022 1 670 719 0 0 0"
      ;;
    12)
      test-tcas  "447 0 488 35 200 2064 1 717 157 0 0 0"
      ;;
    13)
      test-tcas  "146 0 189 965 652 4660 3 130 539 1 0 0"
      ;;
    14)
      test-tcas  "872 0 642 578 932 3597 3 773 360 1 1 1"
      ;;
    15)
      test-tcas  "386 1 724 802 278 8290 0 677 442 0 1 0"
      ;;
    16)
      test-tcas  "127 0 531 659 279 4181 1 313 933 0 0 0"
      ;;
    17)
      test-tcas  "436 0 432 247 927 3243 3 276 762 1 1 0"
      ;;
    18)
      test-tcas  "978 0 86 808 474 5080 0 811 316 0 1 0"
      ;;
    19)
      test-tcas  "471 0 405 321 292 1050 0 106 308 0 0 1"
      ;;
    20)
      test-tcas  "213 1 797 359 456 7 2 419 516 0 1 1"
      ;;
    21)
      test-tcas  "764 0 345 940 793 2566 3 93 245 1 0 1"
      ;;
    22)
      test-tcas  "446 0 820 844 607 1330 3 56 991 0 1 1"
      ;;
    23)
      test-tcas  "144 0 714 298 275 7218 3 834 904 0 0 0"
      ;;
    24)
      test-tcas  "128 1 672 92 273 6903 0 103 217 1 0 1"
      ;;
    25)
      test-tcas  "363 0 880 73 136 3499 0 651 849 0 0 0"
      ;;
    26)
      test-tcas  "974 0 152 560 169 1849 0 73 911 1 1 1"
      ;;
    27)
      test-tcas  "196 0 540 555 585 1261 1 787 810 0 1 1"
      ;;
    28)
      test-tcas  "270 0 404 617 999 2151 3 881 124 1 1 0"
      ;;
    29)
      test-tcas  "381 1 954 94 24 8919 2 966 300 1 1 0"
      ;;
    30)
      test-tcas  "770 1 259 795 886 9360 2 585 662 0 1 0"
      ;;
    31)
      test-tcas  "723 0 760 462 735 1141 0 843 23 1 0 1"
      ;;
    32)
      test-tcas  "156 1 273 240 445 8280 1 714 563 0 0 0"
      ;;
    33)
      test-tcas  "961 0 388 21 368 5101 1 56 404 0 0 1"
      ;;
    34)
      test-tcas  "279 1 105 872 603 1952 2 561 579 0 0 1"
      ;;
    35)
      test-tcas  "240 0 381 806 915 5901 1 913 835 0 1 1"
      ;;
    36)
      test-tcas  "629 1 143 986 483 774 3 56 892 1 0 0"
      ;;
    37)
      test-tcas  "269 0 108 897 166 4233 0 923 470 0 1 1"
      ;;
    38)
      test-tcas  "764 0 518 302 971 5103 3 96 517 0 1 0"
      ;;
    39)
      test-tcas  "509 1 687 704 834 1870 2 701 674 0 1 1"
      ;;
    40)
      test-tcas  "662 1 925 703 774 3159 1 448 121 1 0 1"
      ;;
    41)
      test-tcas  "988 0 119 36 830 3077 0 963 441 0 1 1"
      ;;
    42)
      test-tcas  "200 1 896 158 89 8585 3 600 203 0 1 1"
      ;;
    43)
      test-tcas  "568 1 915 67 401 2517 0 635 401 1 1 1"
      ;;
    44)
      test-tcas  "237 1 419 583 200 4480 3 175 873 0 1 1"
      ;;
    45)
      test-tcas  "767 1 754 583 90 2753 1 297 227 0 1 1"
      ;;
    46)
      test-tcas  "10 0 72 624 605 3257 0 787 673 1 1 1"
      ;;
    47)
      test-tcas  "470 0 940 119 738 6922 0 477 558 1 1 0"
      ;;
    48)
      test-tcas  "806 1 59 616 509 4153 2 459 172 1 0 0"
      ;;
    49)
      test-tcas  "121 0 684 866 989 4662 2 532 751 1 1 1"
      ;;
    50)
      test-tcas  "132 1 811 220 773 2731 3 960 288 1 1 0"
      ;;
    51)
      test-tcas  "231 1 494 463 19 1895 1 109 80 0 1 0"
      ;;
    52)
      test-tcas  "838 1 51 464 660 9205 0 712 561 0 1 1"
      ;;
    53)
      test-tcas  "300 0 201 49 449 7535 2 446 198 1 0 1"
      ;;
    54)
      test-tcas  "918 0 465 208 965 4932 1 100 832 1 0 0"
      ;;
    55)
      test-tcas  "482 1 390 197 651 2714 3 991 964 1 0 0"
      ;;
    56)
      test-tcas  "943 1 405 263 377 8896 1 340 56 0 0 0"
      ;;
    57)
      test-tcas  "599 0 272 591 929 619 0 100 974 1 0 1"
      ;;
    58)
      test-tcas  "358 1 255 666 146 8533 2 255 195 0 1 1"
      ;;
    59)
      test-tcas  "326 0 273 585 274 7507 2 800 386 0 1 1"
      ;;
    60)
      test-tcas  "82 1 364 856 415 1722 0 590 430 0 0 1"
      ;;
    61)
      test-tcas  "643 0 861 999 661 8002 1 872 870 0 0 0"
      ;;
    62)
      test-tcas  "152 1 717 745 797 9279 3 732 135 0 1 1"
      ;;
    63)
      test-tcas  "908 1 394 778 109 258 2 741 788 0 0 1"
      ;;
    64)
      test-tcas  "357 0 720 940 28 9801 3 958 334 1 0 0"
      ;;
esac
