#!/bin/bash
set -euo pipefail
SCRIPT_DIR=$(cd "$(dirname "${BASH_SOURCE[0]}")" && pwd)
test-tcas () {
    diff -q <(${ANGELIX_RUN:-eval} ./tcas $1) <($SCRIPT_DIR/../golden/tcas $1) > /dev/null
}

case "$1" in
    1)
      test-tcas  "299 1 57 53 679 7615 2 464 322 0 0 0"
      ;;
    2)
      test-tcas  "364 0 44 643 511 1797 1 905 39 0 1 1"
      ;;
    3)
      test-tcas  "877 1 20 914 824 932 1 135 251 0 1 0"
      ;;
    4)
      test-tcas  "70 0 684 868 641 8752 3 756 276 0 1 0"
      ;;
    5)
      test-tcas  "454 1 908 633 407 9232 2 564 741 0 0 0"
      ;;
    6)
      test-tcas  "912 1 624 982 871 3112 1 125 975 0 0 0"
      ;;
    7)
      test-tcas  "294 1 307 162 773 9784 2 658 319 0 0 1"
      ;;
    8)
      test-tcas  "796 1 327 830 37 3549 3 405 493 1 0 1"
      ;;
    9)
      test-tcas  "827 1 869 154 799 4720 2 15 94 0 0 0"
      ;;
    10)
      test-tcas  "304 0 888 499 144 3503 0 805 131 1 1 1"
      ;;
    11)
      test-tcas  "368 0 615 548 778 7957 3 279 135 1 0 0"
      ;;
    12)
      test-tcas  "477 0 621 261 62 6611 2 810 846 0 0 0"
      ;;
    13)
      test-tcas  "559 1 193 703 878 1606 1 120 829 0 0 1"
      ;;
    14)
      test-tcas  "547 0 911 497 714 9360 2 873 559 1 1 0"
      ;;
    15)
      test-tcas  "52 1 792 490 50 2931 0 629 471 1 1 1"
      ;;
    16)
      test-tcas  "254 1 171 123 751 3243 3 275 422 0 0 1"
      ;;
    17)
      test-tcas  "188 1 653 10 545 5408 2 171 618 1 0 1"
      ;;
    18)
      test-tcas  "645 1 965 333 992 1234 1 295 691 1 1 1"
      ;;
    19)
      test-tcas  "687 0 387 861 398 9944 0 987 949 1 0 0"
      ;;
    20)
      test-tcas  "474 0 626 679 127 5888 0 131 81 1 0 1"
      ;;
    21)
      test-tcas  "616 0 536 115 544 4805 0 95 664 1 0 1"
      ;;
    22)
      test-tcas  "608 1 943 804 457 8862 2 223 763 0 1 0"
      ;;
    23)
      test-tcas  "135 1 92 434 433 5310 3 271 657 0 0 1"
      ;;
    24)
      test-tcas  "59 1 743 349 670 4172 2 910 354 1 1 0"
      ;;
    25)
      test-tcas  "797 1 910 974 286 6848 3 165 999 0 1 1"
      ;;
    26)
      test-tcas  "549 0 436 847 923 9981 1 578 579 0 1 1"
      ;;
    27)
      test-tcas  "398 1 221 22 382 7269 2 840 485 1 0 1"
      ;;
    28)
      test-tcas  "721 1 857 630 749 6235 2 720 450 1 1 1"
      ;;
    29)
      test-tcas  "653 1 690 505 10 7208 0 273 243 0 0 1"
      ;;
    30)
      test-tcas  "399 1 972 54 524 7934 1 581 131 1 0 0"
      ;;
    31)
      test-tcas  "203 0 726 810 978 9387 2 619 691 0 1 1"
      ;;
    32)
      test-tcas  "531 1 268 581 540 6361 0 300 858 1 1 1"
      ;;
    33)
      test-tcas  "709 1 978 576 801 468 1 275 337 0 1 1"
      ;;
    34)
      test-tcas  "697 1 918 507 922 3060 3 719 556 1 1 1"
      ;;
    35)
      test-tcas  "62 1 241 372 971 1486 1 38 183 1 1 1"
      ;;
    36)
      test-tcas  "326 1 26 384 905 3880 3 277 43 1 0 1"
      ;;
    37)
      test-tcas  "948 0 192 436 945 5448 1 902 758 0 1 0"
      ;;
    38)
      test-tcas  "995 0 539 428 244 2876 0 657 949 0 1 1"
      ;;
    39)
      test-tcas  "303 0 675 887 719 3119 0 285 25 1 0 1"
      ;;
    40)
      test-tcas  "470 1 641 455 751 8380 3 106 747 1 1 1"
      ;;
    41)
      test-tcas  "397 0 482 84 146 577 2 732 690 1 0 1"
      ;;
    42)
      test-tcas  "350 1 717 140 236 6048 3 589 523 1 1 1"
      ;;
    43)
      test-tcas  "579 1 821 44 382 4579 1 379 664 0 1 1"
      ;;
    44)
      test-tcas  "465 0 191 638 355 6186 2 206 380 1 1 0"
      ;;
    45)
      test-tcas  "927 1 928 87 76 4293 2 735 687 0 0 1"
      ;;
    46)
      test-tcas  "420 1 833 858 136 5152 1 530 611 0 0 0"
      ;;
    47)
      test-tcas  "337 0 519 136 222 453 1 557 388 0 0 1"
      ;;
    48)
      test-tcas  "901 0 345 953 172 3150 2 787 15 0 1 1"
      ;;
    49)
      test-tcas  "780 0 29 326 782 5492 3 879 289 1 0 1"
      ;;
    50)
      test-tcas  "654 0 306 780 780 3219 3 51 22 1 1 1"
      ;;
    51)
      test-tcas  "776 1 843 848 486 708 0 477 498 0 1 1"
      ;;
    52)
      test-tcas  "259 1 799 419 602 8711 3 866 475 1 1 0"
      ;;
    53)
      test-tcas  "318 0 966 197 435 9013 0 309 130 1 0 0"
      ;;
    54)
      test-tcas  "83 1 294 4 425 9078 2 959 242 1 1 1"
      ;;
    55)
      test-tcas  "768 1 824 235 397 4325 2 742 700 0 1 0"
      ;;
    56)
      test-tcas  "65 0 615 438 242 6258 1 978 20 0 0 1"
      ;;
    57)
      test-tcas  "494 1 161 747 935 1158 0 583 1 1 0 1"
      ;;
    58)
      test-tcas  "202 0 54 763 791 6478 1 405 979 1 0 1"
      ;;
    59)
      test-tcas  "248 0 213 395 743 459 0 233 235 0 1 0"
      ;;
    60)
      test-tcas  "884 1 977 248 105 4771 3 75 134 0 0 0"
      ;;
    61)
      test-tcas  "549 1 619 252 851 256 0 484 400 1 0 0"
      ;;
    62)
      test-tcas  "460 1 465 468 830 2009 2 954 567 0 1 1"
      ;;
    63)
      test-tcas  "591 1 774 324 554 2156 3 767 212 1 1 1"
      ;;
    64)
      test-tcas  "669 1 854 940 310 6763 1 118 909 0 0 1"
      ;;
esac
