#!/bin/bash
set -euo pipefail
SCRIPT_DIR=$(cd "$(dirname "${BASH_SOURCE[0]}")" && pwd)
test-tcas () {
    diff -q <(${ANGELIX_RUN:-eval} ./tcas $1) <($SCRIPT_DIR/../golden/tcas $1) > /dev/null
}

case "$1" in
    1)
      test-tcas  "0 0 0 0 0 0 0 0 0 0 1 0"
      ;;
    2)
      test-tcas  "2272 1 0 6096 16 4336 0 -10000 6256 0 1 0"
      ;;
    3)
      test-tcas  "2896 1 1 -9200 80 -9040 0 -4196 1776 0 2 1"
      ;;
    4)
      test-tcas  "3248 1 1 6320 -6576 -9552 0 -3 -3568 0 2 0"
      ;;
    5)
      test-tcas  "8304 1 1 -9999 80 -9999 0 -9040 -9040 0 2 0"
      ;;
    6)
      test-tcas  "6256 1 1 6257 112 -1776 0 4348 4448 0 2 1"
      ;;
    7)
      test-tcas  "3184 1 1 -432 80 2288 1 -9843 -9843 0 2 0"
      ;;
    8)
      test-tcas  "2064 1 1 2737 336 -5888 0 -51 49 0 2 1"
      ;;
    9)
      test-tcas  "6320 1 1 2384 -7600 2928 1 6112 6212 0 2 1"
      ;;
    10)
      test-tcas  "2064 1 1 2737 336 -5888 1 -51 49 0 2 1"
      ;;
    11)
      test-tcas  "2064 1 1 2737 336 -5888 3 -51 49 0 2 1"
      ;;
    12)
      test-tcas  "3320 1 1 2288 336 -6416 1 408 5872 0 2 1"
      ;;
    13)
      test-tcas  "3248 1 1 4337 -5520 -1872 1 6399 6499 0 2 1"
      ;;
    14)
      test-tcas  "3320 1 1 2288 336 -6416 3 408 5872 0 2 1"
      ;;
    15)
      test-tcas  "696 1 1 6256 240 2736 3 3228 3261 0 2 0"
      ;;
    16)
      test-tcas  "3192 1 1 6321 80 6320 1 6264 7408 0 2 1"
      ;;
    17)
      test-tcas  "752 1 1 7281 80 -10000 3 6259 6259 0 2 0"
      ;;
    18)
      test-tcas  "3192 1 1 6368 -6064 2288 0 6264 7408 0 2 1"
      ;;
    19)
      test-tcas  "3184 1 1 -432 80 2288 0 -9843 -9843 0 2 0"
      ;;
    20)
      test-tcas  "4344 1 1 -6191 240 -7984 2 2168 5872 0 2 1"
      ;;
    21)
      test-tcas  "3320 1 1 2288 336 -6416 2 408 5872 0 2 1"
      ;;
    22)
      test-tcas  "3320 1 1 2288 336 -6416 0 280 5872 0 2 1"
      ;;
    23)
      test-tcas  "3184 1 1 2289 -5552 624 2 6268 6368 0 2 1"
      ;;
    24)
      test-tcas  "2288 1 1 2289 16 2272 2 528 528 0 2 0"
      ;;
    25)
      test-tcas  "6320 1 1 3536 -10000 6384 0 8089 2288 0 2 1"
      ;;
    26)
      test-tcas  "2576 1 1 -880 -1520 5296 1 -355 -10000 0 2 1"
      ;;
    27)
      test-tcas  "2272 1 1 -10000 -7344 2272 1 9113 2288 0 2 1"
      ;;
    28)
      test-tcas  "3824 1 1 -9264 -9616 -9263 0 2412 2512 0 2 1"
      ;;
    29)
      test-tcas  "2576 1 1 -880 -1520 5296 0 -355 -10000 0 2 1"
      ;;
    30)
      test-tcas  "3184 1 1 -432 80 2288 2 -9843 -9843 0 2 0"
      ;;
    31)
      test-tcas  "2576 1 1 -880 -1520 5296 2 -355 -10000 0 2 1"
      ;;
    32)
      test-tcas  "2224 1 1 1424 -7568 2288 3 3973 3973 0 2 0"
      ;;
    33)
      test-tcas  "3184 1 1 -7280 16 -5488 2 5167 5167 0 2 0"
      ;;
    34)
      test-tcas  "3184 1 1 -432 80 2288 3 -9843 -9843 0 2 0"
      ;;
    35)
      test-tcas  "3184 1 1 -3952 80 2272 2 9113 2288 0 2 1"
      ;;
    36)
      test-tcas  "2576 1 1 -880 -1520 5296 3 -355 -10000 0 2 1"
      ;;
    37)
      test-tcas  "6256 1 1 -816 -6384 6368 3 9113 2288 0 2 1"
      ;;
esac
