#!/bin/bash
set -euo pipefail
SCRIPT_DIR=$(cd "$(dirname "${BASH_SOURCE[0]}")" && pwd)
test-tcas () {
    diff -q <(${ANGELIX_RUN:-eval} ./tcas $1) <($SCRIPT_DIR/../golden/tcas $1) > /dev/null
}

case "$1" in
    1)
      test-tcas  "80 1 0 -2830 -272 -2831 2 6268 6368 0 2 0"
      ;;
    2)
      test-tcas  "-123 1 0 6289 567 6288 1 3292 3292 0 2 0"
      ;;
    3)
      test-tcas  "512 1 0 -5001 33 -5018 3 1944 3296 0 2 1"
      ;;
    4)
      test-tcas  "6368 1 0 -9136 -8352 -10000 1 1264 4080 0 2 0"
      ;;
    5)
      test-tcas  "-8813 1 0 -9987 -9029 -9988 0 2752 3056 0 2 0"
      ;;
    6)
      test-tcas  "680 1 0 -688 56 -2864 3 1808 6256 0 2 0"
      ;;
    7)
      test-tcas  "5932 1 0 -272 -9888 -9488 0 2096 2288 0 2 1"
      ;;
    8)
      test-tcas  "1391 1 0 -1824 -8081 -10000 2 644 646 0 2 0"
      ;;
    9)
      test-tcas  "-96 1 0 -2830 -96 -2831 2 6268 6368 0 2 0"
      ;;
    10)
      test-tcas  "222 1 0 6289 222 6288 1 3292 3292 0 2 0"
      ;;
    11)
      test-tcas  "272 1 0 -5001 272 -5018 3 1944 3296 0 2 1"
      ;;
    12)
      test-tcas  "-992 1 0 -9136 -992 -10000 1 1264 4080 0 2 0"
      ;;
    13)
      test-tcas  "-8921 1 0 -9987 -8921 -9988 0 2752 3056 0 2 0"
      ;;
    14)
      test-tcas  "368 1 0 -688 368 -2864 3 1808 6256 0 2 0"
      ;;
    15)
      test-tcas  "-1978 1 0 -272 -1978 -9488 0 2096 2288 0 2 1"
      ;;
    16)
      test-tcas  "-3345 1 0 -1824 -3345 -10000 2 644 646 0 2 0"
      ;;
    17)
      test-tcas  "-7679 1 0 3184 5631 2288 2 2288 6384 0 2 0"
      ;;
    18)
      test-tcas  "6169 1 0 -9120 -9391 -9136 2 9900 10000 0 2 1"
      ;;
    19)
      test-tcas  "640 1 0 -9719 592 -9720 2 1212 8829 0 2 0"
      ;;
    20)
      test-tcas  "-3968 1 0 6256 3968 2272 2 8316 8417 0 2 1"
      ;;
    21)
      test-tcas  "-7679 1 0 2736 5631 2736 2 2288 6384 0 2 0"
      ;;
    22)
      test-tcas  "-1611 1 0 -9120 -1611 -9136 2 9900 10000 0 2 1"
      ;;
    23)
      test-tcas  "616 1 0 -9719 616 -9720 2 1212 8829 0 2 0"
      ;;
    24)
      test-tcas  "-3968 1 0 4264 3968 4264 2 8316 8417 0 2 1"
      ;;
    25)
      test-tcas  "-7093 1 0 2301 7649 2300 1 4056 6256 0 2 1"
      ;;
    26)
      test-tcas  "1759 1 0 -4912 -8945 -8080 1 2288 6256 0 2 0"
      ;;
    27)
      test-tcas  "644 1 0 7364 572 -9009 1 5388 7376 0 2 1"
      ;;
    28)
      test-tcas  "2839 1 0 9440 -2337 7376 1 2064 6256 0 2 1"
      ;;
    29)
      test-tcas  "-7093 1 0 2300 7649 2300 1 4056 6256 0 2 1"
      ;;
    30)
      test-tcas  "-3593 1 0 -4912 -3593 -8080 1 2288 6256 0 2 0"
      ;;
    31)
      test-tcas  "608 1 0 7364 608 -9009 1 5388 7376 0 2 1"
      ;;
    32)
      test-tcas  "251 1 0 9440 251 7376 1 2064 6256 0 2 1"
      ;;
    33)
      test-tcas  "-9817 1 0 8304 9831 6320 3 3992 7376 0 2 1"
      ;;
    34)
      test-tcas  "8192 1 0 -1936 -7168 -10000 3 7168 10000 0 2 0"
      ;;
    35)
      test-tcas  "626 1 0 8695 598 8622 3 7422 8392 0 2 0"
      ;;
    36)
      test-tcas  "-5754 1 0 8304 6369 2288 3 6832 6840 0 2 0"
      ;;
    37)
      test-tcas  "-9817 1 0 7312 9831 7312 3 3992 7376 0 2 1"
      ;;
    38)
      test-tcas  "512 1 0 -1936 512 -10000 3 7168 10000 0 2 0"
      ;;
    39)
      test-tcas  "612 1 0 8695 612 8622 3 7422 8392 0 2 0"
      ;;
    40)
      test-tcas  "-5754 1 0 5296 6369 5296 3 6832 6840 0 2 0"
      ;;
    41)
      test-tcas  "325 1 0 6368 -437 6352 1 6256 7280 0 2 1"
      ;;
    42)
      test-tcas  "4346 1 0 8416 -2298 3424 1 2184 2288 0 2 1"
      ;;
    43)
      test-tcas  "4336 1 0 -1392 -1936 -8592 1 500 2288 0 2 0"
      ;;
    44)
      test-tcas  "-56 1 0 6368 -56 6352 1 6256 7280 0 2 1"
      ;;
    45)
      test-tcas  "1024 1 0 8416 1024 3424 1 2184 2288 0 2 1"
      ;;
    46)
      test-tcas  "1200 1 0 -1392 1200 -8592 1 500 2288 0 2 0"
      ;;
    47)
      test-tcas  "85 1 0 2288 1047 -5904 0 6392 6492 0 2 1"
      ;;
    48)
      test-tcas  "5898 1 0 -3856 -9998 -9264 0 7896 8048 0 2 1"
      ;;
    49)
      test-tcas  "640 1 1 5874 576 5872 0 2128 5110 0 2 1"
      ;;
    50)
      test-tcas  "6157 1 0 -1936 -6259 -5920 0 6748 6896 0 2 1"
      ;;
    51)
      test-tcas  "85 1 0 -1808 1047 -1808 0 6392 6492 0 2 1"
      ;;
    52)
      test-tcas  "-2050 1 0 -3856 -2050 -9264 0 7896 8048 0 2 1"
      ;;
    53)
      test-tcas  "608 1 1 5874 608 5872 0 2128 5110 0 2 1"
      ;;
    54)
      test-tcas  "-51 1 0 -1936 -51 -5920 0 6748 6896 0 2 1"
      ;;
    55)
      test-tcas  "-173 1 0 7312 600 2288 3 2032 2288 0 2 0"
      ;;
    56)
      test-tcas  "10000 1 0 -9999 -1835 -10000 3 2168 2288 0 2 1"
      ;;
    57)
      test-tcas  "2329 1 0 8368 9609 432 3 5016 5296 0 2 1"
      ;;
    58)
      test-tcas  "213 1 0 7312 213 2288 3 2032 2288 0 2 0"
      ;;
    59)
      test-tcas  "4082 1 0 -9999 4082 -10000 3 2168 2288 0 2 1"
      ;;
    60)
      test-tcas  "2329 1 0 4400 9609 4400 3 5016 5296 0 2 1"
      ;;
    61)
      test-tcas  "-8342 1 0 -1806 157 -1840 0 2288 2296 0 2 0"
      ;;
    62)
      test-tcas  "7315 1 0 -783 299 -9104 0 400 2280 0 2 1"
      ;;
    63)
      test-tcas  "-7662 1 0 7280 7598 3408 0 400 2288 0 2 0"
      ;;
    64)
      test-tcas  "-4092 1 0 -1806 -4092 -1840 0 2288 2296 0 2 0"
      ;;
    65)
      test-tcas  "3807 1 0 -783 3807 -9104 0 400 2280 0 2 1"
      ;;
    66)
      test-tcas  "-7662 1 0 5344 7598 5344 0 400 2288 0 2 0"
      ;;
    67)
      test-tcas  "-8327 1 0 6256 -8636 5488 2 724 2288 0 2 0"
      ;;
    68)
      test-tcas  "4127 1 0 3184 591 2272 2 2256 6512 0 2 0"
      ;;
    69)
      test-tcas  "-2032 1 0 -880 5533 -7952 2 2300 6352 0 2 1"
      ;;
    70)
      test-tcas  "-8481 1 0 6256 -8481 5488 2 724 2288 0 2 0"
      ;;
    71)
      test-tcas  "2359 1 0 3184 2359 2272 2 2256 6512 0 2 0"
      ;;
    72)
      test-tcas  "-2032 1 0 -4416 5533 -4416 2 2300 6352 0 2 1"
      ;;
esac
