#!/bin/bash
set -euo pipefail
SCRIPT_DIR=$(cd "$(dirname "${BASH_SOURCE[0]}")" && pwd)
test-tcas () {
    diff -q <(${ANGELIX_RUN:-eval} ./tcas $1) <($SCRIPT_DIR/../golden/tcas $1) > /dev/null
}

case "$1" in
    1)
      test-tcas  "398 0 0 979 281 5617 0 794 546 1 0 1"
      ;;
    2)
      test-tcas  "719 0 350 477 130 7427 2 135 585 0 1 1"
      ;;
    3)
      test-tcas  "33 0 590 867 508 624 0 687 612 1 1 1"
      ;;
    4)
      test-tcas  "728 1 86 790 960 3988 1 108 534 0 0 1"
      ;;
    5)
      test-tcas  "7 0 862 733 182 9315 0 917 69 1 0 1"
      ;;
    6)
      test-tcas  "552 1 889 899 731 3232 1 656 17 0 1 0"
      ;;
    7)
      test-tcas  "149 0 972 918 284 3287 3 406 160 0 1 1"
      ;;
    8)
      test-tcas  "167 1 917 903 790 7469 1 929 554 1 0 1"
      ;;
    9)
      test-tcas  "45 1 279 322 43 3335 2 358 82 1 0 1"
      ;;
    10)
      test-tcas  "995 1 812 157 133 4584 2 987 975 1 1 1"
      ;;
    11)
      test-tcas  "787 1 808 722 846 9324 2 290 501 0 0 0"
      ;;
    12)
      test-tcas  "978 1 778 451 451 5308 0 869 325 1 0 1"
      ;;
    13)
      test-tcas  "86 0 402 794 359 3207 0 568 990 0 0 1"
      ;;
    14)
      test-tcas  "86 0 414 254 935 9390 2 450 653 1 0 1"
      ;;
    15)
      test-tcas  "217 1 987 357 261 4828 1 854 651 1 0 1"
      ;;
    16)
      test-tcas  "392 0 341 160 838 6564 2 134 578 0 1 1"
      ;;
    17)
      test-tcas  "555 0 654 627 202 2653 0 111 401 0 1 1"
      ;;
    18)
      test-tcas  "69 1 957 946 44 718 1 649 738 1 0 0"
      ;;
    19)
      test-tcas  "697 1 467 496 850 4095 0 70 671 1 1 1"
      ;;
    20)
      test-tcas  "946 0 858 899 130 8150 3 479 496 1 1 1"
      ;;
    21)
      test-tcas  "415 0 200 125 160 2561 2 315 530 1 1 0"
      ;;
    22)
      test-tcas  "482 0 744 304 676 3327 3 701 531 1 0 1"
      ;;
    23)
      test-tcas  "933 1 429 369 221 886 2 389 459 1 1 0"
      ;;
    24)
      test-tcas  "286 1 863 255 815 8025 0 266 175 0 0 1"
      ;;
    25)
      test-tcas  "280 0 656 822 320 3290 2 561 280 1 0 0"
      ;;
    26)
      test-tcas  "551 0 309 182 270 2267 3 987 619 1 0 0"
      ;;
    27)
      test-tcas  "713 1 417 495 80 514 2 175 989 0 1 0"
      ;;
    28)
      test-tcas  "22 1 724 756 379 7948 2 782 375 0 1 0"
      ;;
    29)
      test-tcas  "449 0 534 417 800 5285 3 720 489 0 1 0"
      ;;
    30)
      test-tcas  "375 0 219 68 837 8543 2 920 587 1 0 0"
      ;;
    31)
      test-tcas  "218 0 966 683 364 7748 0 25 458 0 0 0"
      ;;
    32)
      test-tcas  "123 0 569 235 181 809 3 333 85 1 0 1"
      ;;
    33)
      test-tcas  "368 0 927 719 343 3023 1 236 864 1 0 1"
      ;;
    34)
      test-tcas  "419 0 992 839 230 6858 0 234 294 1 1 1"
      ;;
    35)
      test-tcas  "518 1 217 805 162 5538 0 480 866 1 1 1"
      ;;
    36)
      test-tcas  "381 1 71 844 1 7528 0 604 373 1 0 0"
      ;;
    37)
      test-tcas  "23 1 934 119 448 7269 0 350 87 0 0 1"
      ;;
    38)
      test-tcas  "808 0 625 904 839 421 0 294 193 1 1 0"
      ;;
    39)
      test-tcas  "725 0 22 839 939 9561 1 642 526 0 1 0"
      ;;
    40)
      test-tcas  "408 0 595 204 756 8527 1 792 49 0 0 0"
      ;;
    41)
      test-tcas  "749 1 318 77 561 656 0 970 590 0 0 0"
      ;;
    42)
      test-tcas  "914 1 238 245 219 7825 3 921 200 0 1 0"
      ;;
    43)
      test-tcas  "340 1 40 673 564 3587 0 175 993 1 1 1"
      ;;
    44)
      test-tcas  "695 0 211 212 904 4762 0 2 626 0 1 1"
      ;;
    45)
      test-tcas  "975 0 908 127 814 1590 2 684 521 1 1 1"
      ;;
    46)
      test-tcas  "755 0 328 851 133 7000 1 245 620 1 1 1"
      ;;
    47)
      test-tcas  "266 0 314 192 636 666 3 205 917 0 1 0"
      ;;
    48)
      test-tcas  "217 1 70 979 16 3342 3 421 78 0 1 1"
      ;;
esac
