#!/bin/bash
set -euo pipefail
SCRIPT_DIR=$(cd "$(dirname "${BASH_SOURCE[0]}")" && pwd)
test-tcas () {
    diff -q <(${ANGELIX_RUN:-eval} ./tcas $1) <($SCRIPT_DIR/../golden/tcas $1) > /dev/null
}

case "$1" in
    1)
      test-tcas  "495 0 176 777 606 2156 2 409 188 1 0 1"
      ;;
    2)
      test-tcas  "749 0 443 990 970 2819 3 978 728 0 1 0"
      ;;
    3)
      test-tcas  "492 0 165 676 903 5219 1 490 392 0 0 0"
      ;;
    4)
      test-tcas  "4 1 449 141 241 1799 0 308 589 1 1 1"
      ;;
    5)
      test-tcas  "592 0 74 149 786 5305 3 655 536 1 1 1"
      ;;
    6)
      test-tcas  "833 1 589 404 428 7020 3 791 217 1 0 1"
      ;;
    7)
      test-tcas  "699 0 966 662 438 3923 1 91 896 1 1 1"
      ;;
    8)
      test-tcas  "696 1 633 494 387 5614 1 848 15 0 0 0"
      ;;
    9)
      test-tcas  "368 0 957 293 610 6485 3 299 88 0 1 0"
      ;;
    10)
      test-tcas  "523 1 778 779 464 9164 2 20 810 1 1 1"
      ;;
    11)
      test-tcas  "483 1 543 3 818 1749 2 640 50 1 1 1"
      ;;
    12)
      test-tcas  "344 1 793 728 205 3796 1 730 694 1 0 1"
      ;;
    13)
      test-tcas  "860 0 396 998 946 4382 2 662 463 0 0 0"
      ;;
    14)
      test-tcas  "939 0 825 736 258 9863 0 329 776 1 0 0"
      ;;
    15)
      test-tcas  "49 1 78 363 886 9215 0 785 619 0 1 1"
      ;;
    16)
      test-tcas  "913 0 454 653 228 1015 3 100 980 1 1 0"
      ;;
    17)
      test-tcas  "841 1 384 357 108 8217 0 108 999 1 1 1"
      ;;
    18)
      test-tcas  "832 0 806 536 492 4984 2 139 283 1 1 0"
      ;;
    19)
      test-tcas  "244 1 252 74 292 3774 3 399 77 0 1 1"
      ;;
    20)
      test-tcas  "287 0 808 426 247 861 2 273 20 1 1 1"
      ;;
    21)
      test-tcas  "940 1 443 353 414 4302 0 552 100 1 0 0"
      ;;
    22)
      test-tcas  "59 1 910 198 293 188 2 441 155 0 1 0"
      ;;
    23)
      test-tcas  "479 1 441 129 914 764 3 57 875 1 1 1"
      ;;
    24)
      test-tcas  "729 0 837 762 310 1661 2 205 635 1 0 0"
      ;;
    25)
      test-tcas  "736 1 273 633 847 5139 3 275 803 0 1 1"
      ;;
    26)
      test-tcas  "406 0 209 178 656 1754 3 303 239 0 0 0"
      ;;
    27)
      test-tcas  "372 1 192 110 132 4400 3 566 687 1 1 1"
      ;;
    28)
      test-tcas  "439 1 95 460 932 6067 1 415 536 0 1 0"
      ;;
    29)
      test-tcas  "330 0 433 975 314 6057 0 555 72 0 1 0"
      ;;
    30)
      test-tcas  "255 1 828 122 832 8695 1 567 854 1 0 1"
      ;;
    31)
      test-tcas  "614 1 482 570 447 3810 2 80 123 0 0 1"
      ;;
    32)
      test-tcas  "712 0 652 755 41 9443 1 830 391 0 1 0"
      ;;
    33)
      test-tcas  "876 1 560 949 3 4386 2 624 312 0 1 1"
      ;;
    34)
      test-tcas  "603 1 32 180 191 1162 3 238 850 1 0 1"
      ;;
    35)
      test-tcas  "557 0 271 346 945 9097 3 263 418 1 1 1"
      ;;
    36)
      test-tcas  "190 1 695 971 137 2041 1 91 246 1 1 1"
      ;;
    37)
      test-tcas  "604 0 618 262 331 6175 3 429 606 0 0 0"
      ;;
    38)
      test-tcas  "925 1 724 387 64 137 1 64 760 1 0 1"
      ;;
    39)
      test-tcas  "26 1 827 316 113 2457 0 29 593 1 0 0"
      ;;
    40)
      test-tcas  "715 0 292 5 184 9961 1 786 785 1 1 1"
      ;;
    41)
      test-tcas  "795 1 689 302 997 5443 2 715 173 0 0 1"
      ;;
    42)
      test-tcas  "393 1 846 611 47 3417 0 808 548 1 0 1"
      ;;
    43)
      test-tcas  "855 1 352 101 504 9321 1 345 590 0 1 0"
      ;;
    44)
      test-tcas  "274 1 817 116 710 9905 1 132 940 1 1 0"
      ;;
    45)
      test-tcas  "250 1 793 372 632 972 1 929 553 0 1 0"
      ;;
    46)
      test-tcas  "927 1 198 570 287 2884 0 711 456 1 0 0"
      ;;
    47)
      test-tcas  "640 0 377 203 739 4546 3 605 875 0 0 1"
      ;;
    48)
      test-tcas  "554 1 531 540 643 2714 1 595 355 1 0 1"
      ;;
esac
