#!/bin/bash
set -euo pipefail
SCRIPT_DIR=$(cd "$(dirname "${BASH_SOURCE[0]}")" && pwd)
test-tcas () {
    diff -q <(${ANGELIX_RUN:-eval} ./tcas $1) <($SCRIPT_DIR/../golden/tcas $1) > /dev/null
}

case "$1" in
    1)
      test-tcas  "290 0 614 17 429 9693 0 377 829 1 0 0"
      ;;
    2)
      test-tcas  "224 1 363 469 815 9951 0 883 719 0 0 1"
      ;;
    3)
      test-tcas  "739 0 294 510 528 8461 2 26 103 1 0 1"
      ;;
    4)
      test-tcas  "626 1 462 76 490 6883 3 863 71 1 1 1"
      ;;
    5)
      test-tcas  "938 0 204 606 926 5696 3 557 239 0 1 0"
      ;;
    6)
      test-tcas  "667 1 643 340 79 5451 2 918 587 1 0 0"
      ;;
    7)
      test-tcas  "151 0 453 200 967 859 0 471 638 1 0 1"
      ;;
    8)
      test-tcas  "34 1 757 679 713 5829 0 380 976 1 1 0"
      ;;
    9)
      test-tcas  "946 1 902 688 529 884 2 913 773 0 0 1"
      ;;
    10)
      test-tcas  "919 1 606 531 404 9939 1 321 158 1 0 0"
      ;;
    11)
      test-tcas  "832 0 713 102 981 1100 0 800 826 0 1 1"
      ;;
    12)
      test-tcas  "936 0 528 82 61 6034 0 812 399 0 0 0"
      ;;
    13)
      test-tcas  "770 0 374 288 528 4573 1 305 568 1 1 0"
      ;;
    14)
      test-tcas  "431 0 672 413 351 5435 0 379 73 1 1 0"
      ;;
    15)
      test-tcas  "392 0 464 226 674 444 0 687 54 0 1 1"
      ;;
    16)
      test-tcas  "635 0 889 840 746 8247 0 272 256 1 0 1"
      ;;
    17)
      test-tcas  "24 0 696 885 757 4357 0 726 988 1 1 1"
      ;;
    18)
      test-tcas  "388 1 372 436 351 7395 2 431 631 0 1 0"
      ;;
    19)
      test-tcas  "843 0 10 210 776 6562 3 237 838 0 1 0"
      ;;
    20)
      test-tcas  "383 1 456 961 347 2816 1 250 401 1 1 1"
      ;;
    21)
      test-tcas  "766 1 745 141 968 5775 2 438 44 0 1 1"
      ;;
    22)
      test-tcas  "158 0 229 735 137 136 0 532 186 1 0 0"
      ;;
    23)
      test-tcas  "915 1 161 756 863 9388 3 142 910 1 1 0"
      ;;
    24)
      test-tcas  "298 1 858 157 542 681 1 239 122 0 1 1"
      ;;
    25)
      test-tcas  "729 0 856 932 769 3110 3 32 17 0 0 0"
      ;;
    26)
      test-tcas  "557 1 777 904 632 2141 2 917 616 0 0 0"
      ;;
    27)
      test-tcas  "87 0 832 129 905 5621 2 518 254 0 0 0"
      ;;
    28)
      test-tcas  "870 0 148 24 33 1741 1 913 474 0 1 0"
      ;;
    29)
      test-tcas  "16 0 254 179 656 6335 1 911 793 1 1 0"
      ;;
    30)
      test-tcas  "463 0 234 448 798 6241 3 763 382 1 1 1"
      ;;
    31)
      test-tcas  "822 1 172 197 649 6848 2 918 613 0 1 0"
      ;;
    32)
      test-tcas  "541 1 603 644 186 5610 2 354 931 1 1 1"
      ;;
    33)
      test-tcas  "753 1 742 979 627 9169 3 705 402 0 0 0"
      ;;
    34)
      test-tcas  "245 1 305 417 936 9696 1 758 669 1 1 0"
      ;;
    35)
      test-tcas  "507 0 707 525 333 6303 1 17 935 0 0 0"
      ;;
    36)
      test-tcas  "870 0 420 112 874 9754 2 829 884 1 1 1"
      ;;
    37)
      test-tcas  "197 1 179 537 868 3289 1 109 262 0 1 1"
      ;;
    38)
      test-tcas  "536 1 645 700 948 9137 2 964 98 0 0 0"
      ;;
    39)
      test-tcas  "602 0 3 25 233 9264 3 477 293 0 1 1"
      ;;
    40)
      test-tcas  "786 1 807 497 27 11 3 619 461 1 1 1"
      ;;
    41)
      test-tcas  "796 1 208 398 34 3657 1 644 636 1 1 0"
      ;;
    42)
      test-tcas  "833 0 458 518 53 5411 1 483 538 1 0 0"
      ;;
    43)
      test-tcas  "497 1 352 644 543 2075 3 484 751 0 1 1"
      ;;
    44)
      test-tcas  "408 1 968 714 392 8492 3 400 184 0 0 0"
      ;;
    45)
      test-tcas  "719 0 764 484 604 9992 1 847 791 1 1 0"
      ;;
    46)
      test-tcas  "431 0 740 570 463 3294 2 430 483 0 0 0"
      ;;
    47)
      test-tcas  "577 0 974 618 80 4805 0 463 691 0 1 1"
      ;;
    48)
      test-tcas  "968 1 483 837 999 3868 0 670 957 1 0 0"
      ;;
esac
