#!/bin/bash
set -euo pipefail
SCRIPT_DIR=$(cd "$(dirname "${BASH_SOURCE[0]}")" && pwd)
test-tcas () {
    diff -q <(${ANGELIX_RUN:-eval} ./tcas $1) <($SCRIPT_DIR/../golden/tcas $1) > /dev/null
}

case "$1" in
    1)
      test-tcas  "711 0 969 216 42 6879 2 805 197 0 0 1"
      ;;
    2)
      test-tcas  "661 1 975 611 487 4491 3 397 473 0 0 0"
      ;;
    3)
      test-tcas  "120 0 723 534 528 7887 0 132 36 1 0 1"
      ;;
    4)
      test-tcas  "525 1 777 616 6 607 3 758 322 0 0 0"
      ;;
    5)
      test-tcas  "534 1 977 694 840 6693 0 753 672 1 1 1"
      ;;
    6)
      test-tcas  "961 1 529 397 437 2270 2 799 203 0 0 0"
      ;;
    7)
      test-tcas  "780 0 143 703 272 9126 2 319 284 1 1 1"
      ;;
    8)
      test-tcas  "773 1 928 859 41 5790 0 655 680 0 0 0"
      ;;
    9)
      test-tcas  "407 1 896 921 352 72 3 611 561 1 1 0"
      ;;
    10)
      test-tcas  "184 1 206 805 62 8901 0 997 191 0 0 1"
      ;;
    11)
      test-tcas  "864 1 619 291 112 6621 1 634 452 0 1 0"
      ;;
    12)
      test-tcas  "826 0 81 761 64 1685 3 919 168 1 0 1"
      ;;
    13)
      test-tcas  "178 0 902 664 452 3835 2 526 704 1 0 1"
      ;;
    14)
      test-tcas  "260 0 623 746 588 9559 0 160 335 0 0 0"
      ;;
    15)
      test-tcas  "748 1 384 984 614 2627 2 429 546 1 1 0"
      ;;
    16)
      test-tcas  "754 1 457 876 240 9051 1 960 675 0 0 1"
      ;;
    17)
      test-tcas  "98 0 480 348 981 1757 0 692 120 0 1 1"
      ;;
    18)
      test-tcas  "288 0 973 938 563 9625 3 31 797 0 1 1"
      ;;
    19)
      test-tcas  "702 0 799 192 672 8414 2 59 526 1 1 1"
      ;;
    20)
      test-tcas  "40 0 447 321 307 7282 3 424 674 0 0 1"
      ;;
    21)
      test-tcas  "237 1 272 120 690 4400 1 720 564 0 1 0"
      ;;
    22)
      test-tcas  "805 0 260 940 934 8192 3 302 991 1 1 1"
      ;;
    23)
      test-tcas  "864 1 306 152 572 7395 1 361 558 1 0 0"
      ;;
    24)
      test-tcas  "104 0 621 42 480 3087 2 868 582 1 0 1"
      ;;
    25)
      test-tcas  "398 0 496 369 801 9292 1 607 840 0 0 1"
      ;;
    26)
      test-tcas  "941 0 462 29 128 5672 2 972 685 1 0 1"
      ;;
    27)
      test-tcas  "470 1 685 257 436 6110 2 485 766 1 0 0"
      ;;
    28)
      test-tcas  "457 0 431 682 89 778 0 161 996 1 0 1"
      ;;
    29)
      test-tcas  "36 1 428 229 707 6456 1 803 366 0 0 0"
      ;;
    30)
      test-tcas  "946 0 141 432 648 515 3 167 747 1 0 0"
      ;;
    31)
      test-tcas  "838 1 136 105 547 8051 0 574 982 0 0 1"
      ;;
    32)
      test-tcas  "980 0 102 549 491 9160 0 112 308 0 0 1"
      ;;
    33)
      test-tcas  "680 0 456 556 294 4292 0 876 496 0 0 0"
      ;;
    34)
      test-tcas  "601 0 996 402 656 19 2 939 8 1 0 1"
      ;;
    35)
      test-tcas  "606 1 674 771 48 5352 2 785 12 0 1 0"
      ;;
    36)
      test-tcas  "837 1 219 171 719 18 0 813 201 1 0 0"
      ;;
    37)
      test-tcas  "363 0 189 869 399 813 2 268 92 0 0 1"
      ;;
    38)
      test-tcas  "1 0 854 639 71 246 0 538 761 1 0 0"
      ;;
    39)
      test-tcas  "724 0 341 801 526 3316 2 166 897 1 1 1"
      ;;
    40)
      test-tcas  "514 1 498 965 392 3212 0 209 523 1 0 0"
      ;;
    41)
      test-tcas  "552 1 147 773 885 5228 0 663 852 1 1 1"
      ;;
    42)
      test-tcas  "229 1 603 564 670 40 2 654 384 1 0 1"
      ;;
    43)
      test-tcas  "698 1 734 432 967 2809 2 875 677 0 1 0"
      ;;
    44)
      test-tcas  "489 0 256 487 382 3363 0 391 38 1 1 0"
      ;;
    45)
      test-tcas  "85 1 506 347 860 4881 3 437 893 1 0 1"
      ;;
    46)
      test-tcas  "396 0 566 935 688 4142 3 134 598 0 0 0"
      ;;
    47)
      test-tcas  "595 1 351 530 598 5490 0 245 166 1 0 1"
      ;;
    48)
      test-tcas  "26 1 69 791 732 3157 0 107 558 0 0 0"
      ;;
esac
