#!/bin/bash
set -euo pipefail
SCRIPT_DIR=$(cd "$(dirname "${BASH_SOURCE[0]}")" && pwd)
test-tcas () {
    diff -q <(${ANGELIX_RUN:-eval} ./tcas $1) <($SCRIPT_DIR/../golden/tcas $1) > /dev/null
}

case "$1" in
    1)
      test-tcas  "669 0 349 2 456 4463 2 335 310 1 1 1"
      ;;
    2)
      test-tcas  "285 1 128 663 464 7784 0 101 451 1 0 0"
      ;;
    3)
      test-tcas  "96 1 400 34 11 4512 0 233 797 0 0 1"
      ;;
    4)
      test-tcas  "678 0 89 884 406 9268 2 492 892 1 0 1"
      ;;
    5)
      test-tcas  "7 0 888 199 382 9564 1 556 859 1 1 1"
      ;;
    6)
      test-tcas  "417 0 405 868 63 7255 0 630 146 1 1 1"
      ;;
    7)
      test-tcas  "9 1 860 755 729 804 2 505 907 1 1 1"
      ;;
    8)
      test-tcas  "159 0 724 169 954 8688 3 706 971 1 0 0"
      ;;
    9)
      test-tcas  "937 1 890 712 253 8621 0 450 324 1 0 0"
      ;;
    10)
      test-tcas  "642 1 931 945 138 1274 2 794 214 0 1 0"
      ;;
    11)
      test-tcas  "174 0 645 233 476 919 0 396 353 1 1 0"
      ;;
    12)
      test-tcas  "849 0 477 502 267 8832 0 865 343 1 1 0"
      ;;
    13)
      test-tcas  "209 1 503 516 340 8368 1 696 253 1 0 0"
      ;;
    14)
      test-tcas  "663 1 479 589 172 3415 0 251 354 1 1 1"
      ;;
    15)
      test-tcas  "244 1 985 475 845 4408 0 221 261 0 0 0"
      ;;
    16)
      test-tcas  "432 1 976 377 277 8238 3 394 246 1 0 1"
      ;;
    17)
      test-tcas  "898 0 985 834 137 235 3 466 180 1 1 1"
      ;;
    18)
      test-tcas  "145 1 955 364 406 7935 1 977 486 0 1 1"
      ;;
    19)
      test-tcas  "328 1 59 458 238 7576 0 286 648 0 0 0"
      ;;
    20)
      test-tcas  "135 0 14 656 795 5159 0 772 158 1 1 0"
      ;;
    21)
      test-tcas  "315 1 244 9 847 4509 2 252 398 1 1 1"
      ;;
    22)
      test-tcas  "505 1 790 347 360 5070 3 791 723 0 1 1"
      ;;
    23)
      test-tcas  "136 1 188 288 904 2111 0 817 65 1 0 0"
      ;;
    24)
      test-tcas  "704 0 520 953 531 1708 3 595 578 0 0 0"
      ;;
    25)
      test-tcas  "267 1 552 822 842 2192 0 778 351 0 0 0"
      ;;
    26)
      test-tcas  "941 1 359 125 221 2791 3 831 840 0 0 0"
      ;;
    27)
      test-tcas  "237 0 952 567 713 8916 1 730 607 1 0 0"
      ;;
    28)
      test-tcas  "365 1 323 101 720 1960 1 349 50 0 1 1"
      ;;
    29)
      test-tcas  "186 1 935 786 625 9548 1 494 137 0 1 1"
      ;;
    30)
      test-tcas  "200 0 972 611 593 9988 3 492 722 1 0 1"
      ;;
    31)
      test-tcas  "934 0 724 470 170 2130 1 723 786 1 0 1"
      ;;
    32)
      test-tcas  "268 0 225 202 871 8987 0 383 921 1 1 0"
      ;;
    33)
      test-tcas  "625 0 741 878 774 347 2 152 620 0 0 0"
      ;;
    34)
      test-tcas  "579 1 899 197 112 6117 0 319 309 0 0 1"
      ;;
    35)
      test-tcas  "251 1 144 25 163 8348 2 211 758 0 0 0"
      ;;
    36)
      test-tcas  "928 0 869 753 122 5848 1 595 336 1 1 0"
      ;;
    37)
      test-tcas  "612 0 881 242 369 814 1 962 660 1 1 1"
      ;;
    38)
      test-tcas  "675 1 955 734 418 2275 0 356 519 1 1 1"
      ;;
    39)
      test-tcas  "531 1 6 101 958 6033 2 581 431 0 0 0"
      ;;
    40)
      test-tcas  "149 1 910 361 712 5518 3 322 976 0 0 1"
      ;;
    41)
      test-tcas  "367 1 246 342 423 2257 0 834 957 1 0 0"
      ;;
    42)
      test-tcas  "358 0 136 854 3 8736 3 455 671 1 1 0"
      ;;
    43)
      test-tcas  "151 1 78 605 920 125 3 289 919 1 1 1"
      ;;
    44)
      test-tcas  "935 1 987 538 65 4766 0 940 32 0 0 0"
      ;;
    45)
      test-tcas  "888 1 799 76 782 6404 3 197 4 0 1 1"
      ;;
    46)
      test-tcas  "502 0 797 115 405 3923 1 37 889 1 1 1"
      ;;
    47)
      test-tcas  "848 1 346 385 486 6847 3 284 868 1 0 0"
      ;;
    48)
      test-tcas  "895 0 991 77 987 6977 1 668 914 1 0 0"
      ;;
    49)
      test-tcas  "892 1 850 340 28 8426 1 905 656 0 0 1"
      ;;
    50)
      test-tcas  "931 1 896 478 284 9828 1 815 992 0 1 1"
      ;;
    51)
      test-tcas  "156 0 184 339 863 3706 3 269 145 1 1 0"
      ;;
    52)
      test-tcas  "632 0 146 510 477 8916 1 79 207 0 1 1"
      ;;
    53)
      test-tcas  "630 0 993 557 865 2663 1 722 812 1 0 1"
      ;;
    54)
      test-tcas  "125 1 772 625 844 8873 1 975 382 1 1 0"
      ;;
    55)
      test-tcas  "464 1 948 233 975 9682 2 282 389 1 0 1"
      ;;
    56)
      test-tcas  "617 0 375 147 653 6446 3 823 353 0 1 1"
      ;;
    57)
      test-tcas  "50 1 234 661 489 6040 0 892 712 1 0 1"
      ;;
    58)
      test-tcas  "151 1 984 598 130 7226 3 306 409 0 0 1"
      ;;
    59)
      test-tcas  "178 0 500 722 142 625 1 126 924 1 1 0"
      ;;
    60)
      test-tcas  "62 1 479 201 286 4183 2 47 584 1 0 1"
      ;;
    61)
      test-tcas  "844 1 784 36 455 4180 1 284 341 1 0 0"
      ;;
    62)
      test-tcas  "335 1 701 277 685 9555 1 794 734 1 0 0"
      ;;
    63)
      test-tcas  "502 1 149 87 999 4836 0 117 536 0 1 1"
      ;;
    64)
      test-tcas  "271 0 611 493 451 4097 0 36 583 1 1 0"
      ;;
    65)
      test-tcas  "835 0 31 909 527 5213 3 628 456 0 1 0"
      ;;
    66)
      test-tcas  "177 0 136 189 69 225 1 174 171 1 0 1"
      ;;
    67)
      test-tcas  "331 0 533 165 154 3853 0 674 618 1 1 0"
      ;;
    68)
      test-tcas  "983 0 552 236 795 8066 2 546 389 0 0 0"
      ;;
    69)
      test-tcas  "248 1 189 711 15 6278 0 328 716 1 1 0"
      ;;
    70)
      test-tcas  "996 0 541 147 739 5951 1 933 529 1 0 1"
      ;;
esac
