#!/bin/bash
set -euo pipefail
SCRIPT_DIR=$(cd "$(dirname "${BASH_SOURCE[0]}")" && pwd)
test-tcas () {
    diff -q <(${ANGELIX_RUN:-eval} ./tcas $1) <($SCRIPT_DIR/../golden/tcas $1) > /dev/null
}

case "$1" in
    1)
      test-tcas  "280 1 900 571 706 6026 3 111 992 1 0 1"
      ;;
    2)
      test-tcas  "125 1 856 177 850 8150 1 447 12 1 1 1"
      ;;
    3)
      test-tcas  "248 1 316 882 59 4469 3 729 935 1 0 1"
      ;;
    4)
      test-tcas  "367 1 112 523 326 6486 0 354 11 0 0 1"
      ;;
    5)
      test-tcas  "434 0 546 709 743 1314 0 896 1 1 0 1"
      ;;
    6)
      test-tcas  "505 0 209 626 645 1360 3 121 717 1 1 0"
      ;;
    7)
      test-tcas  "79 1 448 778 516 2794 1 720 731 1 0 1"
      ;;
    8)
      test-tcas  "395 1 881 698 323 8868 3 553 922 0 0 0"
      ;;
    9)
      test-tcas  "226 0 58 292 504 5446 3 149 662 1 0 0"
      ;;
    10)
      test-tcas  "356 1 160 918 68 785 1 878 144 1 1 0"
      ;;
    11)
      test-tcas  "182 0 518 612 978 9732 1 853 678 1 0 1"
      ;;
    12)
      test-tcas  "696 0 687 6 407 4103 3 986 648 0 0 1"
      ;;
    13)
      test-tcas  "565 0 920 477 392 5992 0 930 358 0 0 0"
      ;;
    14)
      test-tcas  "20 0 3 875 969 9213 1 726 45 1 0 0"
      ;;
    15)
      test-tcas  "907 0 731 895 35 5977 0 943 43 1 1 0"
      ;;
    16)
      test-tcas  "445 0 588 609 907 1209 2 877 332 0 1 0"
      ;;
    17)
      test-tcas  "63 0 713 98 902 5680 1 48 614 1 0 1"
      ;;
    18)
      test-tcas  "65 1 707 294 180 1322 1 685 462 1 0 0"
      ;;
    19)
      test-tcas  "887 1 519 187 632 7737 3 235 204 0 0 1"
      ;;
    20)
      test-tcas  "277 1 354 463 682 7968 2 116 812 1 1 0"
      ;;
    21)
      test-tcas  "921 0 364 367 636 4125 1 923 323 1 1 1"
      ;;
    22)
      test-tcas  "820 1 823 150 450 9400 1 184 157 0 0 1"
      ;;
    23)
      test-tcas  "62 0 455 901 757 2389 2 444 132 1 1 0"
      ;;
    24)
      test-tcas  "637 0 726 833 427 2460 2 21 986 1 1 0"
      ;;
    25)
      test-tcas  "453 0 90 168 65 1169 2 163 847 0 0 1"
      ;;
    26)
      test-tcas  "910 0 464 776 508 4426 3 556 296 0 0 0"
      ;;
    27)
      test-tcas  "70 0 598 468 657 3238 3 250 492 0 0 0"
      ;;
    28)
      test-tcas  "879 0 487 516 865 7437 1 943 187 1 0 1"
      ;;
    29)
      test-tcas  "733 0 533 454 550 6813 2 369 502 1 0 0"
      ;;
    30)
      test-tcas  "296 0 843 524 754 7499 0 133 887 1 1 1"
      ;;
    31)
      test-tcas  "528 0 793 336 39 8377 0 784 881 0 1 1"
      ;;
    32)
      test-tcas  "623 1 848 295 318 2554 1 219 57 0 0 0"
      ;;
    33)
      test-tcas  "870 0 585 235 112 2750 3 663 921 0 0 1"
      ;;
    34)
      test-tcas  "323 1 884 380 82 6616 0 438 469 1 0 1"
      ;;
    35)
      test-tcas  "682 0 400 329 785 8653 1 572 691 0 1 1"
      ;;
    36)
      test-tcas  "863 0 654 116 153 9452 3 979 433 0 1 1"
      ;;
    37)
      test-tcas  "422 1 410 674 462 510 3 435 793 1 0 1"
      ;;
    38)
      test-tcas  "265 1 398 72 328 3809 0 971 558 0 0 0"
      ;;
    39)
      test-tcas  "946 1 974 844 671 9727 0 463 102 0 1 0"
      ;;
    40)
      test-tcas  "330 1 903 479 609 4687 1 294 723 0 1 1"
      ;;
    41)
      test-tcas  "426 1 147 768 784 1194 3 816 483 0 1 0"
      ;;
    42)
      test-tcas  "877 0 319 135 848 7624 0 99 344 1 0 0"
      ;;
    43)
      test-tcas  "812 0 380 403 582 3243 3 19 703 1 0 0"
      ;;
    44)
      test-tcas  "609 0 86 567 502 5520 3 173 304 0 1 0"
      ;;
    45)
      test-tcas  "564 1 815 137 761 1818 0 370 31 0 1 1"
      ;;
    46)
      test-tcas  "455 0 519 456 729 5960 0 538 148 0 1 1"
      ;;
    47)
      test-tcas  "639 1 852 46 741 2090 3 886 243 1 0 0"
      ;;
    48)
      test-tcas  "509 0 836 579 310 3550 3 912 404 0 0 0"
      ;;
    49)
      test-tcas  "958 1 903 405 375 3256 1 512 28 0 1 1"
      ;;
    50)
      test-tcas  "894 1 676 793 122 4252 3 935 123 0 1 0"
      ;;
    51)
      test-tcas  "831 1 494 78 434 4776 1 636 11 1 0 0"
      ;;
    52)
      test-tcas  "188 0 400 804 139 1202 2 280 7 1 1 0"
      ;;
    53)
      test-tcas  "89 1 153 681 941 4781 3 148 878 1 1 0"
      ;;
    54)
      test-tcas  "248 0 718 761 209 4015 0 48 721 1 0 1"
      ;;
    55)
      test-tcas  "877 1 721 658 743 3895 3 576 344 0 1 0"
      ;;
    56)
      test-tcas  "533 0 428 903 62 6065 0 70 248 0 1 1"
      ;;
    57)
      test-tcas  "355 0 36 638 906 216 0 37 925 1 0 1"
      ;;
    58)
      test-tcas  "306 1 328 797 299 6728 2 24 400 1 1 1"
      ;;
    59)
      test-tcas  "787 0 139 740 785 3699 2 38 763 0 1 1"
      ;;
    60)
      test-tcas  "290 0 569 921 339 8086 2 479 818 0 1 1"
      ;;
    61)
      test-tcas  "742 1 419 684 901 678 2 374 973 1 1 1"
      ;;
    62)
      test-tcas  "659 0 18 591 546 8081 1 273 98 1 0 1"
      ;;
    63)
      test-tcas  "394 1 376 861 945 1773 0 637 243 0 1 1"
      ;;
    64)
      test-tcas  "451 0 398 521 23 4611 3 848 871 1 0 1"
      ;;
    65)
      test-tcas  "142 1 917 742 544 8928 0 102 677 1 0 0"
      ;;
    66)
      test-tcas  "774 0 272 495 806 7565 0 439 956 0 1 0"
      ;;
    67)
      test-tcas  "44 0 341 271 626 9809 2 999 102 1 1 1"
      ;;
    68)
      test-tcas  "395 1 145 941 433 8278 3 245 939 0 0 1"
      ;;
    69)
      test-tcas  "785 0 450 115 498 322 1 436 318 1 1 1"
      ;;
    70)
      test-tcas  "579 0 244 402 118 8417 3 974 787 0 0 1"
      ;;
esac
