#!/bin/bash
set -euo pipefail
SCRIPT_DIR=$(cd "$(dirname "${BASH_SOURCE[0]}")" && pwd)
test-tcas () {
    diff -q <(${ANGELIX_RUN:-eval} ./tcas $1) <($SCRIPT_DIR/../golden/tcas $1) > /dev/null
}

case "$1" in
    1)
      test-tcas  "586 0 932 688 388 9571 0 277 155 0 1 1"
      ;;
    2)
      test-tcas  "167 1 844 694 289 7177 3 972 42 1 0 0"
      ;;
    3)
      test-tcas  "402 1 964 540 660 2824 3 666 313 0 0 0"
      ;;
    4)
      test-tcas  "968 0 6 670 653 6086 3 93 797 0 0 1"
      ;;
    5)
      test-tcas  "345 1 246 544 136 417 2 634 728 0 0 0"
      ;;
    6)
      test-tcas  "296 1 509 633 111 2332 0 203 371 1 0 0"
      ;;
    7)
      test-tcas  "816 0 948 87 686 9657 2 763 7 1 0 1"
      ;;
    8)
      test-tcas  "150 1 811 565 860 2818 2 365 689 1 0 1"
      ;;
    9)
      test-tcas  "870 0 833 944 188 23 3 917 345 0 0 0"
      ;;
    10)
      test-tcas  "619 1 127 356 399 3694 0 800 276 0 0 1"
      ;;
    11)
      test-tcas  "974 0 315 129 298 1755 3 765 718 1 1 1"
      ;;
    12)
      test-tcas  "901 0 298 890 743 3256 0 303 995 0 1 1"
      ;;
    13)
      test-tcas  "585 1 409 156 125 3447 2 2 907 1 1 0"
      ;;
    14)
      test-tcas  "882 0 751 330 743 8662 3 74 246 0 1 1"
      ;;
    15)
      test-tcas  "344 1 309 79 510 6384 2 486 916 1 1 0"
      ;;
    16)
      test-tcas  "719 0 948 548 809 472 2 775 806 1 0 0"
      ;;
    17)
      test-tcas  "953 0 602 877 845 5926 3 752 590 0 0 1"
      ;;
    18)
      test-tcas  "89 0 929 927 613 1559 3 937 741 0 1 1"
      ;;
    19)
      test-tcas  "48 1 359 34 604 2694 1 625 494 1 0 0"
      ;;
    20)
      test-tcas  "68 0 824 2 562 9393 2 17 77 0 1 0"
      ;;
    21)
      test-tcas  "613 1 600 411 33 8835 0 891 361 1 1 0"
      ;;
    22)
      test-tcas  "788 1 456 634 118 3232 3 735 163 0 0 0"
      ;;
    23)
      test-tcas  "755 1 881 734 667 7149 0 247 660 1 1 1"
      ;;
    24)
      test-tcas  "341 0 406 716 259 248 1 500 905 1 1 1"
      ;;
    25)
      test-tcas  "895 0 990 299 624 3335 0 979 110 0 0 0"
      ;;
    26)
      test-tcas  "588 1 163 593 642 7094 2 30 313 1 1 1"
      ;;
    27)
      test-tcas  "680 0 13 736 849 4147 3 110 179 0 0 1"
      ;;
    28)
      test-tcas  "814 1 226 679 287 5959 3 505 40 1 0 0"
      ;;
    29)
      test-tcas  "185 0 258 907 746 6721 0 953 892 0 1 1"
      ;;
    30)
      test-tcas  "421 1 275 981 828 6614 1 837 838 1 1 1"
      ;;
    31)
      test-tcas  "200 1 773 296 876 6847 3 311 495 1 1 0"
      ;;
    32)
      test-tcas  "82 0 804 499 647 8483 0 904 137 0 0 1"
      ;;
    33)
      test-tcas  "666 1 479 469 663 6469 0 763 789 0 1 1"
      ;;
    34)
      test-tcas  "39 1 803 710 442 9257 1 828 157 1 1 0"
      ;;
    35)
      test-tcas  "582 1 138 450 288 3177 3 775 201 0 0 0"
      ;;
    36)
      test-tcas  "493 1 389 600 54 9088 2 650 246 0 1 1"
      ;;
    37)
      test-tcas  "911 1 672 95 196 6969 3 582 876 1 1 1"
      ;;
    38)
      test-tcas  "248 1 496 972 586 1859 3 981 388 0 1 1"
      ;;
    39)
      test-tcas  "328 1 561 814 922 2051 2 66 383 0 0 0"
      ;;
    40)
      test-tcas  "63 1 991 978 151 7587 1 472 39 1 0 0"
      ;;
    41)
      test-tcas  "844 1 337 226 137 3961 3 98 809 1 0 0"
      ;;
    42)
      test-tcas  "382 1 844 104 784 2455 0 196 755 1 1 0"
      ;;
    43)
      test-tcas  "626 0 400 580 133 4771 0 39 324 0 0 0"
      ;;
    44)
      test-tcas  "382 1 223 59 337 5510 3 278 274 1 0 0"
      ;;
    45)
      test-tcas  "569 1 666 50 150 1662 1 395 519 1 1 1"
      ;;
    46)
      test-tcas  "518 0 626 295 424 3550 2 362 988 0 0 0"
      ;;
    47)
      test-tcas  "424 1 783 223 252 6628 0 816 67 1 1 1"
      ;;
    48)
      test-tcas  "6 1 438 122 703 8219 2 763 3 0 1 0"
      ;;
    49)
      test-tcas  "553 0 925 381 665 7592 3 911 527 0 0 0"
      ;;
    50)
      test-tcas  "920 0 514 617 72 1836 2 381 204 1 1 1"
      ;;
    51)
      test-tcas  "605 0 391 419 781 3702 1 602 347 1 0 1"
      ;;
    52)
      test-tcas  "842 1 674 819 585 979 1 729 13 1 0 0"
      ;;
    53)
      test-tcas  "680 1 523 482 249 90 2 972 365 0 0 0"
      ;;
    54)
      test-tcas  "238 1 226 895 137 9355 2 656 786 1 0 0"
      ;;
    55)
      test-tcas  "788 1 675 664 831 9851 3 826 384 1 1 0"
      ;;
    56)
      test-tcas  "16 0 889 267 236 3963 1 608 8 1 0 0"
      ;;
    57)
      test-tcas  "663 1 244 358 979 3533 1 425 613 0 0 1"
      ;;
    58)
      test-tcas  "923 0 731 902 414 1101 0 525 745 0 1 0"
      ;;
    59)
      test-tcas  "235 1 991 103 290 8899 0 119 41 0 0 1"
      ;;
    60)
      test-tcas  "733 0 7 226 98 1206 3 692 24 0 0 0"
      ;;
    61)
      test-tcas  "325 0 166 1 293 6242 3 832 52 1 1 0"
      ;;
    62)
      test-tcas  "402 0 0 393 977 4080 0 162 69 0 1 0"
      ;;
    63)
      test-tcas  "369 0 166 67 239 7019 2 621 840 0 1 1"
      ;;
    64)
      test-tcas  "623 1 257 857 199 8509 3 569 592 0 0 1"
      ;;
    65)
      test-tcas  "233 0 745 85 834 6088 1 766 426 0 1 1"
      ;;
    66)
      test-tcas  "475 1 816 468 942 2801 1 429 561 1 0 1"
      ;;
    67)
      test-tcas  "416 1 988 813 99 309 3 121 348 1 1 0"
      ;;
    68)
      test-tcas  "78 0 320 564 161 5279 2 273 130 1 0 1"
      ;;
    69)
      test-tcas  "212 0 585 632 783 8793 1 671 320 0 1 1"
      ;;
    70)
      test-tcas  "462 1 125 762 595 6224 1 189 669 0 1 0"
      ;;
esac
