#!/bin/bash
set -euo pipefail
SCRIPT_DIR=$(cd "$(dirname "${BASH_SOURCE[0]}")" && pwd)
test-tcas () {
    diff -q <(${ANGELIX_RUN:-eval} ./tcas $1) <($SCRIPT_DIR/../golden/tcas $1) > /dev/null
}

case "$1" in
    1)
      test-tcas  "878 0 159 96 817 8936 3 689 826 1 1 1"
      ;;
    2)
      test-tcas  "958 0 857 242 63 7030 1 631 544 1 0 0"
      ;;
    3)
      test-tcas  "839 1 171 307 309 7560 0 242 183 1 0 0"
      ;;
    4)
      test-tcas  "11 0 321 481 889 2539 2 941 332 1 0 0"
      ;;
    5)
      test-tcas  "265 1 183 515 76 880 2 920 30 1 1 0"
      ;;
    6)
      test-tcas  "666 1 833 637 962 140 2 560 161 0 1 1"
      ;;
    7)
      test-tcas  "163 0 562 71 292 6513 0 714 55 0 1 0"
      ;;
    8)
      test-tcas  "260 0 975 753 463 4835 2 69 265 0 0 0"
      ;;
    9)
      test-tcas  "415 1 388 270 30 1722 3 831 500 0 1 1"
      ;;
    10)
      test-tcas  "785 1 494 469 918 1065 3 97 463 1 1 0"
      ;;
    11)
      test-tcas  "573 1 234 518 95 1822 2 276 823 1 0 0"
      ;;
    12)
      test-tcas  "637 0 62 588 755 3492 3 901 719 1 0 0"
      ;;
    13)
      test-tcas  "98 0 173 587 59 4817 3 193 133 0 0 0"
      ;;
    14)
      test-tcas  "522 0 941 700 215 6018 0 617 75 1 1 0"
      ;;
    15)
      test-tcas  "771 1 673 703 108 4411 2 602 890 0 0 0"
      ;;
    16)
      test-tcas  "879 1 848 251 862 7443 2 471 52 1 0 0"
      ;;
    17)
      test-tcas  "288 0 335 520 588 6025 1 449 607 0 0 0"
      ;;
    18)
      test-tcas  "456 0 600 735 183 4651 2 451 913 0 0 0"
      ;;
    19)
      test-tcas  "281 1 635 245 345 3005 3 108 574 0 0 1"
      ;;
    20)
      test-tcas  "899 1 324 883 23 6729 3 246 393 0 1 0"
      ;;
    21)
      test-tcas  "259 1 120 434 258 2627 3 755 820 1 0 0"
      ;;
    22)
      test-tcas  "478 1 308 20 864 5910 0 459 780 1 0 0"
      ;;
    23)
      test-tcas  "209 1 742 259 569 4082 0 250 832 1 0 0"
      ;;
    24)
      test-tcas  "322 0 791 984 174 3755 0 385 454 1 1 1"
      ;;
    25)
      test-tcas  "870 0 247 249 884 3069 2 430 765 0 0 0"
      ;;
    26)
      test-tcas  "786 0 260 270 345 3444 0 869 268 0 1 0"
      ;;
    27)
      test-tcas  "910 1 823 799 971 150 3 983 148 0 0 0"
      ;;
    28)
      test-tcas  "813 0 51 281 938 1613 2 31 386 0 0 1"
      ;;
    29)
      test-tcas  "509 1 428 962 720 2522 3 285 320 0 0 1"
      ;;
    30)
      test-tcas  "428 1 325 861 269 5590 1 881 450 0 1 0"
      ;;
    31)
      test-tcas  "98 0 485 319 893 1342 1 857 106 1 0 1"
      ;;
    32)
      test-tcas  "711 1 717 497 535 4478 1 107 193 1 0 1"
      ;;
    33)
      test-tcas  "231 1 878 929 526 9264 1 360 469 1 1 0"
      ;;
    34)
      test-tcas  "897 1 221 849 24 4931 3 548 881 1 0 1"
      ;;
    35)
      test-tcas  "873 1 430 663 112 5334 2 254 137 1 0 0"
      ;;
    36)
      test-tcas  "455 1 127 510 118 5074 1 149 191 1 0 1"
      ;;
    37)
      test-tcas  "554 1 306 427 933 6883 2 548 451 0 0 0"
      ;;
    38)
      test-tcas  "274 0 51 145 105 2419 2 416 401 1 1 1"
      ;;
    39)
      test-tcas  "176 1 5 66 162 583 3 278 936 1 0 1"
      ;;
    40)
      test-tcas  "326 0 385 412 40 4209 3 643 23 1 0 1"
      ;;
    41)
      test-tcas  "443 1 902 975 608 7297 1 617 329 0 0 0"
      ;;
    42)
      test-tcas  "427 0 711 327 152 1072 3 448 230 1 0 1"
      ;;
    43)
      test-tcas  "170 1 494 679 220 7882 3 782 67 0 0 1"
      ;;
    44)
      test-tcas  "973 0 2 955 542 7383 0 392 721 1 0 1"
      ;;
    45)
      test-tcas  "968 0 809 934 726 9596 2 121 489 0 0 1"
      ;;
    46)
      test-tcas  "757 1 653 604 167 4242 1 704 872 0 1 0"
      ;;
    47)
      test-tcas  "45 1 644 108 31 5239 2 46 228 0 1 1"
      ;;
    48)
      test-tcas  "255 0 660 900 365 3460 2 398 318 1 0 1"
      ;;
    49)
      test-tcas  "130 0 579 871 234 9708 0 714 563 1 0 0"
      ;;
    50)
      test-tcas  "993 0 511 417 402 3449 2 298 315 1 0 0"
      ;;
    51)
      test-tcas  "750 0 935 482 394 1076 0 595 704 0 1 1"
      ;;
    52)
      test-tcas  "868 1 581 751 796 421 0 763 518 0 0 0"
      ;;
    53)
      test-tcas  "375 1 126 190 420 5880 3 352 279 0 1 0"
      ;;
    54)
      test-tcas  "543 0 102 190 424 789 0 122 38 1 0 0"
      ;;
    55)
      test-tcas  "155 1 81 530 689 742 1 661 494 1 1 1"
      ;;
    56)
      test-tcas  "289 1 17 394 630 3176 1 113 905 1 1 0"
      ;;
    57)
      test-tcas  "273 0 663 542 286 4981 2 892 738 0 1 1"
      ;;
    58)
      test-tcas  "894 1 272 722 862 913 1 840 307 1 1 0"
      ;;
    59)
      test-tcas  "129 1 280 188 964 1360 1 793 606 0 0 1"
      ;;
    60)
      test-tcas  "510 1 350 122 563 8453 3 36 216 1 1 0"
      ;;
    61)
      test-tcas  "879 0 120 496 217 4626 1 584 609 1 0 1"
      ;;
    62)
      test-tcas  "560 0 121 727 320 7569 2 652 288 1 0 0"
      ;;
    63)
      test-tcas  "53 0 686 213 67 9979 2 111 38 1 1 0"
      ;;
    64)
      test-tcas  "74 0 300 560 513 1757 1 49 151 0 0 0"
      ;;
    65)
      test-tcas  "266 0 568 981 452 6123 1 961 762 1 1 1"
      ;;
    66)
      test-tcas  "81 0 83 14 971 9727 0 329 445 1 0 0"
      ;;
    67)
      test-tcas  "254 0 640 330 329 56 1 701 927 1 1 1"
      ;;
    68)
      test-tcas  "916 0 759 981 361 1396 3 572 247 1 1 1"
      ;;
    69)
      test-tcas  "739 0 112 1 857 3232 0 620 818 1 1 0"
      ;;
    70)
      test-tcas  "579 1 373 817 329 2263 2 12 747 0 0 0"
      ;;
esac
