#!/bin/bash
set -euo pipefail
SCRIPT_DIR=$(cd "$(dirname "${BASH_SOURCE[0]}")" && pwd)
test-tcas () {
    diff -q <(${ANGELIX_RUN:-eval} ./tcas $1) <($SCRIPT_DIR/../golden/tcas $1) > /dev/null
}

case "$1" in
    1)
      test-tcas  "825 1 800 273 703 9725 2 284 690 0 0 1"
      ;;
    2)
      test-tcas  "887 0 734 398 316 8613 3 737 916 0 0 1"
      ;;
    3)
      test-tcas  "202 1 539 941 747 9792 3 382 180 0 1 0"
      ;;
    4)
      test-tcas  "660 0 962 376 865 6520 2 603 348 1 1 1"
      ;;
    5)
      test-tcas  "787 1 97 792 11 7120 2 176 912 1 1 0"
      ;;
    6)
      test-tcas  "304 0 434 219 538 3769 2 686 234 1 1 1"
      ;;
    7)
      test-tcas  "781 1 731 414 358 9850 2 299 129 0 1 0"
      ;;
    8)
      test-tcas  "871 0 685 639 786 5536 3 847 441 1 0 0"
      ;;
    9)
      test-tcas  "768 1 834 877 885 1687 0 682 994 1 1 1"
      ;;
    10)
      test-tcas  "35 1 354 391 824 3473 2 710 382 0 1 0"
      ;;
    11)
      test-tcas  "781 1 582 650 367 7413 0 692 422 1 0 1"
      ;;
    12)
      test-tcas  "390 1 973 317 584 8732 3 64 908 1 0 1"
      ;;
    13)
      test-tcas  "478 1 70 254 207 89 2 378 347 1 1 1"
      ;;
    14)
      test-tcas  "695 1 666 397 677 7821 2 822 821 1 0 0"
      ;;
    15)
      test-tcas  "156 1 825 776 963 7867 0 306 890 1 0 0"
      ;;
    16)
      test-tcas  "885 1 772 57 563 494 3 164 604 0 1 0"
      ;;
    17)
      test-tcas  "536 0 840 587 774 868 1 714 106 1 1 0"
      ;;
    18)
      test-tcas  "929 1 635 200 380 1332 3 696 188 1 0 0"
      ;;
    19)
      test-tcas  "516 0 514 868 258 1024 1 960 275 1 0 0"
      ;;
    20)
      test-tcas  "845 1 93 696 123 9214 1 752 818 1 0 1"
      ;;
    21)
      test-tcas  "351 1 126 814 718 337 3 506 940 1 1 0"
      ;;
    22)
      test-tcas  "465 1 420 315 135 1344 1 174 358 1 0 1"
      ;;
    23)
      test-tcas  "955 1 744 603 717 5473 2 908 119 0 1 1"
      ;;
    24)
      test-tcas  "765 0 728 329 97 1022 3 198 600 1 0 1"
      ;;
    25)
      test-tcas  "270 0 690 494 343 9127 2 550 411 1 1 1"
      ;;
    26)
      test-tcas  "825 1 97 262 977 832 2 275 406 0 1 1"
      ;;
    27)
      test-tcas  "910 0 962 666 763 1084 2 91 944 1 0 0"
      ;;
    28)
      test-tcas  "763 0 948 520 626 5433 0 960 749 0 0 1"
      ;;
    29)
      test-tcas  "522 1 242 644 859 4410 2 873 349 1 1 1"
      ;;
    30)
      test-tcas  "198 1 404 892 980 630 1 205 991 1 1 0"
      ;;
    31)
      test-tcas  "563 1 375 413 37 4692 2 754 223 0 1 1"
      ;;
    32)
      test-tcas  "84 1 675 129 64 7904 2 664 956 1 1 1"
      ;;
    33)
      test-tcas  "449 0 465 596 538 2779 1 105 779 0 0 0"
      ;;
    34)
      test-tcas  "971 0 707 105 244 6077 0 878 638 1 0 1"
      ;;
    35)
      test-tcas  "268 1 961 277 810 3927 1 952 623 0 0 0"
      ;;
    36)
      test-tcas  "33 0 620 277 427 4308 3 431 609 1 1 0"
      ;;
    37)
      test-tcas  "512 1 383 344 777 8796 0 485 872 0 0 1"
      ;;
    38)
      test-tcas  "425 0 691 429 169 3071 3 437 445 1 0 0"
      ;;
    39)
      test-tcas  "521 1 569 443 72 4222 2 431 45 0 1 0"
      ;;
    40)
      test-tcas  "805 0 898 933 868 2325 0 968 764 1 0 1"
      ;;
    41)
      test-tcas  "594 0 576 907 566 4196 2 996 440 0 1 0"
      ;;
    42)
      test-tcas  "85 1 276 996 515 8536 1 276 683 1 0 1"
      ;;
    43)
      test-tcas  "962 1 629 266 762 3977 1 388 943 0 0 0"
      ;;
    44)
      test-tcas  "736 1 616 639 690 4738 1 906 768 0 0 1"
      ;;
    45)
      test-tcas  "76 0 748 185 874 2768 2 122 460 1 0 1"
      ;;
    46)
      test-tcas  "234 0 248 381 746 311 0 72 820 1 0 1"
      ;;
    47)
      test-tcas  "909 1 947 946 676 2893 0 610 432 0 1 1"
      ;;
    48)
      test-tcas  "452 0 931 852 400 9655 1 888 45 1 0 0"
      ;;
    49)
      test-tcas  "211 0 135 824 438 5890 1 746 131 0 0 1"
      ;;
    50)
      test-tcas  "87 0 118 832 158 1444 3 315 451 0 1 0"
      ;;
    51)
      test-tcas  "937 0 106 959 523 8465 3 492 674 0 0 0"
      ;;
    52)
      test-tcas  "440 0 83 425 289 2634 3 925 543 0 1 0"
      ;;
    53)
      test-tcas  "273 0 266 589 470 3728 3 666 975 0 1 0"
      ;;
    54)
      test-tcas  "123 1 705 372 293 3905 1 848 633 0 1 1"
      ;;
    55)
      test-tcas  "980 0 961 740 643 5641 3 437 61 1 0 0"
      ;;
    56)
      test-tcas  "521 0 897 711 53 5727 1 491 344 0 1 0"
      ;;
    57)
      test-tcas  "994 1 571 733 763 7110 0 244 469 0 0 0"
      ;;
    58)
      test-tcas  "78 1 941 283 141 6712 1 904 137 0 0 0"
      ;;
    59)
      test-tcas  "478 0 732 117 894 4647 2 126 669 0 1 1"
      ;;
    60)
      test-tcas  "738 0 265 799 949 8444 2 879 924 0 0 0"
      ;;
    61)
      test-tcas  "789 1 337 874 721 5046 1 686 705 0 1 1"
      ;;
    62)
      test-tcas  "102 0 391 466 623 3469 0 154 106 1 1 1"
      ;;
    63)
      test-tcas  "50 1 198 8 183 1972 2 179 511 1 0 0"
      ;;
    64)
      test-tcas  "150 0 93 380 980 5615 0 313 589 0 1 1"
      ;;
    65)
      test-tcas  "266 1 507 877 787 2932 1 447 598 0 1 1"
      ;;
    66)
      test-tcas  "570 1 8 186 861 4324 2 253 629 0 1 1"
      ;;
    67)
      test-tcas  "213 0 481 860 176 9521 1 685 64 0 1 1"
      ;;
    68)
      test-tcas  "43 1 225 733 626 7186 1 307 554 0 0 1"
      ;;
    69)
      test-tcas  "514 1 833 236 787 6401 3 267 120 0 0 1"
      ;;
    70)
      test-tcas  "54 0 602 687 733 7335 2 393 713 0 0 0"
      ;;
esac
