#!/bin/bash
set -euo pipefail
SCRIPT_DIR=$(cd "$(dirname "${BASH_SOURCE[0]}")" && pwd)
test-tcas () {
    diff -q <(${ANGELIX_RUN:-eval} ./tcas $1) <($SCRIPT_DIR/../golden/tcas $1) > /dev/null
}

case "$1" in
    1)
      test-tcas  "714 0 728 809 533 8863 1 341 393 0 1 0"
      ;;
    2)
      test-tcas  "498 0 561 826 658 1404 2 337 572 0 0 0"
      ;;
    3)
      test-tcas  "492 1 826 780 97 1631 3 704 954 0 0 1"
      ;;
    4)
      test-tcas  "305 1 443 353 41 703 0 59 625 0 1 1"
      ;;
    5)
      test-tcas  "413 0 858 516 314 208 1 849 948 0 0 1"
      ;;
    6)
      test-tcas  "510 1 686 901 374 350 1 960 41 1 0 1"
      ;;
    7)
      test-tcas  "421 0 967 997 612 6658 2 329 240 0 0 0"
      ;;
    8)
      test-tcas  "195 0 756 764 43 4152 2 802 730 0 1 1"
      ;;
    9)
      test-tcas  "205 1 252 771 487 3952 0 512 280 0 0 0"
      ;;
    10)
      test-tcas  "678 1 3 974 675 4273 0 597 176 1 0 0"
      ;;
    11)
      test-tcas  "937 0 897 929 428 5653 2 288 883 0 1 0"
      ;;
    12)
      test-tcas  "927 1 652 449 50 9075 0 167 817 0 1 1"
      ;;
    13)
      test-tcas  "184 0 406 596 497 5466 2 748 727 1 1 0"
      ;;
    14)
      test-tcas  "320 1 678 276 558 5720 3 517 722 0 1 1"
      ;;
    15)
      test-tcas  "420 1 553 769 395 2068 1 98 792 1 1 0"
      ;;
    16)
      test-tcas  "337 1 310 132 148 4212 2 391 890 1 0 1"
      ;;
    17)
      test-tcas  "855 1 954 617 99 7145 3 250 155 1 1 1"
      ;;
    18)
      test-tcas  "11 0 202 58 972 2050 0 601 733 1 1 0"
      ;;
    19)
      test-tcas  "514 1 387 597 372 7085 3 859 880 1 1 0"
      ;;
    20)
      test-tcas  "193 0 506 67 168 1176 0 999 593 1 1 1"
      ;;
    21)
      test-tcas  "780 0 256 997 740 1231 3 759 917 0 0 1"
      ;;
    22)
      test-tcas  "977 1 371 328 480 1400 3 191 335 0 0 1"
      ;;
    23)
      test-tcas  "842 0 821 750 751 2144 2 36 231 0 1 0"
      ;;
    24)
      test-tcas  "850 0 641 895 674 6983 0 345 369 1 1 0"
      ;;
    25)
      test-tcas  "750 1 96 633 593 5798 1 226 602 1 1 0"
      ;;
    26)
      test-tcas  "384 1 733 213 941 5548 0 705 655 1 1 1"
      ;;
    27)
      test-tcas  "22 0 546 206 392 2135 2 360 797 0 1 0"
      ;;
    28)
      test-tcas  "564 1 992 889 733 1013 3 664 529 0 0 0"
      ;;
    29)
      test-tcas  "8 1 964 95 765 8909 1 839 65 0 0 1"
      ;;
    30)
      test-tcas  "49 1 10 451 743 4709 3 497 410 1 1 1"
      ;;
    31)
      test-tcas  "456 1 175 470 462 4260 1 369 142 1 1 0"
      ;;
    32)
      test-tcas  "969 1 680 74 968 1379 1 120 732 0 1 1"
      ;;
    33)
      test-tcas  "985 1 446 832 151 5926 0 439 244 1 0 0"
      ;;
    34)
      test-tcas  "55 0 998 514 57 9227 0 472 652 0 1 1"
      ;;
    35)
      test-tcas  "407 0 742 458 693 7552 0 70 707 1 0 0"
      ;;
    36)
      test-tcas  "205 1 867 721 398 5702 1 369 377 0 0 0"
      ;;
    37)
      test-tcas  "96 1 211 115 461 4993 1 812 263 1 1 1"
      ;;
    38)
      test-tcas  "777 1 429 860 635 3192 2 960 175 0 0 1"
      ;;
    39)
      test-tcas  "867 1 545 892 543 8066 3 232 120 0 0 0"
      ;;
    40)
      test-tcas  "218 1 669 730 568 1314 3 111 399 1 1 0"
      ;;
    41)
      test-tcas  "48 1 87 255 894 5675 3 357 316 1 0 0"
      ;;
    42)
      test-tcas  "821 1 316 807 640 4971 0 341 87 0 0 0"
      ;;
    43)
      test-tcas  "704 0 840 695 767 4725 0 812 37 1 1 1"
      ;;
    44)
      test-tcas  "711 0 300 384 452 9865 0 160 983 1 0 0"
      ;;
    45)
      test-tcas  "203 0 745 552 988 5772 3 637 844 0 1 0"
      ;;
    46)
      test-tcas  "368 0 267 550 11 9644 0 919 32 1 1 1"
      ;;
    47)
      test-tcas  "593 1 883 892 908 834 0 1 23 0 0 1"
      ;;
    48)
      test-tcas  "261 1 932 983 656 1350 3 511 685 1 1 0"
      ;;
    49)
      test-tcas  "459 1 474 520 112 1285 2 308 488 0 0 0"
      ;;
    50)
      test-tcas  "433 1 266 789 865 8369 3 558 583 0 1 0"
      ;;
    51)
      test-tcas  "240 0 817 513 183 6266 0 410 958 0 1 1"
      ;;
    52)
      test-tcas  "90 1 781 862 392 2544 0 909 456 1 0 1"
      ;;
    53)
      test-tcas  "181 1 556 848 134 4554 2 925 334 1 0 0"
      ;;
    54)
      test-tcas  "534 1 435 503 430 9643 3 570 288 0 1 1"
      ;;
    55)
      test-tcas  "383 1 909 2 291 5295 3 875 491 0 1 1"
      ;;
    56)
      test-tcas  "6 0 910 278 751 4856 2 427 93 1 0 1"
      ;;
    57)
      test-tcas  "653 1 741 624 740 5558 1 130 938 1 0 0"
      ;;
    58)
      test-tcas  "267 1 267 339 21 7495 2 350 876 0 1 1"
      ;;
    59)
      test-tcas  "83 1 632 627 627 5111 1 396 19 1 1 0"
      ;;
    60)
      test-tcas  "990 0 265 691 748 6596 1 547 581 1 1 0"
      ;;
    61)
      test-tcas  "582 1 312 314 916 1378 2 712 642 1 1 0"
      ;;
    62)
      test-tcas  "291 1 826 141 541 1578 1 273 131 1 1 0"
      ;;
    63)
      test-tcas  "795 0 102 396 406 9984 0 705 704 0 1 1"
      ;;
    64)
      test-tcas  "960 0 427 905 661 4657 2 240 859 1 1 0"
      ;;
    65)
      test-tcas  "117 0 259 989 92 8826 0 59 673 0 1 1"
      ;;
    66)
      test-tcas  "235 0 426 100 26 4185 1 344 917 0 1 1"
      ;;
    67)
      test-tcas  "735 0 349 977 197 6104 2 961 31 1 0 1"
      ;;
    68)
      test-tcas  "179 1 582 606 154 604 0 557 489 0 0 1"
      ;;
    69)
      test-tcas  "923 1 40 310 440 5235 2 472 520 1 0 0"
      ;;
    70)
      test-tcas  "994 1 279 35 719 9177 1 96 867 0 1 0"
      ;;
esac
