#!/bin/bash
set -euo pipefail
SCRIPT_DIR=$(cd "$(dirname "${BASH_SOURCE[0]}")" && pwd)
test-tcas () {
    diff -q <(${ANGELIX_RUN:-eval} ./tcas $1) <($SCRIPT_DIR/../golden/tcas $1) > /dev/null
}

case "$1" in
    1)
      test-tcas  "330 1 530 145 672 2859 0 465 594 1 0 1"
      ;;
    2)
      test-tcas  "122 0 989 832 136 4477 0 964 918 1 0 0"
      ;;
    3)
      test-tcas  "517 1 790 552 266 3302 0 916 683 0 0 1"
      ;;
    4)
      test-tcas  "483 1 787 837 390 4539 2 182 995 1 1 0"
      ;;
    5)
      test-tcas  "925 1 494 946 210 1380 2 393 828 0 1 0"
      ;;
    6)
      test-tcas  "72 0 237 390 549 4739 1 512 364 0 0 0"
      ;;
    7)
      test-tcas  "229 1 315 422 84 9256 1 876 53 1 1 1"
      ;;
    8)
      test-tcas  "449 1 806 121 866 5583 3 498 348 0 0 0"
      ;;
    9)
      test-tcas  "984 0 128 375 318 5549 1 300 400 1 0 1"
      ;;
    10)
      test-tcas  "344 0 33 509 833 6803 2 737 65 1 0 0"
      ;;
    11)
      test-tcas  "289 1 392 679 190 6989 2 868 100 1 0 1"
      ;;
    12)
      test-tcas  "199 0 868 272 619 4383 3 393 645 1 0 0"
      ;;
    13)
      test-tcas  "10 1 439 630 609 2256 3 461 838 0 1 0"
      ;;
    14)
      test-tcas  "153 1 678 220 388 7965 0 217 807 0 0 0"
      ;;
    15)
      test-tcas  "904 1 729 121 424 5010 0 15 204 1 0 0"
      ;;
    16)
      test-tcas  "966 1 69 211 340 6875 2 73 38 0 0 1"
      ;;
    17)
      test-tcas  "270 0 349 853 231 5600 3 14 704 0 1 1"
      ;;
    18)
      test-tcas  "600 0 954 103 598 5505 0 239 828 1 0 0"
      ;;
    19)
      test-tcas  "959 1 313 553 918 3434 0 476 921 0 0 0"
      ;;
    20)
      test-tcas  "446 0 524 822 270 1303 1 992 724 0 1 0"
      ;;
    21)
      test-tcas  "874 0 438 499 414 4517 0 79 693 1 1 0"
      ;;
    22)
      test-tcas  "426 0 53 949 330 1109 3 240 156 0 1 1"
      ;;
    23)
      test-tcas  "288 0 866 827 393 1146 1 302 404 1 1 1"
      ;;
    24)
      test-tcas  "438 0 696 463 131 4072 3 212 283 0 0 1"
      ;;
    25)
      test-tcas  "611 0 493 420 890 3243 1 729 747 1 0 1"
      ;;
    26)
      test-tcas  "899 1 695 507 688 1905 3 469 329 0 0 1"
      ;;
    27)
      test-tcas  "446 1 875 352 84 3332 0 891 571 0 1 0"
      ;;
    28)
      test-tcas  "346 0 677 339 72 9704 0 742 146 1 1 0"
      ;;
    29)
      test-tcas  "40 0 387 182 702 9644 3 298 657 1 0 0"
      ;;
    30)
      test-tcas  "327 1 938 838 519 3088 2 372 986 0 0 0"
      ;;
    31)
      test-tcas  "495 0 684 584 799 4348 1 533 532 1 0 1"
      ;;
    32)
      test-tcas  "77 0 906 209 117 9890 1 345 698 1 0 0"
      ;;
    33)
      test-tcas  "331 0 762 96 880 6390 2 550 683 1 0 0"
      ;;
    34)
      test-tcas  "694 1 181 767 175 7153 0 202 850 0 0 1"
      ;;
    35)
      test-tcas  "277 0 151 980 598 948 3 565 767 0 1 0"
      ;;
    36)
      test-tcas  "802 1 830 948 617 6655 2 323 498 0 0 1"
      ;;
    37)
      test-tcas  "364 0 39 474 509 9979 3 181 675 1 0 0"
      ;;
    38)
      test-tcas  "934 0 857 924 29 4730 2 350 574 1 0 0"
      ;;
    39)
      test-tcas  "709 1 376 929 611 861 1 613 562 1 0 1"
      ;;
    40)
      test-tcas  "107 0 5 458 197 4607 1 770 142 0 1 0"
      ;;
    41)
      test-tcas  "577 1 236 609 661 2619 2 183 190 0 1 0"
      ;;
    42)
      test-tcas  "329 1 320 894 244 2017 3 898 981 0 1 0"
      ;;
    43)
      test-tcas  "571 0 994 156 476 1722 3 436 193 0 1 1"
      ;;
    44)
      test-tcas  "15 0 138 417 726 7309 0 799 245 0 0 1"
      ;;
    45)
      test-tcas  "77 1 106 980 723 1956 3 544 121 1 0 1"
      ;;
    46)
      test-tcas  "537 1 416 956 294 9819 0 892 170 0 0 1"
      ;;
    47)
      test-tcas  "298 1 530 99 913 5349 0 866 367 0 0 0"
      ;;
    48)
      test-tcas  "397 0 573 389 769 2732 3 245 55 0 0 0"
      ;;
    49)
      test-tcas  "494 1 92 172 588 3656 1 805 330 0 0 0"
      ;;
    50)
      test-tcas  "749 0 258 921 743 9181 3 846 10 1 1 0"
      ;;
    51)
      test-tcas  "281 1 328 755 922 2379 3 352 421 0 0 1"
      ;;
    52)
      test-tcas  "251 1 717 772 60 2824 1 332 192 1 1 1"
      ;;
    53)
      test-tcas  "95 0 600 26 232 1837 0 955 776 0 1 0"
      ;;
    54)
      test-tcas  "476 0 677 574 777 8636 2 961 510 0 0 1"
      ;;
    55)
      test-tcas  "171 0 537 502 111 2249 2 590 765 1 1 0"
      ;;
    56)
      test-tcas  "366 0 906 97 470 2174 1 825 30 1 1 0"
      ;;
    57)
      test-tcas  "652 0 79 507 175 2355 1 184 663 1 0 0"
      ;;
    58)
      test-tcas  "459 1 880 205 984 8038 1 570 566 1 1 0"
      ;;
    59)
      test-tcas  "679 0 676 394 656 3534 0 763 90 0 0 0"
      ;;
    60)
      test-tcas  "863 1 215 173 982 781 2 142 184 1 0 1"
      ;;
    61)
      test-tcas  "561 1 433 800 310 3940 1 976 71 0 1 0"
      ;;
    62)
      test-tcas  "218 0 788 745 900 4010 0 303 590 1 1 1"
      ;;
    63)
      test-tcas  "394 0 251 427 386 9631 1 869 821 1 0 0"
      ;;
    64)
      test-tcas  "117 1 707 585 167 5917 3 950 652 0 0 1"
      ;;
    65)
      test-tcas  "719 1 235 123 620 2184 1 52 611 0 0 0"
      ;;
    66)
      test-tcas  "722 1 567 993 793 1985 1 479 516 0 1 1"
      ;;
    67)
      test-tcas  "91 0 949 275 500 4800 2 650 329 1 0 1"
      ;;
    68)
      test-tcas  "555 0 625 31 670 8105 0 725 64 1 0 0"
      ;;
    69)
      test-tcas  "649 0 265 764 268 1378 3 662 571 0 0 0"
      ;;
    70)
      test-tcas  "691 0 858 445 216 9856 1 217 683 1 1 1"
      ;;
esac
