#!/bin/bash
set -euo pipefail
SCRIPT_DIR=$(cd "$(dirname "${BASH_SOURCE[0]}")" && pwd)
test-tcas () {
    diff -q <(${ANGELIX_RUN:-eval} ./tcas $1) <($SCRIPT_DIR/../golden/tcas $1) > /dev/null
}

case "$1" in
    1)
      test-tcas  "194 0 929 568 942 4397 2 42 17 1 1 0"
      ;;
    2)
      test-tcas  "330 0 740 359 703 8177 3 809 456 0 1 1"
      ;;
    3)
      test-tcas  "197 1 914 572 582 9297 0 886 752 1 1 1"
      ;;
    4)
      test-tcas  "522 0 744 126 181 6483 2 408 920 1 1 1"
      ;;
    5)
      test-tcas  "494 1 201 442 727 8753 1 471 842 0 0 0"
      ;;
    6)
      test-tcas  "415 1 40 286 958 816 3 56 743 0 1 0"
      ;;
    7)
      test-tcas  "508 0 669 362 112 8153 2 727 29 1 1 0"
      ;;
    8)
      test-tcas  "823 1 602 754 388 3063 2 48 779 1 1 0"
      ;;
    9)
      test-tcas  "934 1 587 121 439 710 0 706 762 1 0 1"
      ;;
    10)
      test-tcas  "64 1 567 848 770 1701 2 721 572 1 0 0"
      ;;
    11)
      test-tcas  "445 1 377 119 538 4873 1 84 530 0 0 1"
      ;;
    12)
      test-tcas  "142 0 549 108 21 807 0 517 134 0 1 0"
      ;;
    13)
      test-tcas  "160 0 799 193 81 3136 2 950 343 0 1 1"
      ;;
    14)
      test-tcas  "487 1 668 251 135 916 1 581 554 0 1 0"
      ;;
    15)
      test-tcas  "804 0 438 736 658 1256 2 222 52 1 0 1"
      ;;
    16)
      test-tcas  "823 0 773 369 879 6981 1 885 759 0 0 1"
      ;;
    17)
      test-tcas  "740 0 609 802 255 9403 2 272 436 1 1 0"
      ;;
    18)
      test-tcas  "977 1 618 705 398 1225 2 72 979 1 1 0"
      ;;
    19)
      test-tcas  "314 1 47 200 477 9281 1 606 243 1 1 1"
      ;;
    20)
      test-tcas  "677 0 982 592 675 1151 0 497 719 1 1 1"
      ;;
    21)
      test-tcas  "184 0 16 743 32 3722 2 693 621 0 1 0"
      ;;
    22)
      test-tcas  "654 1 973 403 11 5486 1 170 312 1 1 1"
      ;;
    23)
      test-tcas  "583 1 694 166 323 7793 1 272 610 1 1 0"
      ;;
    24)
      test-tcas  "604 1 29 598 981 3329 2 579 350 0 1 0"
      ;;
    25)
      test-tcas  "689 1 962 391 185 2933 0 735 648 0 0 1"
      ;;
    26)
      test-tcas  "822 0 342 205 530 4277 0 591 548 0 0 1"
      ;;
    27)
      test-tcas  "531 1 969 118 75 8140 0 423 259 0 0 0"
      ;;
    28)
      test-tcas  "564 1 715 328 155 9811 2 917 866 1 0 1"
      ;;
    29)
      test-tcas  "133 0 95 964 291 4739 3 922 360 0 1 0"
      ;;
    30)
      test-tcas  "442 1 91 525 351 8701 0 831 930 0 0 1"
      ;;
    31)
      test-tcas  "808 1 168 601 5 3749 3 713 879 0 1 1"
      ;;
    32)
      test-tcas  "421 1 259 142 757 1714 2 130 69 0 1 0"
      ;;
    33)
      test-tcas  "802 0 89 616 189 7378 3 738 606 1 0 0"
      ;;
    34)
      test-tcas  "213 1 467 935 684 3396 1 538 530 0 0 0"
      ;;
    35)
      test-tcas  "708 0 194 52 732 8657 0 755 464 0 1 1"
      ;;
    36)
      test-tcas  "143 0 956 592 959 1201 2 17 672 0 0 1"
      ;;
    37)
      test-tcas  "353 0 12 860 306 5753 2 545 643 1 1 1"
      ;;
    38)
      test-tcas  "773 1 651 966 266 4738 3 714 199 0 0 1"
      ;;
    39)
      test-tcas  "64 1 266 698 794 9975 1 326 265 1 0 1"
      ;;
    40)
      test-tcas  "870 0 503 137 431 413 0 488 746 0 1 1"
      ;;
    41)
      test-tcas  "523 1 245 829 342 8993 2 956 526 1 0 1"
      ;;
    42)
      test-tcas  "504 0 238 621 309 9239 2 251 371 0 0 0"
      ;;
    43)
      test-tcas  "632 1 924 44 327 9307 0 777 493 1 0 1"
      ;;
    44)
      test-tcas  "345 0 500 326 232 8086 0 576 766 1 0 1"
      ;;
    45)
      test-tcas  "67 1 446 861 825 4470 2 167 988 1 1 1"
      ;;
    46)
      test-tcas  "465 0 639 95 190 7142 3 293 238 1 0 1"
      ;;
    47)
      test-tcas  "470 0 837 438 362 8111 0 164 249 0 1 1"
      ;;
    48)
      test-tcas  "206 1 635 926 174 8868 3 35 781 0 0 1"
      ;;
    49)
      test-tcas  "442 0 79 925 23 3259 0 740 300 0 1 0"
      ;;
    50)
      test-tcas  "920 1 912 201 379 6206 3 942 784 1 0 1"
      ;;
    51)
      test-tcas  "797 0 912 225 230 2007 1 566 202 0 0 1"
      ;;
    52)
      test-tcas  "641 1 33 524 183 329 1 13 193 0 0 0"
      ;;
    53)
      test-tcas  "726 1 979 370 722 2037 1 355 635 1 0 1"
      ;;
    54)
      test-tcas  "995 0 517 3 102 693 2 782 184 1 1 1"
      ;;
    55)
      test-tcas  "845 0 200 977 588 9022 2 130 493 1 0 1"
      ;;
    56)
      test-tcas  "912 1 290 67 144 2672 2 318 649 1 0 0"
      ;;
    57)
      test-tcas  "273 0 475 513 365 6437 3 4 404 0 1 1"
      ;;
    58)
      test-tcas  "940 1 497 157 248 547 1 744 66 0 1 1"
      ;;
    59)
      test-tcas  "198 0 109 307 551 6796 0 307 393 0 0 0"
      ;;
    60)
      test-tcas  "233 1 683 876 741 6129 3 750 547 1 0 0"
      ;;
    61)
      test-tcas  "610 0 562 556 60 843 1 156 89 0 0 0"
      ;;
    62)
      test-tcas  "505 0 587 456 5 5769 0 803 137 0 0 1"
      ;;
    63)
      test-tcas  "120 1 412 763 444 3718 0 805 185 1 1 0"
      ;;
    64)
      test-tcas  "521 0 45 603 774 1062 3 34 658 0 0 1"
      ;;
    65)
      test-tcas  "74 0 628 336 943 9624 1 368 65 1 1 1"
      ;;
    66)
      test-tcas  "931 0 744 88 748 984 0 3 670 0 1 0"
      ;;
    67)
      test-tcas  "369 1 560 310 658 9014 0 745 794 0 0 0"
      ;;
    68)
      test-tcas  "501 0 830 656 475 5757 1 818 352 1 0 1"
      ;;
    69)
      test-tcas  "679 1 224 405 414 4827 0 859 903 0 0 1"
      ;;
    70)
      test-tcas  "54 1 608 96 650 5211 3 314 357 0 0 1"
      ;;
esac
