#!/bin/bash
set -euo pipefail
SCRIPT_DIR=$(cd "$(dirname "${BASH_SOURCE[0]}")" && pwd)
test-tcas () {
    diff -q <(${ANGELIX_RUN:-eval} ./tcas $1) <($SCRIPT_DIR/../golden/tcas $1) > /dev/null
}

case "$1" in
    1)
      test-tcas  "316 1 219 72 671 1714 1 12 111 1 0 0"
      ;;
    2)
      test-tcas  "722 1 472 541 235 5730 1 645 703 1 0 0"
      ;;
    3)
      test-tcas  "532 1 251 196 612 4076 2 578 463 1 0 0"
      ;;
    4)
      test-tcas  "335 1 464 447 142 8015 2 465 955 0 0 0"
      ;;
    5)
      test-tcas  "547 1 889 661 129 8079 3 918 997 0 1 0"
      ;;
    6)
      test-tcas  "266 1 120 401 275 6048 2 147 496 1 1 1"
      ;;
    7)
      test-tcas  "6 1 551 398 665 2670 1 153 142 0 1 0"
      ;;
    8)
      test-tcas  "852 1 447 58 688 5380 3 441 135 0 0 0"
      ;;
    9)
      test-tcas  "14 0 867 450 606 8566 3 992 377 1 0 0"
      ;;
    10)
      test-tcas  "862 0 179 789 510 1840 3 8 475 1 0 1"
      ;;
    11)
      test-tcas  "394 1 82 527 158 9429 0 627 580 1 1 0"
      ;;
    12)
      test-tcas  "639 0 430 133 667 6078 3 510 463 0 1 1"
      ;;
    13)
      test-tcas  "801 0 790 709 221 1892 2 845 316 1 1 0"
      ;;
    14)
      test-tcas  "935 0 483 498 869 222 1 949 603 1 1 1"
      ;;
    15)
      test-tcas  "690 0 912 309 117 9066 1 223 808 0 0 1"
      ;;
    16)
      test-tcas  "73 0 262 770 364 7534 0 779 184 0 0 0"
      ;;
    17)
      test-tcas  "379 1 118 200 303 4687 3 599 587 1 0 0"
      ;;
    18)
      test-tcas  "282 1 305 730 199 8459 3 567 162 1 0 0"
      ;;
    19)
      test-tcas  "700 1 114 111 435 7555 1 188 66 0 1 1"
      ;;
    20)
      test-tcas  "355 1 293 425 991 8982 3 238 548 0 1 0"
      ;;
    21)
      test-tcas  "995 0 488 673 402 8400 1 13 531 0 0 0"
      ;;
    22)
      test-tcas  "982 1 443 903 452 9671 2 169 445 1 1 0"
      ;;
    23)
      test-tcas  "446 0 45 260 214 3833 3 554 306 1 0 1"
      ;;
    24)
      test-tcas  "382 1 329 966 157 6327 0 671 84 0 1 1"
      ;;
    25)
      test-tcas  "980 1 808 875 845 4532 2 754 76 1 0 1"
      ;;
    26)
      test-tcas  "113 0 925 833 310 5612 2 629 497 1 1 1"
      ;;
    27)
      test-tcas  "258 0 130 632 416 7305 1 799 619 0 1 0"
      ;;
    28)
      test-tcas  "174 0 953 878 507 1587 3 332 686 1 1 1"
      ;;
    29)
      test-tcas  "484 0 592 594 344 3182 1 317 444 0 0 1"
      ;;
    30)
      test-tcas  "767 0 819 830 724 1520 2 764 413 1 1 1"
      ;;
    31)
      test-tcas  "31 1 623 8 307 6184 1 897 85 0 1 0"
      ;;
    32)
      test-tcas  "353 0 711 109 48 1901 3 892 991 1 0 1"
      ;;
    33)
      test-tcas  "139 0 31 206 165 9919 2 86 30 1 0 1"
      ;;
    34)
      test-tcas  "860 1 665 173 885 8032 3 724 677 1 0 0"
      ;;
    35)
      test-tcas  "166 0 864 701 207 1647 0 261 558 1 0 1"
      ;;
    36)
      test-tcas  "169 0 654 59 641 3106 1 158 563 0 0 1"
      ;;
    37)
      test-tcas  "149 0 303 256 331 5972 0 36 955 1 1 1"
      ;;
    38)
      test-tcas  "252 1 13 490 126 5175 0 912 61 0 1 0"
      ;;
    39)
      test-tcas  "677 1 513 954 44 2805 2 89 867 0 0 0"
      ;;
    40)
      test-tcas  "579 0 753 221 176 2889 0 56 376 1 1 0"
      ;;
    41)
      test-tcas  "298 0 622 546 391 6741 3 588 794 1 1 1"
      ;;
    42)
      test-tcas  "665 1 581 524 237 3427 0 915 570 1 0 1"
      ;;
    43)
      test-tcas  "987 1 288 602 196 7506 3 595 947 1 0 0"
      ;;
    44)
      test-tcas  "880 0 672 954 914 8503 0 390 98 1 0 0"
      ;;
    45)
      test-tcas  "394 0 520 250 226 3623 2 105 989 1 0 1"
      ;;
    46)
      test-tcas  "896 0 518 804 716 6844 3 955 938 1 0 0"
      ;;
    47)
      test-tcas  "888 0 680 513 150 3942 2 642 394 1 1 1"
      ;;
    48)
      test-tcas  "384 0 401 912 516 4058 0 866 675 1 0 1"
      ;;
    49)
      test-tcas  "631 1 877 549 422 4172 0 527 421 0 0 1"
      ;;
    50)
      test-tcas  "839 1 292 700 443 3260 1 364 177 0 0 0"
      ;;
    51)
      test-tcas  "183 0 155 289 450 8093 2 264 951 1 0 0"
      ;;
    52)
      test-tcas  "653 0 262 616 238 2384 3 886 717 0 0 1"
      ;;
    53)
      test-tcas  "382 1 181 281 677 5560 3 658 678 0 1 0"
      ;;
    54)
      test-tcas  "803 0 678 378 278 6559 0 577 675 1 0 1"
      ;;
    55)
      test-tcas  "500 0 355 742 448 1979 3 588 413 1 0 1"
      ;;
    56)
      test-tcas  "780 0 770 662 808 6457 0 614 184 0 0 0"
      ;;
    57)
      test-tcas  "913 1 531 114 770 6378 0 593 480 0 0 1"
      ;;
    58)
      test-tcas  "630 0 366 150 87 6012 1 140 344 1 1 1"
      ;;
    59)
      test-tcas  "788 0 779 638 361 7741 1 644 462 1 1 0"
      ;;
    60)
      test-tcas  "221 1 856 81 475 5401 3 808 873 1 1 0"
      ;;
    61)
      test-tcas  "529 1 874 735 578 1742 0 794 791 0 0 1"
      ;;
    62)
      test-tcas  "118 0 688 714 691 7693 1 245 321 1 0 1"
      ;;
    63)
      test-tcas  "981 0 450 211 125 2532 3 574 924 1 1 0"
      ;;
    64)
      test-tcas  "679 1 965 346 737 62 0 927 207 0 1 1"
      ;;
    65)
      test-tcas  "637 0 985 566 641 6726 2 306 105 0 1 1"
      ;;
    66)
      test-tcas  "243 0 945 798 247 2957 3 280 717 0 1 1"
      ;;
    67)
      test-tcas  "342 0 79 945 547 9239 1 735 958 1 0 0"
      ;;
    68)
      test-tcas  "539 0 501 515 241 3143 1 0 820 1 1 1"
      ;;
    69)
      test-tcas  "244 1 681 488 780 3118 2 619 406 0 0 1"
      ;;
    70)
      test-tcas  "677 0 858 684 545 8990 0 897 924 0 1 0"
      ;;
esac
