#!/bin/bash
set -euo pipefail
SCRIPT_DIR=$(cd "$(dirname "${BASH_SOURCE[0]}")" && pwd)
test-tcas () {
    diff -q <(${ANGELIX_RUN:-eval} ./tcas $1) <($SCRIPT_DIR/../golden/tcas $1) > /dev/null
}

case "$1" in
    1)
      test-tcas  "691 1 674 875 382 1607 3 792 23 0 1 0"
      ;;
    2)
      test-tcas  "399 0 884 592 912 1437 3 164 105 1 0 1"
      ;;
    3)
      test-tcas  "629 1 754 707 431 7292 3 21 258 1 1 0"
      ;;
    4)
      test-tcas  "283 1 98 419 754 2526 2 339 112 0 0 0"
      ;;
    5)
      test-tcas  "935 1 980 648 403 2179 3 972 714 1 0 1"
      ;;
    6)
      test-tcas  "37 0 729 668 126 5894 2 150 684 1 0 0"
      ;;
    7)
      test-tcas  "943 0 977 896 656 2295 3 774 936 0 0 1"
      ;;
    8)
      test-tcas  "895 0 13 390 77 2108 2 494 35 1 0 0"
      ;;
    9)
      test-tcas  "239 1 876 9 683 6053 2 81 184 0 1 1"
      ;;
    10)
      test-tcas  "387 1 531 100 911 1903 3 719 924 1 1 0"
      ;;
    11)
      test-tcas  "633 1 23 911 869 3262 0 274 965 1 1 1"
      ;;
    12)
      test-tcas  "596 1 862 774 109 325 2 656 152 0 1 1"
      ;;
    13)
      test-tcas  "76 0 908 374 670 423 3 783 278 1 1 0"
      ;;
    14)
      test-tcas  "256 0 780 208 0 3254 0 599 517 1 1 1"
      ;;
    15)
      test-tcas  "591 1 296 547 160 2597 0 994 393 1 0 0"
      ;;
    16)
      test-tcas  "340 0 633 933 734 2804 0 309 678 1 1 1"
      ;;
    17)
      test-tcas  "517 1 819 390 125 4605 3 449 221 1 0 1"
      ;;
    18)
      test-tcas  "105 1 776 188 348 651 2 411 603 1 0 0"
      ;;
    19)
      test-tcas  "637 1 522 95 132 6849 2 316 573 0 0 0"
      ;;
    20)
      test-tcas  "747 0 158 623 17 781 0 734 536 0 1 0"
      ;;
    21)
      test-tcas  "983 1 98 829 271 3510 0 327 879 1 0 0"
      ;;
    22)
      test-tcas  "127 0 463 733 761 5711 3 470 664 0 1 1"
      ;;
    23)
      test-tcas  "392 0 827 403 481 3413 3 672 167 1 0 1"
      ;;
    24)
      test-tcas  "234 0 404 215 198 2689 3 221 929 0 0 1"
      ;;
    25)
      test-tcas  "113 1 452 689 675 6319 3 538 370 1 0 1"
      ;;
    26)
      test-tcas  "320 0 51 726 134 8898 2 283 649 1 1 0"
      ;;
    27)
      test-tcas  "21 1 487 893 59 9925 0 277 256 1 0 0"
      ;;
    28)
      test-tcas  "900 1 315 750 52 7199 0 747 904 0 0 0"
      ;;
    29)
      test-tcas  "253 0 711 5 370 5346 2 409 550 1 0 0"
      ;;
    30)
      test-tcas  "42 1 949 533 810 6414 3 269 848 0 0 0"
      ;;
    31)
      test-tcas  "329 1 846 36 928 1348 1 932 61 0 1 1"
      ;;
    32)
      test-tcas  "632 0 702 324 110 2700 0 593 401 1 1 1"
      ;;
    33)
      test-tcas  "46 0 648 863 717 106 2 639 853 1 0 0"
      ;;
    34)
      test-tcas  "556 1 488 358 540 1020 0 167 992 1 0 1"
      ;;
    35)
      test-tcas  "732 1 928 785 906 9763 3 425 789 1 0 0"
      ;;
    36)
      test-tcas  "964 1 686 311 249 8228 2 438 290 1 1 0"
      ;;
    37)
      test-tcas  "643 0 235 124 505 1565 0 789 0 1 0 1"
      ;;
    38)
      test-tcas  "71 1 958 196 569 1819 3 673 105 1 1 1"
      ;;
    39)
      test-tcas  "580 0 205 464 91 1841 2 996 77 0 0 0"
      ;;
    40)
      test-tcas  "164 1 190 904 138 834 3 394 900 1 0 0"
      ;;
esac
