#!/bin/bash
set -euo pipefail
SCRIPT_DIR=$(cd "$(dirname "${BASH_SOURCE[0]}")" && pwd)
test-tcas () {
    diff -q <(${ANGELIX_RUN:-eval} ./tcas $1) <($SCRIPT_DIR/../golden/tcas $1) > /dev/null
}

case "$1" in
    1)
      test-tcas  "19 0 795 181 835 7252 3 644 755 1 0 0"
      ;;
    2)
      test-tcas  "666 1 569 632 641 2132 2 890 504 1 0 0"
      ;;
    3)
      test-tcas  "263 1 819 523 469 4673 1 338 974 0 1 0"
      ;;
    4)
      test-tcas  "185 0 447 186 661 813 0 991 835 0 0 0"
      ;;
    5)
      test-tcas  "707 1 190 78 582 5929 0 372 324 0 1 1"
      ;;
    6)
      test-tcas  "141 0 863 768 610 8490 1 850 505 1 0 0"
      ;;
    7)
      test-tcas  "16 0 760 539 108 3706 2 29 85 1 1 1"
      ;;
    8)
      test-tcas  "936 0 892 404 626 3070 3 748 359 0 0 1"
      ;;
    9)
      test-tcas  "711 0 145 428 707 5270 2 224 139 0 1 0"
      ;;
    10)
      test-tcas  "846 1 848 126 267 5686 2 652 294 1 1 1"
      ;;
    11)
      test-tcas  "345 0 633 244 629 5679 0 52 755 0 1 0"
      ;;
    12)
      test-tcas  "218 1 775 541 793 9013 3 337 532 1 1 1"
      ;;
    13)
      test-tcas  "901 1 545 188 568 1040 0 470 474 1 1 0"
      ;;
    14)
      test-tcas  "151 0 368 114 654 6876 1 258 127 0 1 1"
      ;;
    15)
      test-tcas  "747 0 816 79 730 7415 0 619 160 0 0 0"
      ;;
    16)
      test-tcas  "622 1 722 429 3 6978 1 269 402 0 0 1"
      ;;
    17)
      test-tcas  "742 0 824 329 578 3458 0 542 568 0 1 1"
      ;;
    18)
      test-tcas  "289 0 566 918 351 1080 3 572 291 1 0 1"
      ;;
    19)
      test-tcas  "343 0 752 107 970 7361 2 271 16 0 0 0"
      ;;
    20)
      test-tcas  "415 0 878 799 681 9493 2 512 807 0 0 1"
      ;;
    21)
      test-tcas  "780 0 1 57 654 1206 3 546 5 1 0 0"
      ;;
    22)
      test-tcas  "637 0 44 226 622 9182 1 98 81 0 1 1"
      ;;
    23)
      test-tcas  "664 0 437 193 332 8296 2 663 870 1 1 1"
      ;;
    24)
      test-tcas  "554 0 947 901 526 7351 1 356 711 0 0 1"
      ;;
    25)
      test-tcas  "599 0 496 842 761 1567 0 186 806 1 0 1"
      ;;
    26)
      test-tcas  "327 0 659 624 521 4824 0 902 367 1 1 0"
      ;;
    27)
      test-tcas  "644 1 428 750 609 3652 1 523 862 1 0 1"
      ;;
    28)
      test-tcas  "778 0 622 556 905 6065 0 340 873 1 0 0"
      ;;
    29)
      test-tcas  "726 0 205 741 23 1694 0 624 729 1 0 1"
      ;;
    30)
      test-tcas  "691 1 471 168 448 5178 3 371 238 1 0 1"
      ;;
    31)
      test-tcas  "318 0 870 523 128 2484 1 278 436 0 1 0"
      ;;
    32)
      test-tcas  "278 1 918 129 454 9710 3 721 341 1 1 0"
      ;;
    33)
      test-tcas  "1 1 354 533 927 6020 1 766 267 0 1 1"
      ;;
    34)
      test-tcas  "38 0 327 638 673 6607 1 272 234 1 1 1"
      ;;
    35)
      test-tcas  "728 0 44 934 304 8063 2 868 511 0 1 1"
      ;;
    36)
      test-tcas  "454 0 895 930 391 7146 0 2 290 1 1 1"
      ;;
    37)
      test-tcas  "895 0 617 139 107 4788 0 464 867 0 1 1"
      ;;
    38)
      test-tcas  "264 0 597 963 307 197 0 620 649 0 1 0"
      ;;
    39)
      test-tcas  "541 0 932 472 524 5104 3 228 609 1 1 0"
      ;;
    40)
      test-tcas  "252 0 276 536 24 5622 0 6 680 0 0 0"
      ;;
esac
