#!/bin/bash
set -euo pipefail
SCRIPT_DIR=$(cd "$(dirname "${BASH_SOURCE[0]}")" && pwd)
test-tcas () {
    diff -q <(${ANGELIX_RUN:-eval} ./tcas $1) <($SCRIPT_DIR/../golden/tcas $1) > /dev/null
}

case "$1" in
    1)
      test-tcas  "280 1 171 179 374 4925 2 916 789 1 1 1"
      ;;
    2)
      test-tcas  "296 0 535 53 660 9996 2 944 265 1 0 0"
      ;;
    3)
      test-tcas  "330 0 682 10 586 548 2 64 870 0 0 0"
      ;;
    4)
      test-tcas  "64 0 402 244 240 7219 0 271 620 1 0 0"
      ;;
    5)
      test-tcas  "223 0 110 990 643 3964 2 160 454 0 0 1"
      ;;
    6)
      test-tcas  "127 1 734 488 236 7052 2 957 889 1 0 0"
      ;;
    7)
      test-tcas  "55 0 231 528 424 7093 3 791 971 1 0 0"
      ;;
    8)
      test-tcas  "194 1 323 574 320 8744 0 994 407 0 0 1"
      ;;
    9)
      test-tcas  "392 1 3 879 582 6791 3 765 21 0 0 0"
      ;;
    10)
      test-tcas  "446 0 24 975 248 1039 2 629 985 1 1 1"
      ;;
    11)
      test-tcas  "505 0 947 257 665 5820 1 690 968 0 0 1"
      ;;
    12)
      test-tcas  "163 0 438 282 35 3060 2 637 122 0 0 0"
      ;;
    13)
      test-tcas  "78 1 319 685 764 596 2 999 910 0 0 1"
      ;;
    14)
      test-tcas  "381 1 406 457 642 9927 0 57 34 1 1 1"
      ;;
    15)
      test-tcas  "847 0 427 542 983 9741 2 260 217 1 0 0"
      ;;
    16)
      test-tcas  "671 1 302 485 134 3377 0 861 303 0 1 1"
      ;;
    17)
      test-tcas  "829 1 714 31 317 9967 0 874 57 0 1 0"
      ;;
    18)
      test-tcas  "311 0 380 266 469 159 1 251 207 0 0 1"
      ;;
    19)
      test-tcas  "92 0 486 18 723 8300 3 478 610 0 0 0"
      ;;
    20)
      test-tcas  "446 0 664 840 365 3481 0 574 45 1 0 1"
      ;;
    21)
      test-tcas  "242 1 406 980 448 2194 2 667 889 0 1 0"
      ;;
    22)
      test-tcas  "13 0 133 285 924 5280 1 61 5 1 1 0"
      ;;
    23)
      test-tcas  "64 1 116 996 929 1524 2 858 360 1 0 0"
      ;;
    24)
      test-tcas  "512 1 188 870 947 9588 0 836 393 1 1 1"
      ;;
    25)
      test-tcas  "995 0 614 27 824 9017 3 394 792 0 0 1"
      ;;
    26)
      test-tcas  "920 1 658 317 121 9769 3 949 272 0 0 1"
      ;;
    27)
      test-tcas  "366 1 260 926 966 8117 0 225 20 0 0 1"
      ;;
    28)
      test-tcas  "313 1 836 246 523 4897 2 355 837 1 0 1"
      ;;
    29)
      test-tcas  "606 0 530 910 327 9818 0 752 557 0 1 1"
      ;;
    30)
      test-tcas  "997 0 289 156 105 3058 1 85 61 1 1 0"
      ;;
    31)
      test-tcas  "820 0 880 447 270 2499 0 689 240 1 1 1"
      ;;
    32)
      test-tcas  "214 0 440 527 110 1833 0 62 437 1 1 0"
      ;;
    33)
      test-tcas  "447 1 358 773 669 1258 0 8 329 0 1 1"
      ;;
    34)
      test-tcas  "726 0 172 874 601 8754 1 272 872 0 0 0"
      ;;
    35)
      test-tcas  "912 1 823 519 702 5798 1 333 770 0 1 0"
      ;;
    36)
      test-tcas  "846 0 940 863 525 6992 2 269 40 0 1 0"
      ;;
    37)
      test-tcas  "480 1 893 140 363 8364 3 351 527 0 0 1"
      ;;
    38)
      test-tcas  "706 1 154 805 8 4054 1 211 748 1 0 0"
      ;;
    39)
      test-tcas  "712 0 998 131 22 5774 3 99 190 0 1 1"
      ;;
    40)
      test-tcas  "836 1 805 143 811 3773 2 908 133 1 1 0"
      ;;
esac
