#!/bin/bash
set -euo pipefail
SCRIPT_DIR=$(cd "$(dirname "${BASH_SOURCE[0]}")" && pwd)
test-tcas () {
    diff -q <(${ANGELIX_RUN:-eval} ./tcas $1) <($SCRIPT_DIR/../golden/tcas $1) > /dev/null
}

case "$1" in
    1)
      test-tcas  "113 1 423 527 335 3217 2 287 530 1 0 1"
      ;;
    2)
      test-tcas  "922 1 31 69 792 6193 2 561 651 0 1 1"
      ;;
    3)
      test-tcas  "171 0 975 948 513 431 3 432 334 0 1 1"
      ;;
    4)
      test-tcas  "773 0 669 958 121 7052 3 73 746 1 0 0"
      ;;
    5)
      test-tcas  "47 1 270 958 899 2130 0 105 54 0 0 1"
      ;;
    6)
      test-tcas  "461 1 726 482 324 5117 3 81 955 0 0 1"
      ;;
    7)
      test-tcas  "213 1 672 321 345 3465 2 237 583 0 0 0"
      ;;
    8)
      test-tcas  "707 1 767 498 111 6788 1 295 614 1 1 0"
      ;;
    9)
      test-tcas  "355 1 596 324 652 804 3 515 631 1 0 0"
      ;;
    10)
      test-tcas  "736 1 410 888 16 7770 2 12 179 0 0 1"
      ;;
    11)
      test-tcas  "9 1 900 510 652 6408 2 724 663 1 0 1"
      ;;
    12)
      test-tcas  "494 0 845 354 231 169 2 171 28 1 1 1"
      ;;
    13)
      test-tcas  "634 0 800 453 816 8331 1 425 301 0 1 1"
      ;;
    14)
      test-tcas  "28 0 77 21 171 9654 2 450 348 1 0 0"
      ;;
    15)
      test-tcas  "925 0 43 937 100 3346 3 161 733 1 1 1"
      ;;
    16)
      test-tcas  "509 1 277 823 77 6701 2 211 284 0 1 0"
      ;;
    17)
      test-tcas  "448 1 338 103 940 3145 0 679 963 0 0 1"
      ;;
    18)
      test-tcas  "541 1 855 882 211 8451 2 413 783 1 0 0"
      ;;
    19)
      test-tcas  "876 0 290 423 602 6600 2 868 928 0 1 1"
      ;;
    20)
      test-tcas  "723 0 127 344 455 191 2 824 833 1 1 1"
      ;;
    21)
      test-tcas  "405 1 327 578 301 3358 3 380 828 0 0 1"
      ;;
    22)
      test-tcas  "621 0 696 388 377 8000 3 103 1 1 1 1"
      ;;
    23)
      test-tcas  "155 0 381 593 783 6532 2 152 186 1 0 0"
      ;;
    24)
      test-tcas  "604 0 923 375 67 6568 0 629 491 1 1 0"
      ;;
    25)
      test-tcas  "605 0 304 799 306 4783 0 294 490 0 1 1"
      ;;
    26)
      test-tcas  "214 0 103 348 298 8718 1 126 114 1 1 1"
      ;;
    27)
      test-tcas  "379 0 275 487 187 6541 3 54 435 0 0 0"
      ;;
    28)
      test-tcas  "10 0 225 351 831 5654 1 461 892 0 1 1"
      ;;
    29)
      test-tcas  "946 1 682 322 377 1660 1 833 106 0 0 1"
      ;;
    30)
      test-tcas  "65 0 423 278 918 9462 0 172 206 1 0 1"
      ;;
    31)
      test-tcas  "30 1 245 873 716 8264 0 448 642 0 0 1"
      ;;
    32)
      test-tcas  "562 1 507 224 302 1873 1 594 674 1 1 1"
      ;;
    33)
      test-tcas  "799 1 359 831 827 5071 3 130 193 0 0 0"
      ;;
    34)
      test-tcas  "149 1 180 544 294 5839 2 650 207 1 0 1"
      ;;
    35)
      test-tcas  "134 0 903 777 814 1960 0 954 232 1 1 1"
      ;;
    36)
      test-tcas  "16 0 822 88 708 8909 2 665 906 1 1 1"
      ;;
    37)
      test-tcas  "543 1 26 570 218 4055 0 679 533 1 1 0"
      ;;
    38)
      test-tcas  "847 1 960 337 746 9965 1 780 752 0 1 1"
      ;;
    39)
      test-tcas  "530 0 641 707 886 7101 3 198 360 0 1 1"
      ;;
    40)
      test-tcas  "113 0 786 382 102 3312 1 810 256 0 0 0"
      ;;
esac
