#!/bin/bash
set -euo pipefail
SCRIPT_DIR=$(cd "$(dirname "${BASH_SOURCE[0]}")" && pwd)
test-tcas () {
    diff -q <(${ANGELIX_RUN:-eval} ./tcas $1) <($SCRIPT_DIR/../golden/tcas $1) > /dev/null
}

case "$1" in
    1)
      test-tcas  "628 1 58 323 479 2573 2 936 525 1 0 1"
      ;;
    2)
      test-tcas  "861 0 645 949 60 1184 1 303 285 1 1 1"
      ;;
    3)
      test-tcas  "622 1 403 46 264 3415 3 288 324 1 0 1"
      ;;
    4)
      test-tcas  "773 0 112 622 258 6560 0 33 305 1 1 1"
      ;;
    5)
      test-tcas  "743 0 819 361 999 2253 1 989 292 1 1 1"
      ;;
    6)
      test-tcas  "664 0 762 798 197 8554 1 463 741 0 0 1"
      ;;
    7)
      test-tcas  "961 1 344 396 550 769 1 14 992 1 0 0"
      ;;
    8)
      test-tcas  "364 1 98 171 265 9668 3 208 138 1 0 1"
      ;;
    9)
      test-tcas  "888 0 288 372 962 4881 2 396 762 0 1 0"
      ;;
    10)
      test-tcas  "543 1 664 503 783 3750 1 214 293 0 1 0"
      ;;
    11)
      test-tcas  "270 0 747 495 834 1839 1 367 564 1 0 0"
      ;;
    12)
      test-tcas  "990 0 65 320 989 735 2 938 577 1 1 1"
      ;;
    13)
      test-tcas  "615 0 861 551 565 1546 3 39 521 0 0 0"
      ;;
    14)
      test-tcas  "419 1 969 526 483 8794 3 998 694 1 0 0"
      ;;
    15)
      test-tcas  "305 1 862 699 201 9095 2 512 206 1 1 1"
      ;;
    16)
      test-tcas  "291 0 267 570 970 2131 0 278 112 0 0 1"
      ;;
    17)
      test-tcas  "803 0 190 236 859 8018 1 544 80 0 0 0"
      ;;
    18)
      test-tcas  "375 0 798 62 423 5176 1 763 637 0 1 0"
      ;;
    19)
      test-tcas  "810 0 244 344 968 6231 3 180 650 1 1 0"
      ;;
    20)
      test-tcas  "24 1 308 962 16 6412 1 607 882 0 0 0"
      ;;
    21)
      test-tcas  "476 1 539 75 792 9173 0 953 223 0 1 1"
      ;;
    22)
      test-tcas  "410 0 574 743 428 7576 0 208 581 1 0 1"
      ;;
    23)
      test-tcas  "24 1 324 91 979 7135 1 578 356 0 1 0"
      ;;
    24)
      test-tcas  "186 0 842 149 383 6481 2 288 9 1 0 1"
      ;;
    25)
      test-tcas  "384 0 955 920 118 6258 2 242 353 1 1 0"
      ;;
    26)
      test-tcas  "310 1 10 449 520 4195 3 250 964 0 1 1"
      ;;
    27)
      test-tcas  "704 0 554 741 517 5209 2 898 423 0 1 0"
      ;;
    28)
      test-tcas  "16 1 222 317 960 9831 0 317 57 0 1 0"
      ;;
    29)
      test-tcas  "834 1 762 948 701 2012 2 194 345 1 1 1"
      ;;
    30)
      test-tcas  "152 0 783 717 166 8675 3 218 288 1 1 0"
      ;;
    31)
      test-tcas  "142 0 618 28 354 8039 3 920 757 0 0 1"
      ;;
    32)
      test-tcas  "377 1 580 453 958 1904 2 433 126 1 1 0"
      ;;
    33)
      test-tcas  "272 0 862 491 682 8640 1 115 407 1 0 0"
      ;;
    34)
      test-tcas  "940 0 403 241 784 8634 1 259 592 1 0 1"
      ;;
    35)
      test-tcas  "691 0 206 879 430 2418 1 217 994 1 0 1"
      ;;
    36)
      test-tcas  "20 1 860 461 603 3541 3 206 65 1 0 1"
      ;;
    37)
      test-tcas  "131 1 360 105 37 3632 1 896 436 1 1 1"
      ;;
    38)
      test-tcas  "866 1 779 972 995 5793 0 482 792 1 0 1"
      ;;
    39)
      test-tcas  "295 0 862 649 653 4721 1 454 675 0 1 1"
      ;;
    40)
      test-tcas  "215 1 285 619 333 7542 1 596 329 0 1 0"
      ;;
esac
