#!/bin/bash
set -euo pipefail
SCRIPT_DIR=$(cd "$(dirname "${BASH_SOURCE[0]}")" && pwd)
test-tcas () {
    diff -q <(${ANGELIX_RUN:-eval} ./tcas $1) <($SCRIPT_DIR/../golden/tcas $1) > /dev/null
}

case "$1" in
    1)
      test-tcas  "249 0 353 401 632 2345 0 422 187 0 1 0"
      ;;
    2)
      test-tcas  "921 1 771 148 700 8555 3 188 719 0 1 1"
      ;;
    3)
      test-tcas  "278 1 585 574 514 2246 3 14 924 0 1 1"
      ;;
    4)
      test-tcas  "779 0 381 568 843 6026 0 812 103 1 0 1"
      ;;
    5)
      test-tcas  "580 0 676 49 691 1153 1 743 6 1 0 0"
      ;;
    6)
      test-tcas  "743 1 847 777 774 9144 0 127 455 1 0 1"
      ;;
    7)
      test-tcas  "121 1 96 217 656 4647 3 349 154 1 1 1"
      ;;
    8)
      test-tcas  "331 0 794 972 986 1176 0 43 536 0 0 1"
      ;;
    9)
      test-tcas  "362 1 531 412 452 9572 2 718 650 0 0 1"
      ;;
    10)
      test-tcas  "592 1 853 487 323 5825 1 154 408 1 1 0"
      ;;
    11)
      test-tcas  "319 1 870 510 802 9993 3 430 893 1 1 0"
      ;;
    12)
      test-tcas  "300 1 704 744 860 1635 1 329 892 1 1 1"
      ;;
    13)
      test-tcas  "342 1 186 103 776 9138 2 86 402 1 0 0"
      ;;
    14)
      test-tcas  "545 1 154 39 198 867 3 998 528 1 1 1"
      ;;
    15)
      test-tcas  "532 1 336 818 326 4924 0 333 927 0 1 0"
      ;;
    16)
      test-tcas  "770 1 963 856 597 1706 2 222 826 1 1 0"
      ;;
    17)
      test-tcas  "968 0 15 609 184 9192 1 808 593 0 1 0"
      ;;
    18)
      test-tcas  "542 0 414 651 616 5174 2 871 842 0 1 0"
      ;;
    19)
      test-tcas  "158 0 389 92 961 3261 3 437 244 0 0 1"
      ;;
    20)
      test-tcas  "600 0 843 321 164 616 0 473 388 0 1 1"
      ;;
    21)
      test-tcas  "384 0 653 254 459 4932 2 797 400 1 1 0"
      ;;
    22)
      test-tcas  "978 1 623 796 147 6113 1 571 409 1 0 0"
      ;;
    23)
      test-tcas  "859 1 114 101 498 4544 0 484 496 1 0 1"
      ;;
    24)
      test-tcas  "237 1 317 448 122 2713 1 654 317 1 0 0"
      ;;
    25)
      test-tcas  "865 0 667 77 813 202 3 689 334 0 0 1"
      ;;
    26)
      test-tcas  "112 1 998 289 623 3821 2 989 342 1 0 0"
      ;;
    27)
      test-tcas  "284 1 764 323 793 4809 2 431 891 0 1 1"
      ;;
    28)
      test-tcas  "97 0 954 130 82 3637 2 933 163 0 1 1"
      ;;
    29)
      test-tcas  "201 0 224 110 121 9993 0 145 927 1 0 0"
      ;;
    30)
      test-tcas  "789 1 261 163 506 991 0 534 399 1 0 0"
      ;;
    31)
      test-tcas  "483 1 500 999 602 4578 0 579 39 0 0 1"
      ;;
    32)
      test-tcas  "4 1 957 674 343 7463 0 517 719 1 1 0"
      ;;
    33)
      test-tcas  "514 0 261 581 721 7681 1 189 100 1 1 1"
      ;;
    34)
      test-tcas  "981 0 798 818 182 1129 3 961 637 0 1 0"
      ;;
    35)
      test-tcas  "504 1 373 844 726 9087 0 495 228 0 1 1"
      ;;
    36)
      test-tcas  "204 1 820 665 229 9829 2 249 275 1 0 1"
      ;;
    37)
      test-tcas  "21 0 668 512 279 1988 0 82 729 0 1 0"
      ;;
    38)
      test-tcas  "641 1 198 969 707 294 2 117 635 0 0 0"
      ;;
    39)
      test-tcas  "696 1 69 917 968 5732 1 212 652 1 0 1"
      ;;
    40)
      test-tcas  "442 0 119 355 612 2033 1 867 184 0 0 0"
      ;;
esac
