#!/bin/bash
set -euo pipefail
SCRIPT_DIR=$(cd "$(dirname "${BASH_SOURCE[0]}")" && pwd)
test-tcas () {
    diff -q <(${ANGELIX_RUN:-eval} ./tcas $1) <($SCRIPT_DIR/../golden/tcas $1) > /dev/null
}

case "$1" in
    1)
      test-tcas  "347 0 683 862 539 607 2 709 434 1 1 1"
      ;;
    2)
      test-tcas  "775 0 476 482 184 9337 1 21 700 1 0 1"
      ;;
    3)
      test-tcas  "946 0 651 334 700 2815 0 659 676 0 0 1"
      ;;
    4)
      test-tcas  "687 1 271 159 162 9640 2 827 231 0 1 1"
      ;;
    5)
      test-tcas  "162 0 530 547 980 7638 1 971 527 1 0 0"
      ;;
    6)
      test-tcas  "42 0 223 495 581 9541 0 462 261 1 0 0"
      ;;
    7)
      test-tcas  "330 1 763 992 562 1617 3 161 301 1 1 0"
      ;;
    8)
      test-tcas  "786 1 333 912 38 2692 3 670 688 1 0 0"
      ;;
    9)
      test-tcas  "595 1 569 114 41 1656 1 758 532 1 1 0"
      ;;
    10)
      test-tcas  "998 1 755 701 257 1772 2 756 159 1 1 1"
      ;;
    11)
      test-tcas  "733 1 803 956 2 129 0 354 867 1 0 0"
      ;;
    12)
      test-tcas  "613 0 279 466 127 198 1 451 895 0 0 1"
      ;;
    13)
      test-tcas  "193 1 472 446 668 4826 3 311 680 1 1 1"
      ;;
    14)
      test-tcas  "346 0 945 208 249 6005 2 399 117 1 1 0"
      ;;
    15)
      test-tcas  "648 0 163 153 794 6520 1 852 486 0 1 0"
      ;;
    16)
      test-tcas  "774 1 665 532 788 6920 0 580 768 1 0 0"
      ;;
    17)
      test-tcas  "637 0 881 615 242 9433 3 482 452 1 0 0"
      ;;
    18)
      test-tcas  "730 0 953 679 699 8155 3 294 455 1 0 1"
      ;;
    19)
      test-tcas  "88 0 27 572 932 2364 3 974 564 0 1 1"
      ;;
    20)
      test-tcas  "476 0 161 349 625 6944 2 511 794 0 0 0"
      ;;
    21)
      test-tcas  "794 1 538 688 81 758 0 371 261 0 0 0"
      ;;
    22)
      test-tcas  "305 0 821 544 38 338 1 705 599 0 1 0"
      ;;
    23)
      test-tcas  "137 1 405 615 939 2489 3 727 598 1 1 1"
      ;;
    24)
      test-tcas  "532 0 976 872 413 5296 0 492 594 0 1 1"
      ;;
    25)
      test-tcas  "635 0 92 481 435 2636 3 546 239 0 0 0"
      ;;
    26)
      test-tcas  "44 0 616 50 522 2580 0 672 574 1 1 1"
      ;;
    27)
      test-tcas  "108 1 583 142 425 5011 1 135 840 1 0 0"
      ;;
    28)
      test-tcas  "845 1 594 552 123 8493 3 516 220 0 0 1"
      ;;
    29)
      test-tcas  "521 1 71 784 475 726 3 345 642 1 1 0"
      ;;
    30)
      test-tcas  "282 1 632 636 634 970 2 377 976 0 0 1"
      ;;
    31)
      test-tcas  "825 0 508 731 369 6569 0 394 315 0 0 0"
      ;;
    32)
      test-tcas  "884 0 309 191 575 9051 1 983 692 0 1 0"
      ;;
    33)
      test-tcas  "341 0 547 528 758 8459 3 762 372 0 0 0"
      ;;
    34)
      test-tcas  "997 0 130 146 852 7263 2 976 949 0 0 1"
      ;;
    35)
      test-tcas  "505 1 590 648 654 7756 1 356 713 1 0 1"
      ;;
    36)
      test-tcas  "649 0 59 380 193 8927 1 567 272 0 0 1"
      ;;
    37)
      test-tcas  "25 1 962 421 691 698 1 413 102 0 0 1"
      ;;
    38)
      test-tcas  "331 0 138 370 275 4919 0 375 636 0 1 1"
      ;;
    39)
      test-tcas  "765 0 439 11 333 3743 0 856 637 1 0 0"
      ;;
    40)
      test-tcas  "622 0 59 22 382 6911 2 792 978 1 0 1"
      ;;
esac
