#!/bin/bash
set -euo pipefail
SCRIPT_DIR=$(cd "$(dirname "${BASH_SOURCE[0]}")" && pwd)
test-tcas () {
    diff -q <(${ANGELIX_RUN:-eval} ./tcas $1) <($SCRIPT_DIR/../golden/tcas $1) > /dev/null
}

case "$1" in
    1)
      test-tcas  "827 0 618 731 49 743 1 995 287 0 1 1"
      ;;
    2)
      test-tcas  "876 0 449 938 943 252 2 33 955 1 1 0"
      ;;
    3)
      test-tcas  "710 1 315 702 897 4119 0 764 151 0 0 0"
      ;;
    4)
      test-tcas  "481 1 191 793 49 6742 3 815 552 1 1 1"
      ;;
    5)
      test-tcas  "860 1 919 523 162 347 2 315 575 1 1 0"
      ;;
    6)
      test-tcas  "92 0 260 953 751 1944 2 180 149 0 1 0"
      ;;
    7)
      test-tcas  "737 0 896 104 888 4717 3 573 362 1 1 1"
      ;;
    8)
      test-tcas  "648 1 227 610 611 7659 1 224 52 0 1 0"
      ;;
    9)
      test-tcas  "40 1 50 961 356 7743 1 955 977 1 0 1"
      ;;
    10)
      test-tcas  "305 1 503 927 753 1644 1 66 378 0 1 0"
      ;;
    11)
      test-tcas  "496 1 820 917 574 8926 1 351 264 0 0 1"
      ;;
    12)
      test-tcas  "134 0 666 906 508 5658 2 252 833 1 1 0"
      ;;
    13)
      test-tcas  "175 0 954 159 757 6731 2 205 938 1 1 0"
      ;;
    14)
      test-tcas  "681 1 186 309 330 6569 3 422 477 0 1 0"
      ;;
    15)
      test-tcas  "821 1 424 369 159 1595 3 325 76 0 0 0"
      ;;
    16)
      test-tcas  "494 1 87 12 939 3615 3 478 301 0 0 0"
      ;;
    17)
      test-tcas  "898 1 770 950 839 1334 3 282 63 1 0 0"
      ;;
    18)
      test-tcas  "931 1 309 404 909 7398 1 748 720 0 0 0"
      ;;
    19)
      test-tcas  "322 1 245 582 191 752 3 529 706 1 1 0"
      ;;
    20)
      test-tcas  "866 0 812 723 175 8704 2 896 311 0 0 1"
      ;;
    21)
      test-tcas  "93 0 441 597 347 9813 0 604 498 0 1 1"
      ;;
    22)
      test-tcas  "116 0 686 419 158 7728 2 580 391 1 1 0"
      ;;
    23)
      test-tcas  "292 0 270 938 774 7192 1 43 223 0 0 1"
      ;;
    24)
      test-tcas  "685 0 803 943 488 6795 2 83 275 1 0 0"
      ;;
    25)
      test-tcas  "153 0 476 677 667 8562 0 865 386 1 0 1"
      ;;
    26)
      test-tcas  "161 0 786 567 527 2163 0 442 306 1 0 1"
      ;;
    27)
      test-tcas  "191 1 73 359 978 1435 2 773 172 0 0 0"
      ;;
    28)
      test-tcas  "864 0 322 117 166 2984 2 794 983 1 0 1"
      ;;
    29)
      test-tcas  "570 1 348 646 158 895 1 404 906 0 1 1"
      ;;
    30)
      test-tcas  "573 0 93 722 609 8033 2 958 800 1 0 0"
      ;;
    31)
      test-tcas  "216 1 357 26 968 3079 0 293 218 0 0 0"
      ;;
    32)
      test-tcas  "931 1 862 977 105 3254 1 481 620 1 0 1"
      ;;
    33)
      test-tcas  "352 1 41 575 938 5706 0 382 397 1 0 1"
      ;;
    34)
      test-tcas  "867 0 480 118 844 5749 3 656 667 1 1 1"
      ;;
    35)
      test-tcas  "449 0 381 14 322 7529 1 230 621 1 1 1"
      ;;
    36)
      test-tcas  "618 1 850 85 490 2268 1 247 503 0 1 1"
      ;;
    37)
      test-tcas  "784 1 239 566 629 1016 1 260 62 1 1 1"
      ;;
    38)
      test-tcas  "200 1 115 609 47 2791 1 935 552 1 0 1"
      ;;
    39)
      test-tcas  "91 0 784 355 77 5112 2 701 46 0 1 1"
      ;;
    40)
      test-tcas  "412 0 615 670 51 2302 0 709 19 1 0 1"
      ;;
esac
