#!/bin/bash
set -euo pipefail
SCRIPT_DIR=$(cd "$(dirname "${BASH_SOURCE[0]}")" && pwd)
test-tcas () {
    diff -q <(${ANGELIX_RUN:-eval} ./tcas $1) <($SCRIPT_DIR/../golden/tcas $1) > /dev/null
}

case "$1" in
    1)
      test-tcas  "-6903 0 0 9008 3669 -7440 0 6140 6384 0 2 1"
      ;;
    2)
      test-tcas  "-2304 0 0 2262 2944 2258 0 402 503 0 2 1"
      ;;
    3)
      test-tcas  "2816 0 0 6385 -5376 6364 1 2296 2297 0 2 0"
      ;;
    4)
      test-tcas  "836 0 0 6256 753 -10000 1 3544 6384 0 2 1"
      ;;
    5)
      test-tcas  "208 0 0 3637 -112 3636 1 8316 8416 0 2 0"
      ;;
    6)
      test-tcas  "256 0 0 6386 3840 6385 1 6084 6944 0 2 1"
      ;;
    7)
      test-tcas  "272 0 0 6352 560 5844 3 4348 6369 0 2 1"
      ;;
    8)
      test-tcas  "-7934 0 0 -9227 8269 -9228 3 8136 8240 0 2 1"
      ;;
    9)
      test-tcas  "2708 0 0 9584 -2677 8304 0 9740 9844 0 2 1"
      ;;
    10)
      test-tcas  "-1617 0 0 9008 -1617 -7440 0 6140 6384 0 2 1"
      ;;
    11)
      test-tcas  "320 0 0 2262 320 2258 0 402 503 0 2 1"
      ;;
    12)
      test-tcas  "-1280 0 0 6385 -1280 6364 1 2296 2297 0 2 0"
      ;;
    13)
      test-tcas  "794 0 0 6256 794 -10000 1 3544 6384 0 2 1"
      ;;
    14)
      test-tcas  "48 0 0 3637 48 3636 1 8316 8416 0 2 0"
      ;;
    15)
      test-tcas  "2048 0 0 6386 2048 6385 1 6084 6944 0 2 1"
      ;;
    16)
      test-tcas  "416 0 0 6352 416 5844 3 4348 6369 0 2 1"
      ;;
    17)
      test-tcas  "167 0 0 -9227 167 -9228 3 8136 8240 0 2 1"
      ;;
    18)
      test-tcas  "15 0 0 9584 15 8304 0 9740 9844 0 2 1"
      ;;
    19)
      test-tcas  "6352 0 0 7280 -8400 -7952 0 2288 2289 0 2 0"
      ;;
    20)
      test-tcas  "-112 0 0 -9993 6256 -9994 0 6324 6428 0 2 1"
      ;;
    21)
      test-tcas  "8424 0 0 6260 -9223 6192 0 6268 6368 0 2 1"
      ;;
    22)
      test-tcas  "-1024 0 0 7280 -1024 -7952 0 2288 2289 0 2 0"
      ;;
    23)
      test-tcas  "3072 0 0 -9993 3072 -9994 0 6324 6428 0 2 1"
      ;;
    24)
      test-tcas  "-399 0 0 6260 -399 6192 0 6268 6368 0 2 1"
      ;;
    25)
      test-tcas  "4155 0 0 -8976 9410 -9840 0 2680 6327 0 2 1"
      ;;
    26)
      test-tcas  "-8059 0 0 6352 8299 2288 0 6356 6384 0 2 0"
      ;;
    27)
      test-tcas  "-2151 0 0 -2448 2388 -3888 0 6380 8304 0 2 1"
      ;;
    28)
      test-tcas  "6782 0 0 -8976 6782 -9840 0 2680 6327 0 2 1"
      ;;
    29)
      test-tcas  "120 0 0 6352 120 2288 0 6356 6384 0 2 0"
      ;;
    30)
      test-tcas  "118 0 0 -2448 118 -3888 0 6380 8304 0 2 1"
      ;;
    31)
      test-tcas  "56 0 0 6324 -8156 6320 1 8252 8368 0 2 1"
      ;;
    32)
      test-tcas  "6336 0 0 8532 7280 8432 1 6316 6496 0 2 1"
      ;;
    33)
      test-tcas  "-5913 0 0 9984 1869 -816 1 4032 10000 0 2 1"
      ;;
    34)
      test-tcas  "-4050 0 0 6324 -4050 6320 1 8252 8368 0 2 1"
      ;;
    35)
      test-tcas  "6808 0 0 8532 6808 8432 1 6316 6496 0 2 1"
      ;;
    36)
      test-tcas  "-2022 0 0 9984 -2022 -816 1 4032 10000 0 2 1"
      ;;
    37)
      test-tcas  "-112 0 0 -272 752 -7440 1 721 6256 0 2 1"
      ;;
    38)
      test-tcas  "4136 0 0 8432 -4040 2288 1 2288 2292 0 2 0"
      ;;
    39)
      test-tcas  "-7511 0 0 2292 -8939 2288 1 6352 6352 0 2 0"
      ;;
    40)
      test-tcas  "320 0 0 -272 320 -7440 1 721 6256 0 2 1"
      ;;
    41)
      test-tcas  "48 0 0 8432 48 2288 1 2288 2292 0 2 0"
      ;;
    42)
      test-tcas  "-8225 0 0 2292 -8225 2288 1 6352 6352 0 2 0"
      ;;
    43)
      test-tcas  "3507 0 0 -2145 -3022 -6018 1 6332 6332 0 2 0"
      ;;
    44)
      test-tcas  "201 0 0 4336 8349 -1824 1 7068 7216 0 2 1"
      ;;
    45)
      test-tcas  "784 0 0 -9040 -1728 -9192 1 5532 5620 0 2 0"
      ;;
    46)
      test-tcas  "242 0 0 -2145 242 -6018 1 6332 6332 0 2 0"
      ;;
    47)
      test-tcas  "4275 0 0 4336 4275 -1824 1 7068 7216 0 2 1"
      ;;
    48)
      test-tcas  "-472 0 0 -9040 -472 -9192 1 5532 5620 0 2 0"
      ;;
    49)
      test-tcas  "112 0 0 7137 -7920 7136 1 500 632 0 2 1"
      ;;
    50)
      test-tcas  "-9756 0 0 3824 8737 3184 1 8084 8400 0 2 1"
      ;;
    51)
      test-tcas  "-3904 0 0 7137 -3904 7136 1 500 632 0 2 1"
      ;;
    52)
      test-tcas  "-509 0 0 3824 -509 3184 1 8084 8400 0 2 1"
      ;;
    53)
      test-tcas  "4267 0 0 6256 1691 -9616 3 6264 8304 0 2 0"
      ;;
    54)
      test-tcas  "-2027 0 0 3249 397 3248 3 6268 6384 0 2 1"
      ;;
    55)
      test-tcas  "-9179 0 0 2800 471 2256 3 741 976 0 2 1"
      ;;
    56)
      test-tcas  "2979 0 0 6256 2979 -9616 3 6264 8304 0 2 0"
      ;;
    57)
      test-tcas  "-815 0 0 3249 -815 3248 3 6268 6384 0 2 1"
      ;;
    58)
      test-tcas  "-4354 0 0 2800 -4354 2256 3 741 976 0 2 1"
      ;;
    59)
      test-tcas  "2300 0 0 2289 -2295 2288 3 2428 7392 0 2 1"
      ;;
    60)
      test-tcas  "256 0 0 -1220 3840 -5313 3 7384 7664 1 2 0"
      ;;
    61)
      test-tcas  "5536 0 0 4336 -2656 -688 3 6384 6392 0 2 0"
      ;;
    62)
      test-tcas  "2 0 0 2289 2 2288 3 2428 7392 0 2 1"
      ;;
    63)
      test-tcas  "2048 0 0 -1220 2048 -5313 3 7384 7664 1 2 0"
      ;;
    64)
      test-tcas  "1440 0 0 4336 1440 -688 3 6384 6392 0 2 0"
      ;;
    65)
      test-tcas  "-9744 0 0 -3968 10000 -9040 0 6268 6376 0 2 1"
      ;;
    66)
      test-tcas  "-7182 0 0 -1872 -9209 -5936 0 2292 4336 0 2 1"
      ;;
    67)
      test-tcas  "128 0 0 -3968 128 -9040 0 6268 6376 0 2 1"
      ;;
    68)
      test-tcas  "-8195 0 0 -1872 -8195 -5936 0 2292 4336 0 2 1"
      ;;
esac
