#!/bin/bash
set -euo pipefail
SCRIPT_DIR=$(cd "$(dirname "${BASH_SOURCE[0]}")" && pwd)
test-tcas () {
    diff -q <(${ANGELIX_RUN:-eval} ./tcas $1) <($SCRIPT_DIR/../golden/tcas $1) > /dev/null
}

case "$1" in
    1)
      test-tcas  "6264 1 1 6385 112 -1936 2 6389 6423 0 2 1"
      ;;
    2)
      test-tcas  "6264 1 1 -9407 80 -9472 3 6387 6467 0 2 1"
      ;;
    3)
      test-tcas  "6264 1 1 6257 -5520 2161 2 6031 6131 0 2 1"
      ;;
    4)
      test-tcas  "4344 1 1 6256 -9648 2160 1 2968 3120 0 2 1"
      ;;
    5)
      test-tcas  "2296 1 1 -9999 528 -10000 0 8252 8255 0 2 1"
      ;;
    6)
      test-tcas  "6384 1 1 6257 -5920 2161 0 6280 6381 0 2 1"
      ;;
    7)
      test-tcas  "2232 1 1 -9648 16 -9663 1 1956 2037 0 2 1"
      ;;
    8)
      test-tcas  "6264 1 1 8305 80 3184 3 9801 10000 0 2 1"
      ;;
    9)
      test-tcas  "6264 1 1 6385 112 -1936 2 6224 6389 0 2 1"
      ;;
    10)
      test-tcas  "6264 1 1 -9407 80 -9472 3 6268 6387 0 2 1"
      ;;
    11)
      test-tcas  "6264 1 1 6257 -5520 2161 2 5932 6031 0 2 1"
      ;;
    12)
      test-tcas  "4344 1 1 6256 -9648 2160 1 2921 2968 0 2 1"
      ;;
    13)
      test-tcas  "2296 1 1 -9999 528 -10000 0 8056 8252 0 2 1"
      ;;
    14)
      test-tcas  "6384 1 1 6257 -5920 2161 0 6182 6280 0 2 1"
      ;;
    15)
      test-tcas  "2232 1 1 -9648 16 -9663 1 1838 1956 0 2 1"
      ;;
    16)
      test-tcas  "6264 1 1 8305 80 3184 3 9801 9801 0 2 1"
      ;;
    17)
      test-tcas  "4312 1 1 4337 -1872 -8992 2 2302 1023 0 2 0"
      ;;
    18)
      test-tcas  "6264 1 1 2289 -10000 -9456 2 688 703 0 2 1"
      ;;
    19)
      test-tcas  "8312 1 1 -3855 -6032 -5904 2 128 -2 0 2 0"
      ;;
    20)
      test-tcas  "1312 1 1 4337 -71 4336 2 2302 2402 0 2 0"
      ;;
    21)
      test-tcas  "6264 1 1 2289 -10000 -9456 2 504 688 0 2 1"
      ;;
    22)
      test-tcas  "1712 1 1 -3855 -31 -3854 2 -1 -2 0 2 0"
      ;;
    23)
      test-tcas  "4344 1 1 -1935 112 -10000 3 6366 1519 0 2 0"
      ;;
    24)
      test-tcas  "3192 1 1 -5903 -6576 -10000 3 747 756 0 2 1"
      ;;
    25)
      test-tcas  "4344 1 1 -3855 240 -10000 3 642 -2 0 2 0"
      ;;
    26)
      test-tcas  "1344 1 1 -1935 113 -1936 3 6366 6466 0 2 0"
      ;;
    27)
      test-tcas  "3192 1 1 -5903 -6576 -10000 3 557 747 0 2 1"
      ;;
    28)
      test-tcas  "1344 1 1 -3855 241 -3854 3 -1 -2 0 2 0"
      ;;
    29)
      test-tcas  "6184 1 1 3185 80 2048 2 6364 8291 0 2 1"
      ;;
    30)
      test-tcas  "1144 1 1 2289 16 -9344 2 652 755 0 2 1"
      ;;
    31)
      test-tcas  "760 1 1 6353 -10000 -2048 2 5284 -101 0 2 0"
      ;;
    32)
      test-tcas  "6184 1 1 3185 80 2048 2 8092 6364 0 2 1"
      ;;
    33)
      test-tcas  "1144 1 1 2289 16 -9344 2 556 652 0 2 1"
      ;;
    34)
      test-tcas  "1360 1 1 6353 -399 6352 2 5284 5384 0 2 0"
      ;;
    35)
      test-tcas  "6264 1 1 -9991 -6320 -10000 1 4092 8431 0 2 1"
      ;;
    36)
      test-tcas  "2296 1 1 9977 -6384 9968 1 508 669 0 2 1"
      ;;
    37)
      test-tcas  "760 1 1 6353 -10000 -2048 1 5284 -101 0 2 0"
      ;;
    38)
      test-tcas  "6264 1 1 -9991 -6320 -10000 1 8232 4092 0 2 1"
      ;;
    39)
      test-tcas  "2296 1 1 9977 -6384 9968 1 470 508 0 2 1"
      ;;
    40)
      test-tcas  "1360 1 1 6353 -399 6352 1 5284 5384 0 2 0"
      ;;
    41)
      test-tcas  "4344 1 1 6145 -6416 -2048 0 6366 1399 0 2 1"
      ;;
    42)
      test-tcas  "2344 1 1 -1935 528 -2320 0 418 455 0 2 1"
      ;;
    43)
      test-tcas  "4344 1 1 -3855 240 -10000 0 130 -2 0 2 0"
      ;;
    44)
      test-tcas  "1344 1 1 6145 -415 6144 0 6366 6466 0 2 1"
      ;;
    45)
      test-tcas  "2344 1 1 -1935 528 -2320 0 256 418 0 2 1"
      ;;
    46)
      test-tcas  "1344 1 1 -3855 241 -3854 0 -1 -2 0 2 0"
      ;;
    47)
      test-tcas  "6264 1 1 3187 -8432 3184 0 6364 6787 0 2 1"
      ;;
    48)
      test-tcas  "632 1 1 -1799 -7600 -1808 0 478 582 0 2 1"
      ;;
    49)
      test-tcas  "760 1 1 6353 -10000 -2048 0 5284 -101 0 2 0"
      ;;
    50)
      test-tcas  "6264 1 1 3187 -8432 3184 0 6588 6364 0 2 1"
      ;;
    51)
      test-tcas  "632 1 1 -1799 -7600 -1808 0 383 478 0 2 1"
      ;;
    52)
      test-tcas  "1360 1 1 6353 -399 6352 0 5284 5384 0 2 0"
      ;;
    53)
      test-tcas  "1272 1 1 3137 -9488 -9728 1 6367 4095 0 2 0"
      ;;
    54)
      test-tcas  "2296 1 1 1553 240 1552 1 500 501 0 2 1"
      ;;
    55)
      test-tcas  "4344 1 1 -3855 240 -10000 1 130 -2 0 2 0"
      ;;
    56)
      test-tcas  "1272 1 1 3137 -487 3136 1 6367 6467 0 2 0"
      ;;
    57)
      test-tcas  "2296 1 1 1553 240 1552 1 302 500 0 2 1"
      ;;
    58)
      test-tcas  "1344 1 1 -3855 241 -3854 1 -1 -2 0 2 0"
      ;;
    59)
      test-tcas  "3192 1 1 2289 -6416 -10000 3 6364 6787 0 2 1"
      ;;
    60)
      test-tcas  "6328 1 1 2289 80 1152 3 757 911 0 2 1"
      ;;
    61)
      test-tcas  "760 1 1 6353 -10000 -2048 3 5284 -101 0 2 0"
      ;;
    62)
      test-tcas  "3192 1 1 2289 -6416 -10000 3 6588 6364 0 2 1"
      ;;
    63)
      test-tcas  "6328 1 1 2289 80 1152 3 712 757 0 2 1"
      ;;
    64)
      test-tcas  "1360 1 1 6353 -399 6352 3 5284 5384 0 2 0"
      ;;
esac
