#!/bin/bash
set -euo pipefail
SCRIPT_DIR=$(cd "$(dirname "${BASH_SOURCE[0]}")" && pwd)
test-tcas () {
    diff -q <(${ANGELIX_RUN:-eval} ./tcas $1) <($SCRIPT_DIR/../golden/tcas $1) > /dev/null
}

case "$1" in
    1)
      test-tcas  "232 1 60 85 830 9749 2 889 989 0 1 0"
      ;;
    2)
      test-tcas  "966 1 631 98 412 1 3 740 787 0 0 0"
      ;;
    3)
      test-tcas  "227 0 172 340 513 8136 3 105 753 1 1 1"
      ;;
    4)
      test-tcas  "778 0 972 940 233 5955 3 252 828 1 1 0"
      ;;
    5)
      test-tcas  "253 1 429 242 797 8904 0 210 811 1 0 1"
      ;;
    6)
      test-tcas  "771 0 722 572 846 5619 2 496 554 0 0 1"
      ;;
    7)
      test-tcas  "301 0 544 487 353 1626 2 895 37 1 1 1"
      ;;
    8)
      test-tcas  "813 0 742 664 157 3215 3 969 89 0 0 1"
      ;;
    9)
      test-tcas  "566 1 635 455 903 1240 3 134 825 1 0 0"
      ;;
    10)
      test-tcas  "776 0 836 829 615 1820 3 109 877 1 0 0"
      ;;
    11)
      test-tcas  "395 1 521 981 173 1534 0 396 40 0 1 0"
      ;;
    12)
      test-tcas  "837 0 348 265 551 8783 0 93 90 1 0 0"
      ;;
    13)
      test-tcas  "147 1 499 361 922 494 1 882 291 1 1 0"
      ;;
    14)
      test-tcas  "394 1 795 656 497 4310 0 387 446 1 1 1"
      ;;
    15)
      test-tcas  "944 0 283 730 418 751 1 291 252 1 1 1"
      ;;
    16)
      test-tcas  "710 1 342 631 965 7715 1 674 286 0 1 1"
      ;;
    17)
      test-tcas  "552 0 23 210 960 878 3 887 21 0 0 0"
      ;;
    18)
      test-tcas  "644 1 151 257 425 8319 1 60 19 1 1 1"
      ;;
    19)
      test-tcas  "858 0 567 458 302 5770 1 872 739 1 0 0"
      ;;
    20)
      test-tcas  "66 0 911 359 455 501 0 680 288 1 0 0"
      ;;
    21)
      test-tcas  "684 1 382 491 85 6857 0 329 960 1 0 1"
      ;;
    22)
      test-tcas  "810 1 80 646 291 4881 3 107 468 1 1 1"
      ;;
    23)
      test-tcas  "916 1 819 950 629 5388 0 247 485 0 0 1"
      ;;
    24)
      test-tcas  "285 1 630 942 269 137 0 183 345 1 1 0"
      ;;
    25)
      test-tcas  "175 1 610 158 704 4528 1 393 664 0 1 0"
      ;;
    26)
      test-tcas  "85 0 356 999 876 2448 1 179 82 1 0 1"
      ;;
    27)
      test-tcas  "521 0 795 638 112 8514 2 28 370 1 1 1"
      ;;
    28)
      test-tcas  "207 1 18 678 399 2046 1 397 835 1 0 0"
      ;;
    29)
      test-tcas  "902 0 478 955 207 9605 3 756 151 1 0 0"
      ;;
    30)
      test-tcas  "736 1 882 495 405 8877 1 625 617 0 0 0"
      ;;
    31)
      test-tcas  "350 1 88 35 700 6077 1 986 268 0 1 1"
      ;;
    32)
      test-tcas  "103 1 427 803 518 1861 0 62 262 0 0 0"
      ;;
    33)
      test-tcas  "135 0 61 337 349 6998 0 794 623 0 0 0"
      ;;
    34)
      test-tcas  "261 1 293 116 241 8747 3 613 609 0 0 1"
      ;;
    35)
      test-tcas  "374 0 109 520 406 2031 1 182 779 1 0 0"
      ;;
    36)
      test-tcas  "404 1 730 341 794 6048 0 679 246 1 0 0"
      ;;
    37)
      test-tcas  "809 0 499 490 901 7001 3 4 582 0 1 1"
      ;;
    38)
      test-tcas  "60 0 120 926 197 1049 0 846 432 0 0 1"
      ;;
    39)
      test-tcas  "756 1 4 967 146 8473 0 67 90 0 1 1"
      ;;
    40)
      test-tcas  "683 1 339 187 87 390 0 87 35 1 1 0"
      ;;
    41)
      test-tcas  "428 1 448 949 44 3080 1 163 812 1 1 1"
      ;;
    42)
      test-tcas  "96 0 27 325 987 2206 0 382 617 0 0 0"
      ;;
    43)
      test-tcas  "136 0 13 724 70 9848 3 60 465 0 0 0"
      ;;
    44)
      test-tcas  "381 1 33 902 20 1316 2 889 0 0 0 1"
      ;;
    45)
      test-tcas  "94 1 722 308 22 6255 2 696 748 1 1 0"
      ;;
    46)
      test-tcas  "79 1 608 769 294 9464 1 44 922 1 0 1"
      ;;
    47)
      test-tcas  "787 0 773 441 906 1268 1 97 857 1 1 0"
      ;;
    48)
      test-tcas  "805 0 103 736 430 5086 1 234 652 0 1 1"
      ;;
    49)
      test-tcas  "172 1 629 540 548 1098 1 777 716 1 0 1"
      ;;
    50)
      test-tcas  "634 1 255 467 980 9619 3 934 651 1 1 0"
      ;;
    51)
      test-tcas  "152 1 56 239 806 5924 2 644 163 0 1 1"
      ;;
    52)
      test-tcas  "861 1 314 378 699 9822 0 432 651 1 1 0"
      ;;
    53)
      test-tcas  "79 0 494 401 465 8317 1 645 564 1 1 1"
      ;;
    54)
      test-tcas  "989 1 590 550 915 8110 0 542 739 0 0 0"
      ;;
    55)
      test-tcas  "260 1 459 738 195 6607 0 698 593 0 1 1"
      ;;
    56)
      test-tcas  "56 0 183 914 466 5399 1 931 325 0 0 0"
      ;;
    57)
      test-tcas  "697 1 877 438 156 8952 3 645 155 1 0 1"
      ;;
    58)
      test-tcas  "655 0 964 214 941 3447 1 953 78 0 0 0"
      ;;
    59)
      test-tcas  "528 0 523 418 123 6323 2 250 678 1 1 0"
      ;;
    60)
      test-tcas  "244 0 76 527 211 6179 3 129 193 0 1 0"
      ;;
    61)
      test-tcas  "928 0 981 99 217 5171 3 499 259 0 0 1"
      ;;
    62)
      test-tcas  "619 1 523 332 461 2006 0 650 604 1 1 1"
      ;;
    63)
      test-tcas  "424 0 801 844 623 3013 1 721 400 0 0 1"
      ;;
    64)
      test-tcas  "632 0 617 404 228 1603 2 547 983 1 0 1"
      ;;
    65)
      test-tcas  "866 0 754 431 873 2663 2 283 303 0 0 0"
      ;;
    66)
      test-tcas  "534 0 341 40 156 8167 2 417 639 0 0 0"
      ;;
    67)
      test-tcas  "532 0 371 222 571 3378 2 875 960 1 1 1"
      ;;
    68)
      test-tcas  "533 1 916 374 464 9628 1 835 671 1 1 1"
      ;;
    69)
      test-tcas  "103 1 175 883 656 9636 0 646 519 0 0 1"
      ;;
    70)
      test-tcas  "420 1 115 801 339 4807 0 841 981 0 1 0"
      ;;
    71)
      test-tcas  "477 1 276 819 553 801 3 705 662 0 1 0"
      ;;
    72)
      test-tcas  "384 1 114 765 753 8024 2 141 3 0 0 1"
      ;;
    73)
      test-tcas  "664 1 242 702 836 7417 0 739 957 0 0 1"
      ;;
    74)
      test-tcas  "358 1 933 430 426 9139 1 907 252 1 1 1"
      ;;
    75)
      test-tcas  "237 0 424 716 232 2369 0 783 439 0 0 0"
      ;;
    76)
      test-tcas  "506 0 743 985 912 8516 2 312 42 1 1 1"
      ;;
    77)
      test-tcas  "69 1 143 432 100 7653 2 368 883 0 1 0"
      ;;
    78)
      test-tcas  "703 1 603 606 46 8913 1 191 0 1 0 0"
      ;;
    79)
      test-tcas  "336 0 414 420 719 3 2 596 501 0 1 0"
      ;;
    80)
      test-tcas  "124 0 402 328 229 8779 0 456 201 1 0 0"
      ;;
    81)
      test-tcas  "25 0 121 8 995 1111 3 874 56 0 1 0"
      ;;
    82)
      test-tcas  "284 1 54 345 276 3957 0 160 56 0 0 0"
      ;;
    83)
      test-tcas  "411 1 812 814 453 685 0 342 608 0 0 0"
      ;;
    84)
      test-tcas  "142 1 251 496 822 7284 1 344 291 0 0 1"
      ;;
    85)
      test-tcas  "249 1 532 942 610 3085 1 234 382 0 1 0"
      ;;
    86)
      test-tcas  "123 1 294 950 501 8076 2 55 637 1 1 0"
      ;;
    87)
      test-tcas  "657 0 365 966 80 785 2 708 484 0 1 1"
      ;;
    88)
      test-tcas  "168 1 820 351 383 6000 0 163 69 0 0 0"
      ;;
    89)
      test-tcas  "914 1 595 117 32 397 0 884 449 1 1 0"
      ;;
    90)
      test-tcas  "151 0 446 937 411 6306 0 883 716 0 0 1"
      ;;
    91)
      test-tcas  "661 1 660 274 838 9498 1 116 848 1 0 1"
      ;;
    92)
      test-tcas  "296 1 638 387 796 5942 2 114 788 0 1 0"
      ;;
    93)
      test-tcas  "232 0 325 674 35 5009 3 761 438 1 1 1"
      ;;
    94)
      test-tcas  "423 0 343 426 622 2509 1 3 132 0 0 1"
      ;;
    95)
      test-tcas  "100 1 717 465 941 6369 0 941 580 1 0 0"
      ;;
    96)
      test-tcas  "141 1 172 421 133 574 0 358 260 1 0 1"
      ;;
    97)
      test-tcas  "658 1 172 491 539 9228 3 78 914 1 0 1"
      ;;
    98)
      test-tcas  "347 0 189 512 424 2326 0 806 969 0 1 0"
      ;;
    99)
      test-tcas  "831 0 32 943 480 7933 3 203 514 0 1 1"
      ;;
    100)
      test-tcas  "625 0 585 12 536 2060 3 817 906 0 1 1"
      ;;
    101)
      test-tcas  "229 0 837 770 315 7516 0 308 2 1 0 1"
      ;;
    102)
      test-tcas  "411 1 791 106 163 6487 3 2 670 0 1 0"
      ;;
    103)
      test-tcas  "850 0 556 978 309 8450 3 237 362 0 1 1"
      ;;
    104)
      test-tcas  "24 0 816 101 471 5371 1 307 328 1 0 1"
      ;;
    105)
      test-tcas  "528 0 791 213 443 9903 1 904 427 0 0 0"
      ;;
    106)
      test-tcas  "916 0 856 745 748 9461 2 991 427 1 0 0"
      ;;
    107)
      test-tcas  "640 0 117 252 454 9738 0 823 264 0 1 1"
      ;;
    108)
      test-tcas  "760 1 467 371 865 5242 1 535 876 1 0 1"
      ;;
    109)
      test-tcas  "778 1 974 303 30 1998 0 231 952 0 1 1"
      ;;
    110)
      test-tcas  "209 1 849 882 790 8465 0 849 302 0 1 1"
      ;;
    111)
      test-tcas  "386 1 783 242 508 5118 3 302 469 1 0 1"
      ;;
    112)
      test-tcas  "455 0 16 835 617 978 1 436 717 1 1 0"
      ;;
    113)
      test-tcas  "568 1 199 175 677 6609 2 227 678 0 0 1"
      ;;
    114)
      test-tcas  "925 1 926 142 865 7823 2 391 624 1 1 1"
      ;;
    115)
      test-tcas  "579 0 670 962 549 2452 0 157 642 1 1 1"
      ;;
    116)
      test-tcas  "733 1 835 140 995 4115 0 357 910 0 0 1"
      ;;
    117)
      test-tcas  "701 1 733 591 201 1951 3 284 735 1 0 0"
      ;;
    118)
      test-tcas  "731 1 430 53 413 3677 1 853 121 1 1 1"
      ;;
    119)
      test-tcas  "496 1 684 540 42 1281 0 566 305 0 0 1"
      ;;
    120)
      test-tcas  "279 1 537 99 405 3931 1 587 991 1 0 0"
      ;;
    121)
      test-tcas  "678 0 580 509 110 1471 2 853 843 1 1 0"
      ;;
    122)
      test-tcas  "72 0 445 754 760 4046 1 654 318 0 1 1"
      ;;
    123)
      test-tcas  "55 1 709 157 260 9075 3 435 905 1 0 1"
      ;;
    124)
      test-tcas  "650 0 130 944 45 5809 0 745 551 1 0 0"
      ;;
    125)
      test-tcas  "307 1 954 750 336 263 3 269 260 1 0 1"
      ;;
    126)
      test-tcas  "425 0 935 165 771 9244 3 767 686 1 0 1"
      ;;
    127)
      test-tcas  "552 1 738 821 703 1576 3 396 3 0 1 0"
      ;;
    128)
      test-tcas  "345 1 492 801 931 7449 1 501 329 1 1 0"
      ;;
    129)
      test-tcas  "943 1 435 267 718 3092 3 306 600 0 0 0"
      ;;
    130)
      test-tcas  "551 1 929 143 631 7643 2 184 39 0 1 1"
      ;;
    131)
      test-tcas  "780 1 444 493 21 2242 1 279 108 0 1 0"
      ;;
    132)
      test-tcas  "619 0 659 887 809 7937 1 158 296 1 1 0"
      ;;
    133)
      test-tcas  "854 1 328 504 736 9014 3 941 41 0 1 1"
      ;;
    134)
      test-tcas  "259 0 287 99 257 1788 1 974 698 0 1 0"
      ;;
    135)
      test-tcas  "21 0 690 68 940 5798 0 562 624 1 1 1"
      ;;
    136)
      test-tcas  "561 1 436 932 442 4661 3 571 258 1 1 1"
      ;;
    137)
      test-tcas  "218 1 705 359 9 7602 2 856 400 0 1 0"
      ;;
    138)
      test-tcas  "163 0 527 594 839 9867 0 447 891 0 1 1"
      ;;
esac
