#!/bin/bash
set -euo pipefail
SCRIPT_DIR=$(cd "$(dirname "${BASH_SOURCE[0]}")" && pwd)
test-tcas () {
    diff -q <(${ANGELIX_RUN:-eval} ./tcas $1) <($SCRIPT_DIR/../golden/tcas $1) > /dev/null
}

case "$1" in
    1)
      test-tcas  "857 1 495 252 718 714 0 662 331 0 0 0"
      ;;
    2)
      test-tcas  "112 0 452 970 565 3100 1 560 579 0 0 0"
      ;;
    3)
      test-tcas  "921 0 853 613 274 131 2 102 328 1 0 0"
      ;;
    4)
      test-tcas  "297 1 495 575 709 3048 0 235 486 0 0 1"
      ;;
    5)
      test-tcas  "128 0 338 738 300 8242 0 388 213 0 1 0"
      ;;
    6)
      test-tcas  "3 0 161 852 711 9248 2 741 597 1 0 0"
      ;;
    7)
      test-tcas  "231 0 891 42 224 5424 1 83 535 0 0 0"
      ;;
    8)
      test-tcas  "977 1 503 218 936 4748 1 733 347 1 0 1"
      ;;
    9)
      test-tcas  "644 0 853 640 746 8772 1 860 149 0 1 0"
      ;;
    10)
      test-tcas  "825 0 651 584 961 5689 2 678 530 1 0 1"
      ;;
    11)
      test-tcas  "291 1 174 23 125 2483 2 324 518 0 1 1"
      ;;
    12)
      test-tcas  "615 0 126 328 502 9376 1 757 289 1 1 0"
      ;;
    13)
      test-tcas  "101 0 335 406 345 9228 2 808 444 1 1 0"
      ;;
    14)
      test-tcas  "788 1 774 253 826 1125 2 499 72 0 1 0"
      ;;
    15)
      test-tcas  "275 1 584 690 188 1219 0 940 144 1 0 0"
      ;;
    16)
      test-tcas  "152 0 511 104 304 4851 0 558 108 1 1 0"
      ;;
    17)
      test-tcas  "763 0 316 224 493 2175 0 53 812 1 1 0"
      ;;
    18)
      test-tcas  "982 1 361 433 2 4849 0 328 158 1 1 0"
      ;;
    19)
      test-tcas  "562 1 692 797 124 3918 2 744 72 1 0 1"
      ;;
    20)
      test-tcas  "511 0 490 882 475 8747 0 331 587 0 1 0"
      ;;
    21)
      test-tcas  "776 0 835 540 424 3787 3 129 982 1 0 0"
      ;;
    22)
      test-tcas  "333 1 213 193 144 4066 1 551 24 0 1 0"
      ;;
    23)
      test-tcas  "559 0 196 679 192 1595 2 624 484 0 0 1"
      ;;
    24)
      test-tcas  "497 0 174 500 929 3373 2 162 132 0 1 0"
      ;;
    25)
      test-tcas  "367 1 920 317 446 7336 2 282 448 0 1 0"
      ;;
    26)
      test-tcas  "325 0 180 709 34 5472 3 321 289 1 1 1"
      ;;
    27)
      test-tcas  "159 1 318 684 511 3354 1 28 726 1 1 1"
      ;;
    28)
      test-tcas  "218 1 386 35 30 2601 1 966 172 1 0 0"
      ;;
    29)
      test-tcas  "447 1 767 531 205 7181 3 320 858 1 0 0"
      ;;
    30)
      test-tcas  "996 1 816 992 647 6093 1 804 558 1 0 0"
      ;;
    31)
      test-tcas  "358 0 647 609 146 3762 3 65 332 0 1 0"
      ;;
    32)
      test-tcas  "528 0 418 402 923 5463 2 913 838 1 1 0"
      ;;
    33)
      test-tcas  "101 0 133 411 468 8270 1 837 558 0 0 1"
      ;;
    34)
      test-tcas  "701 1 122 232 608 8381 2 657 43 1 0 0"
      ;;
    35)
      test-tcas  "500 1 952 615 460 3226 3 715 950 1 1 0"
      ;;
    36)
      test-tcas  "987 1 626 313 995 1494 3 835 400 0 0 1"
      ;;
    37)
      test-tcas  "478 0 433 909 919 6141 1 290 771 1 0 1"
      ;;
    38)
      test-tcas  "147 0 862 253 543 4559 0 250 699 0 1 0"
      ;;
    39)
      test-tcas  "677 1 443 131 236 6376 0 658 654 0 0 1"
      ;;
    40)
      test-tcas  "843 1 358 103 992 2841 3 137 989 1 1 0"
      ;;
    41)
      test-tcas  "572 1 49 912 486 2444 0 450 924 1 0 0"
      ;;
    42)
      test-tcas  "192 1 974 581 827 5243 1 125 393 0 0 1"
      ;;
    43)
      test-tcas  "774 1 995 248 71 3462 0 214 162 1 1 0"
      ;;
    44)
      test-tcas  "530 0 707 917 276 8130 3 679 69 0 0 1"
      ;;
    45)
      test-tcas  "397 0 336 694 672 960 1 706 622 1 0 0"
      ;;
    46)
      test-tcas  "921 0 551 626 226 7301 0 190 575 0 1 1"
      ;;
    47)
      test-tcas  "650 1 820 103 541 9757 1 894 439 1 1 0"
      ;;
    48)
      test-tcas  "188 1 603 762 721 3082 1 160 196 1 1 1"
      ;;
    49)
      test-tcas  "62 0 847 104 425 9130 1 741 759 1 0 0"
      ;;
    50)
      test-tcas  "485 0 909 476 933 5984 1 157 981 1 1 1"
      ;;
    51)
      test-tcas  "975 1 112 747 627 7960 1 68 199 0 0 0"
      ;;
    52)
      test-tcas  "702 1 733 919 767 2901 3 479 537 1 1 0"
      ;;
    53)
      test-tcas  "235 0 256 996 6 97 1 65 288 0 1 0"
      ;;
    54)
      test-tcas  "213 0 239 809 498 6307 1 710 852 0 0 1"
      ;;
    55)
      test-tcas  "201 0 129 8 918 8621 3 244 799 1 0 1"
      ;;
    56)
      test-tcas  "762 0 794 222 101 1405 0 593 663 1 1 1"
      ;;
    57)
      test-tcas  "503 0 491 386 396 249 1 913 115 1 0 1"
      ;;
    58)
      test-tcas  "496 0 339 410 154 8695 2 922 172 0 1 1"
      ;;
    59)
      test-tcas  "182 0 250 830 85 3560 1 459 32 0 0 1"
      ;;
    60)
      test-tcas  "440 0 581 701 500 1925 3 362 106 0 1 0"
      ;;
    61)
      test-tcas  "126 0 576 867 710 7276 0 11 659 1 0 1"
      ;;
    62)
      test-tcas  "931 0 925 809 36 3878 1 403 425 1 0 0"
      ;;
    63)
      test-tcas  "943 1 477 615 116 7301 0 289 309 0 0 1"
      ;;
    64)
      test-tcas  "786 0 402 82 307 4959 1 873 190 0 0 1"
      ;;
    65)
      test-tcas  "688 0 679 739 134 3727 0 695 539 0 1 0"
      ;;
    66)
      test-tcas  "246 0 28 529 795 2050 3 685 373 1 0 0"
      ;;
    67)
      test-tcas  "84 0 902 46 830 1517 1 963 738 0 1 0"
      ;;
    68)
      test-tcas  "949 1 328 657 55 7581 3 768 634 1 0 1"
      ;;
    69)
      test-tcas  "142 1 864 400 884 1084 3 906 916 0 0 1"
      ;;
    70)
      test-tcas  "489 0 975 446 109 1287 0 351 352 0 0 0"
      ;;
    71)
      test-tcas  "338 0 620 895 155 7471 3 100 599 0 0 0"
      ;;
    72)
      test-tcas  "310 0 776 13 736 9612 0 46 418 1 1 0"
      ;;
    73)
      test-tcas  "744 0 52 456 682 9338 2 536 977 0 0 1"
      ;;
    74)
      test-tcas  "984 1 447 766 581 216 0 400 590 1 0 0"
      ;;
    75)
      test-tcas  "766 1 618 324 674 1480 3 556 712 1 1 0"
      ;;
    76)
      test-tcas  "139 0 919 128 212 1547 0 863 421 1 0 1"
      ;;
    77)
      test-tcas  "392 0 694 82 249 7074 1 647 59 0 1 1"
      ;;
    78)
      test-tcas  "563 0 117 112 545 9947 3 346 41 1 1 1"
      ;;
    79)
      test-tcas  "102 1 98 178 949 8373 0 877 198 1 1 0"
      ;;
    80)
      test-tcas  "273 1 437 328 278 9237 3 811 330 0 1 1"
      ;;
    81)
      test-tcas  "847 1 639 116 326 7061 2 49 928 0 1 1"
      ;;
    82)
      test-tcas  "562 1 383 223 250 263 0 565 242 1 0 0"
      ;;
    83)
      test-tcas  "738 1 775 755 104 7966 2 877 138 1 0 1"
      ;;
    84)
      test-tcas  "310 0 88 606 858 337 3 199 321 1 0 0"
      ;;
    85)
      test-tcas  "361 1 726 392 706 2359 3 739 689 1 0 1"
      ;;
    86)
      test-tcas  "87 1 666 775 952 5065 2 367 686 0 0 1"
      ;;
    87)
      test-tcas  "858 0 626 574 182 9540 3 822 625 1 0 0"
      ;;
    88)
      test-tcas  "821 0 625 806 854 7499 1 806 1 1 1 0"
      ;;
    89)
      test-tcas  "189 0 564 810 789 7922 2 709 854 1 0 0"
      ;;
    90)
      test-tcas  "56 1 801 801 395 2079 0 320 220 1 1 0"
      ;;
    91)
      test-tcas  "213 1 589 629 778 9330 1 728 709 0 1 0"
      ;;
    92)
      test-tcas  "89 0 530 171 140 3337 2 633 128 0 1 1"
      ;;
    93)
      test-tcas  "503 1 34 651 153 2717 3 610 40 0 0 0"
      ;;
    94)
      test-tcas  "500 1 10 240 184 1812 1 304 955 0 0 1"
      ;;
    95)
      test-tcas  "42 1 735 628 428 6020 0 275 736 0 0 0"
      ;;
    96)
      test-tcas  "860 0 93 754 192 2140 0 143 595 0 0 1"
      ;;
    97)
      test-tcas  "198 1 994 617 657 7349 2 791 829 0 1 0"
      ;;
    98)
      test-tcas  "643 1 948 83 559 781 1 802 202 1 1 0"
      ;;
    99)
      test-tcas  "639 0 378 727 280 9245 3 833 589 0 0 0"
      ;;
    100)
      test-tcas  "618 0 318 189 873 3345 3 483 190 1 0 1"
      ;;
    101)
      test-tcas  "87 1 683 126 542 2189 1 185 256 1 0 1"
      ;;
    102)
      test-tcas  "247 1 343 651 57 3980 0 937 924 1 1 0"
      ;;
    103)
      test-tcas  "59 0 661 241 527 6102 0 99 312 0 0 0"
      ;;
    104)
      test-tcas  "876 1 156 331 857 1771 2 200 615 1 0 0"
      ;;
    105)
      test-tcas  "4 1 346 329 74 1019 3 572 451 0 0 1"
      ;;
    106)
      test-tcas  "726 0 711 466 574 1627 2 739 210 1 0 0"
      ;;
    107)
      test-tcas  "479 1 80 857 114 672 0 848 637 0 0 1"
      ;;
    108)
      test-tcas  "990 0 579 255 195 9606 2 945 288 1 1 1"
      ;;
    109)
      test-tcas  "285 1 554 378 191 5177 2 700 923 0 0 1"
      ;;
    110)
      test-tcas  "531 1 652 252 318 5147 2 158 265 1 1 1"
      ;;
    111)
      test-tcas  "689 1 484 825 211 1542 0 304 904 0 0 0"
      ;;
    112)
      test-tcas  "990 0 983 118 534 5156 0 659 402 1 1 0"
      ;;
    113)
      test-tcas  "159 1 737 425 676 3210 1 768 989 1 1 0"
      ;;
    114)
      test-tcas  "304 1 231 541 158 7429 2 306 425 1 0 0"
      ;;
    115)
      test-tcas  "243 0 15 643 956 2341 1 613 871 1 1 1"
      ;;
    116)
      test-tcas  "933 0 414 388 471 3349 0 756 761 1 0 0"
      ;;
    117)
      test-tcas  "519 0 423 863 349 1044 0 775 849 0 1 0"
      ;;
    118)
      test-tcas  "304 0 943 392 865 2335 0 449 684 0 0 1"
      ;;
    119)
      test-tcas  "740 1 518 725 974 283 2 937 925 1 0 1"
      ;;
    120)
      test-tcas  "272 0 145 933 557 2998 2 791 884 0 1 0"
      ;;
    121)
      test-tcas  "602 1 683 302 776 7647 0 233 798 0 1 1"
      ;;
    122)
      test-tcas  "599 1 755 728 754 8464 1 224 249 0 1 0"
      ;;
    123)
      test-tcas  "764 0 901 562 152 7716 0 661 184 1 1 1"
      ;;
    124)
      test-tcas  "750 0 66 475 447 5823 0 109 877 1 1 1"
      ;;
    125)
      test-tcas  "50 0 286 785 2 1216 2 735 95 1 1 1"
      ;;
    126)
      test-tcas  "526 0 732 781 212 2178 2 606 606 1 0 1"
      ;;
    127)
      test-tcas  "955 1 952 872 200 1683 2 208 994 0 0 1"
      ;;
    128)
      test-tcas  "305 1 414 905 689 2229 1 996 575 1 1 1"
      ;;
    129)
      test-tcas  "879 1 57 743 800 855 2 902 966 0 0 1"
      ;;
    130)
      test-tcas  "929 0 748 155 627 4885 1 108 613 1 1 1"
      ;;
    131)
      test-tcas  "734 1 119 233 467 6481 2 975 319 0 1 0"
      ;;
    132)
      test-tcas  "504 1 341 966 660 8839 3 809 457 1 1 1"
      ;;
    133)
      test-tcas  "826 1 942 191 940 8779 0 174 255 1 0 1"
      ;;
    134)
      test-tcas  "655 1 774 998 207 9580 1 717 109 1 0 0"
      ;;
    135)
      test-tcas  "166 1 738 707 535 4241 3 875 528 0 0 1"
      ;;
    136)
      test-tcas  "991 1 802 791 151 2795 3 593 825 0 1 0"
      ;;
    137)
      test-tcas  "609 1 286 650 978 8007 1 985 223 0 1 1"
      ;;
    138)
      test-tcas  "832 1 251 792 201 1638 0 73 541 0 1 1"
      ;;
esac
