#!/bin/bash
set -euo pipefail
SCRIPT_DIR=$(cd "$(dirname "${BASH_SOURCE[0]}")" && pwd)
test-tcas () {
    diff -q <(${ANGELIX_RUN:-eval} ./tcas $1) <($SCRIPT_DIR/../golden/tcas $1) > /dev/null
}

case "$1" in
    1)
      test-tcas  "582 1 957 356 879 1212 1 706 231 0 1 1"
      ;;
    2)
      test-tcas  "606 0 101 970 554 7315 2 15 984 1 0 1"
      ;;
    3)
      test-tcas  "168 0 327 385 924 5260 2 792 760 1 0 0"
      ;;
    4)
      test-tcas  "730 1 701 703 909 140 1 228 664 1 1 0"
      ;;
    5)
      test-tcas  "386 1 823 154 896 9370 2 108 578 0 0 1"
      ;;
    6)
      test-tcas  "123 1 938 604 933 5983 2 371 377 0 0 1"
      ;;
    7)
      test-tcas  "568 0 189 425 783 566 1 331 435 0 1 1"
      ;;
    8)
      test-tcas  "291 0 722 195 692 5266 0 900 662 1 1 1"
      ;;
    9)
      test-tcas  "168 0 151 194 202 6623 3 561 74 0 0 1"
      ;;
    10)
      test-tcas  "38 1 633 915 348 9497 0 961 951 0 1 0"
      ;;
    11)
      test-tcas  "279 0 618 694 18 2082 1 849 314 1 1 0"
      ;;
    12)
      test-tcas  "609 1 988 300 176 1876 2 653 485 1 1 1"
      ;;
    13)
      test-tcas  "704 0 26 625 34 4546 0 270 47 1 0 0"
      ;;
    14)
      test-tcas  "902 0 296 787 115 1935 3 656 547 1 0 0"
      ;;
    15)
      test-tcas  "427 1 127 720 482 1860 2 523 753 0 0 0"
      ;;
    16)
      test-tcas  "223 0 6 890 190 1031 3 876 219 0 0 0"
      ;;
    17)
      test-tcas  "574 0 729 29 284 3251 3 329 365 1 0 0"
      ;;
    18)
      test-tcas  "283 1 691 740 407 8029 0 959 121 0 0 1"
      ;;
    19)
      test-tcas  "197 1 189 529 276 20 0 102 571 1 1 1"
      ;;
    20)
      test-tcas  "418 1 92 236 940 7018 3 803 861 0 1 0"
      ;;
    21)
      test-tcas  "477 1 653 941 894 3867 3 641 896 1 0 1"
      ;;
    22)
      test-tcas  "238 0 643 309 721 1394 1 444 157 1 0 0"
      ;;
    23)
      test-tcas  "186 0 360 871 998 3433 0 857 163 0 0 0"
      ;;
    24)
      test-tcas  "170 1 415 37 762 1142 2 921 835 0 0 0"
      ;;
    25)
      test-tcas  "495 1 496 652 835 2159 0 754 155 1 1 0"
      ;;
    26)
      test-tcas  "617 1 594 608 796 2653 3 8 182 1 0 0"
      ;;
    27)
      test-tcas  "465 1 414 492 326 3024 2 189 578 0 0 1"
      ;;
    28)
      test-tcas  "683 1 932 384 86 2917 1 927 360 1 0 0"
      ;;
    29)
      test-tcas  "821 1 216 825 165 8274 3 130 673 0 0 0"
      ;;
    30)
      test-tcas  "699 1 796 557 489 2430 2 409 849 0 1 0"
      ;;
    31)
      test-tcas  "839 1 998 959 429 4710 1 428 43 0 0 1"
      ;;
    32)
      test-tcas  "998 1 727 140 104 3631 2 736 136 1 0 0"
      ;;
    33)
      test-tcas  "440 1 264 409 672 7623 0 339 566 0 0 1"
      ;;
    34)
      test-tcas  "661 1 662 297 113 4238 3 617 106 1 1 0"
      ;;
    35)
      test-tcas  "827 0 310 535 716 8975 1 298 454 1 1 1"
      ;;
    36)
      test-tcas  "196 1 229 253 642 7290 3 41 866 1 1 1"
      ;;
    37)
      test-tcas  "267 1 579 348 600 7893 3 680 816 1 1 1"
      ;;
    38)
      test-tcas  "375 0 745 275 728 2243 3 460 948 1 1 1"
      ;;
    39)
      test-tcas  "838 0 291 609 411 4076 3 564 317 0 1 0"
      ;;
    40)
      test-tcas  "673 1 845 490 748 3959 1 926 117 0 0 1"
      ;;
    41)
      test-tcas  "248 1 855 599 951 7196 0 721 751 0 1 0"
      ;;
    42)
      test-tcas  "47 1 876 503 886 8913 0 71 250 0 1 1"
      ;;
    43)
      test-tcas  "58 1 845 169 464 7878 3 348 650 0 1 0"
      ;;
    44)
      test-tcas  "2 0 469 101 478 470 2 21 998 0 0 1"
      ;;
    45)
      test-tcas  "904 1 581 948 878 8346 1 272 238 1 0 0"
      ;;
    46)
      test-tcas  "173 0 936 498 339 7549 0 640 186 0 0 0"
      ;;
    47)
      test-tcas  "546 1 568 832 292 3326 2 631 342 0 1 0"
      ;;
    48)
      test-tcas  "874 0 395 906 392 3524 1 716 188 1 0 1"
      ;;
    49)
      test-tcas  "851 0 345 121 652 4276 0 281 86 0 1 0"
      ;;
    50)
      test-tcas  "342 1 778 394 203 4698 3 959 721 1 1 1"
      ;;
    51)
      test-tcas  "35 0 503 924 852 2551 3 416 466 0 1 1"
      ;;
    52)
      test-tcas  "627 0 123 307 259 169 0 928 782 0 0 1"
      ;;
    53)
      test-tcas  "762 0 912 708 713 9575 3 155 146 1 0 0"
      ;;
    54)
      test-tcas  "361 1 797 728 75 7452 3 275 695 1 1 0"
      ;;
    55)
      test-tcas  "939 0 419 108 550 4604 1 85 53 1 0 1"
      ;;
    56)
      test-tcas  "849 1 561 729 470 665 0 906 474 1 0 0"
      ;;
    57)
      test-tcas  "291 1 568 372 309 3175 0 11 629 1 1 1"
      ;;
    58)
      test-tcas  "217 1 631 411 611 630 3 942 981 1 0 0"
      ;;
    59)
      test-tcas  "69 0 94 62 473 1825 1 414 818 0 1 1"
      ;;
    60)
      test-tcas  "567 0 117 983 650 8729 3 601 574 0 0 0"
      ;;
    61)
      test-tcas  "458 1 237 875 208 7156 1 345 124 0 1 0"
      ;;
    62)
      test-tcas  "367 0 524 363 58 8834 3 369 232 0 0 0"
      ;;
    63)
      test-tcas  "557 1 137 718 465 9848 2 777 348 1 0 1"
      ;;
    64)
      test-tcas  "523 1 188 60 986 4165 0 80 354 0 1 1"
      ;;
    65)
      test-tcas  "984 0 863 393 999 6691 1 635 822 0 1 1"
      ;;
    66)
      test-tcas  "868 1 819 329 248 8401 2 778 705 1 0 0"
      ;;
    67)
      test-tcas  "481 0 815 533 525 6233 0 20 246 0 1 0"
      ;;
    68)
      test-tcas  "19 1 545 842 762 2878 0 489 227 0 0 1"
      ;;
    69)
      test-tcas  "85 0 567 635 470 6123 2 363 457 1 0 1"
      ;;
    70)
      test-tcas  "825 1 106 375 543 4227 0 253 669 1 0 0"
      ;;
    71)
      test-tcas  "708 0 403 332 41 2735 2 508 730 1 0 1"
      ;;
    72)
      test-tcas  "859 1 113 252 589 9264 1 71 261 1 1 1"
      ;;
    73)
      test-tcas  "230 1 71 267 571 6171 3 968 440 0 1 1"
      ;;
    74)
      test-tcas  "688 0 508 552 240 6483 3 596 893 0 0 1"
      ;;
    75)
      test-tcas  "430 1 560 185 357 6204 2 855 187 0 0 1"
      ;;
    76)
      test-tcas  "863 1 641 314 860 5991 2 733 516 0 0 1"
      ;;
    77)
      test-tcas  "346 1 889 130 460 7278 1 224 711 0 0 1"
      ;;
    78)
      test-tcas  "867 1 611 241 933 2203 1 482 722 0 0 1"
      ;;
    79)
      test-tcas  "919 0 218 845 173 3120 0 828 195 0 1 1"
      ;;
    80)
      test-tcas  "465 0 769 653 898 6157 2 666 727 0 1 1"
      ;;
    81)
      test-tcas  "986 1 790 766 130 4080 2 539 794 0 1 1"
      ;;
    82)
      test-tcas  "188 0 546 673 333 6764 1 414 225 1 0 1"
      ;;
    83)
      test-tcas  "986 0 488 228 269 2758 1 917 484 1 0 0"
      ;;
    84)
      test-tcas  "898 0 994 911 314 2838 2 509 806 1 1 0"
      ;;
    85)
      test-tcas  "952 1 32 738 112 6019 1 684 557 0 1 1"
      ;;
    86)
      test-tcas  "673 1 709 121 42 246 3 981 936 1 1 1"
      ;;
    87)
      test-tcas  "639 0 95 457 73 3984 0 95 373 0 1 0"
      ;;
    88)
      test-tcas  "452 1 21 594 81 1007 0 570 682 0 1 0"
      ;;
    89)
      test-tcas  "874 1 864 253 772 9075 1 451 184 1 0 1"
      ;;
    90)
      test-tcas  "165 1 624 274 789 3674 0 915 669 1 0 1"
      ;;
    91)
      test-tcas  "463 0 826 941 552 695 3 249 150 0 1 0"
      ;;
    92)
      test-tcas  "323 1 19 844 798 6847 3 602 973 1 0 0"
      ;;
    93)
      test-tcas  "253 0 797 590 680 3650 1 727 850 1 0 1"
      ;;
    94)
      test-tcas  "266 0 458 283 614 141 1 446 919 0 1 1"
      ;;
    95)
      test-tcas  "190 0 495 15 937 875 3 778 917 0 1 0"
      ;;
    96)
      test-tcas  "541 0 261 634 682 9444 2 614 992 0 1 1"
      ;;
    97)
      test-tcas  "448 0 144 822 566 3566 1 503 603 1 1 0"
      ;;
    98)
      test-tcas  "128 1 674 982 522 5818 0 467 343 0 0 0"
      ;;
    99)
      test-tcas  "991 1 936 630 787 4296 2 880 387 1 1 1"
      ;;
    100)
      test-tcas  "474 1 669 892 746 9856 3 251 578 1 0 0"
      ;;
    101)
      test-tcas  "135 1 331 344 356 1206 3 306 956 0 1 1"
      ;;
    102)
      test-tcas  "556 0 332 788 81 5847 2 988 824 1 1 0"
      ;;
    103)
      test-tcas  "968 0 509 591 869 3850 0 6 143 1 1 0"
      ;;
    104)
      test-tcas  "425 0 748 48 700 2576 0 213 265 0 1 0"
      ;;
    105)
      test-tcas  "710 0 478 700 789 3788 1 553 684 0 1 1"
      ;;
    106)
      test-tcas  "963 1 532 773 488 108 0 400 620 0 1 1"
      ;;
    107)
      test-tcas  "349 0 626 844 391 5508 2 994 849 1 1 0"
      ;;
    108)
      test-tcas  "803 0 411 512 51 4369 2 228 283 0 1 1"
      ;;
    109)
      test-tcas  "156 0 746 209 121 5766 1 336 328 0 1 0"
      ;;
    110)
      test-tcas  "638 1 503 414 583 3884 2 33 85 1 0 1"
      ;;
    111)
      test-tcas  "900 0 800 321 49 1922 1 377 921 1 1 0"
      ;;
    112)
      test-tcas  "376 1 206 569 912 5494 0 79 888 1 1 0"
      ;;
    113)
      test-tcas  "870 0 962 895 406 2370 3 133 906 1 0 1"
      ;;
    114)
      test-tcas  "860 1 837 521 327 8392 2 521 487 1 1 1"
      ;;
    115)
      test-tcas  "36 0 710 828 414 4645 3 365 154 0 1 1"
      ;;
    116)
      test-tcas  "113 1 435 211 20 8313 3 175 526 1 1 0"
      ;;
    117)
      test-tcas  "936 0 999 214 861 9275 0 936 334 0 1 1"
      ;;
    118)
      test-tcas  "336 0 368 836 232 6212 3 466 396 1 0 1"
      ;;
    119)
      test-tcas  "141 1 787 489 154 0 0 8 809 1 1 1"
      ;;
    120)
      test-tcas  "101 0 663 382 454 8276 1 181 329 1 0 1"
      ;;
    121)
      test-tcas  "367 1 443 89 809 3403 2 318 48 1 0 0"
      ;;
    122)
      test-tcas  "478 1 191 810 251 6586 0 895 157 1 0 1"
      ;;
    123)
      test-tcas  "599 0 820 238 581 3573 0 31 652 0 0 0"
      ;;
    124)
      test-tcas  "44 1 129 160 572 2293 3 189 441 0 0 1"
      ;;
    125)
      test-tcas  "797 1 13 735 716 9861 0 917 337 1 0 1"
      ;;
    126)
      test-tcas  "2 1 333 56 624 5611 2 32 948 1 1 1"
      ;;
    127)
      test-tcas  "28 0 80 863 33 8336 3 844 452 0 0 0"
      ;;
    128)
      test-tcas  "853 0 544 360 645 9492 3 952 679 1 0 0"
      ;;
    129)
      test-tcas  "129 0 263 793 794 6 1 843 885 0 0 0"
      ;;
    130)
      test-tcas  "370 1 561 978 182 6304 2 860 920 1 1 0"
      ;;
    131)
      test-tcas  "217 0 467 100 591 1411 2 229 438 1 1 1"
      ;;
    132)
      test-tcas  "803 1 792 60 698 9350 2 656 27 0 0 0"
      ;;
    133)
      test-tcas  "651 0 49 263 698 5652 3 525 15 0 1 0"
      ;;
    134)
      test-tcas  "557 0 840 78 605 3562 0 984 913 1 0 0"
      ;;
    135)
      test-tcas  "283 1 171 278 623 4463 1 204 211 0 1 1"
      ;;
    136)
      test-tcas  "789 1 15 559 66 2215 0 753 452 1 1 1"
      ;;
    137)
      test-tcas  "90 1 262 736 799 4398 2 465 145 0 1 0"
      ;;
    138)
      test-tcas  "652 0 934 431 144 8990 3 304 260 1 0 0"
      ;;
esac
