#!/bin/bash
set -euo pipefail
SCRIPT_DIR=$(cd "$(dirname "${BASH_SOURCE[0]}")" && pwd)
test-tcas () {
    diff -q <(${ANGELIX_RUN:-eval} ./tcas $1) <($SCRIPT_DIR/../golden/tcas $1) > /dev/null
}

case "$1" in
    1)
      test-tcas  "195 0 843 253 30 8253 2 218 229 1 0 1"
      ;;
    2)
      test-tcas  "737 0 857 461 998 5748 2 74 52 0 1 1"
      ;;
    3)
      test-tcas  "692 1 709 198 591 4330 2 163 734 1 1 0"
      ;;
    4)
      test-tcas  "348 1 272 243 976 7573 0 968 299 0 0 1"
      ;;
    5)
      test-tcas  "792 1 203 713 341 9060 2 759 500 1 0 0"
      ;;
    6)
      test-tcas  "127 1 476 671 815 4894 2 997 613 0 0 0"
      ;;
    7)
      test-tcas  "268 1 556 571 399 1867 2 326 779 1 1 1"
      ;;
    8)
      test-tcas  "153 1 303 167 840 9995 3 196 711 0 0 1"
      ;;
    9)
      test-tcas  "978 1 587 52 653 4077 3 13 460 0 1 1"
      ;;
    10)
      test-tcas  "427 1 641 438 418 8321 1 419 337 0 0 1"
      ;;
    11)
      test-tcas  "842 0 234 54 961 904 1 843 128 1 0 1"
      ;;
    12)
      test-tcas  "818 0 993 138 124 1595 2 876 344 1 1 1"
      ;;
    13)
      test-tcas  "873 1 441 466 501 5258 3 240 476 1 0 0"
      ;;
    14)
      test-tcas  "579 0 755 150 786 7204 1 197 13 0 1 0"
      ;;
    15)
      test-tcas  "867 1 679 581 277 2901 1 195 399 1 1 0"
      ;;
    16)
      test-tcas  "172 1 624 380 496 4613 3 281 78 0 1 1"
      ;;
    17)
      test-tcas  "594 1 655 546 986 921 3 437 385 1 0 0"
      ;;
    18)
      test-tcas  "364 0 801 176 960 2030 0 455 197 1 0 1"
      ;;
    19)
      test-tcas  "625 0 0 114 746 4028 2 253 61 1 1 0"
      ;;
    20)
      test-tcas  "852 0 925 796 787 9074 0 681 849 0 1 1"
      ;;
    21)
      test-tcas  "110 1 978 218 408 5655 2 849 995 1 1 1"
      ;;
    22)
      test-tcas  "869 0 880 528 565 3691 3 849 881 1 0 0"
      ;;
    23)
      test-tcas  "153 0 501 122 426 3370 2 386 117 0 1 0"
      ;;
    24)
      test-tcas  "522 1 909 367 837 4050 1 400 197 0 1 0"
      ;;
    25)
      test-tcas  "606 0 12 153 530 573 3 66 346 0 0 0"
      ;;
    26)
      test-tcas  "834 0 705 382 338 8671 0 797 302 1 0 0"
      ;;
    27)
      test-tcas  "415 0 8 299 669 8989 0 928 308 1 1 1"
      ;;
    28)
      test-tcas  "720 1 387 154 80 524 3 606 703 1 0 0"
      ;;
    29)
      test-tcas  "847 0 260 152 965 8930 2 219 218 0 0 1"
      ;;
    30)
      test-tcas  "380 0 532 934 164 3335 2 194 376 1 1 0"
      ;;
    31)
      test-tcas  "230 0 20 992 646 6834 3 487 310 1 0 1"
      ;;
    32)
      test-tcas  "837 1 687 392 400 857 3 314 798 0 0 0"
      ;;
    33)
      test-tcas  "43 1 750 999 203 2072 1 784 398 0 0 0"
      ;;
    34)
      test-tcas  "607 0 25 109 112 2325 3 83 260 1 0 1"
      ;;
    35)
      test-tcas  "462 0 179 859 239 7497 1 606 440 0 0 1"
      ;;
    36)
      test-tcas  "720 1 55 187 723 9859 1 115 452 1 0 1"
      ;;
    37)
      test-tcas  "731 0 720 293 751 756 3 472 200 0 1 1"
      ;;
    38)
      test-tcas  "583 1 574 619 974 6048 1 819 544 0 1 1"
      ;;
    39)
      test-tcas  "949 0 547 242 817 5830 1 263 365 0 0 0"
      ;;
    40)
      test-tcas  "410 0 253 310 882 2452 0 131 246 0 0 1"
      ;;
    41)
      test-tcas  "140 1 871 749 921 6812 3 720 734 0 1 1"
      ;;
    42)
      test-tcas  "203 0 548 869 809 2276 1 185 575 1 0 1"
      ;;
    43)
      test-tcas  "698 1 207 773 397 8409 2 729 313 1 0 0"
      ;;
    44)
      test-tcas  "506 1 843 586 217 2946 3 686 316 1 0 0"
      ;;
    45)
      test-tcas  "579 1 686 472 727 156 0 285 440 0 1 0"
      ;;
    46)
      test-tcas  "430 1 989 203 996 6841 3 998 401 0 1 0"
      ;;
    47)
      test-tcas  "830 0 680 693 667 3847 2 268 290 1 0 0"
      ;;
    48)
      test-tcas  "655 0 670 383 444 910 3 206 684 1 0 1"
      ;;
    49)
      test-tcas  "321 0 317 703 429 6157 3 426 361 0 0 0"
      ;;
    50)
      test-tcas  "415 0 250 9 280 8432 0 674 855 0 0 1"
      ;;
    51)
      test-tcas  "780 1 651 401 410 965 0 185 802 0 1 0"
      ;;
    52)
      test-tcas  "675 0 29 697 269 8644 1 839 459 0 0 0"
      ;;
    53)
      test-tcas  "488 1 539 541 192 8357 3 193 684 0 1 0"
      ;;
    54)
      test-tcas  "995 0 71 164 334 2496 0 278 261 1 0 0"
      ;;
    55)
      test-tcas  "243 1 524 719 789 9809 2 721 577 1 0 1"
      ;;
    56)
      test-tcas  "806 0 25 336 257 5259 0 294 427 0 0 1"
      ;;
    57)
      test-tcas  "443 1 262 132 382 1539 1 309 25 0 1 0"
      ;;
    58)
      test-tcas  "73 0 603 329 314 9242 3 535 268 0 1 0"
      ;;
    59)
      test-tcas  "392 1 282 385 17 521 0 301 793 0 0 1"
      ;;
    60)
      test-tcas  "590 0 632 699 462 2350 3 411 508 0 1 1"
      ;;
    61)
      test-tcas  "193 0 125 837 989 151 1 149 972 1 1 1"
      ;;
    62)
      test-tcas  "370 1 864 589 927 737 1 321 319 0 0 0"
      ;;
    63)
      test-tcas  "828 1 167 268 911 5062 1 623 312 1 1 0"
      ;;
    64)
      test-tcas  "878 1 930 660 301 6278 2 947 604 0 0 0"
      ;;
    65)
      test-tcas  "279 0 640 867 676 7074 0 319 383 1 1 0"
      ;;
    66)
      test-tcas  "66 1 145 950 499 2120 0 128 244 0 1 0"
      ;;
    67)
      test-tcas  "799 1 680 802 816 6782 1 95 415 1 0 1"
      ;;
    68)
      test-tcas  "468 1 45 39 188 2046 3 85 317 1 0 0"
      ;;
    69)
      test-tcas  "687 1 413 894 962 7752 3 330 935 1 0 0"
      ;;
    70)
      test-tcas  "808 0 853 167 542 1898 0 992 483 1 0 1"
      ;;
    71)
      test-tcas  "169 1 395 145 415 2850 3 128 541 0 0 1"
      ;;
    72)
      test-tcas  "871 1 275 177 420 3787 0 170 52 0 0 0"
      ;;
    73)
      test-tcas  "253 1 930 136 29 4664 2 875 431 0 0 1"
      ;;
    74)
      test-tcas  "608 0 296 438 336 6362 0 406 438 1 1 1"
      ;;
    75)
      test-tcas  "640 1 84 562 913 4529 1 764 532 1 0 0"
      ;;
    76)
      test-tcas  "708 0 907 112 816 6842 3 164 993 0 1 1"
      ;;
    77)
      test-tcas  "76 0 404 409 661 7152 1 195 352 1 0 1"
      ;;
    78)
      test-tcas  "115 1 908 431 4 3092 0 696 453 1 1 1"
      ;;
    79)
      test-tcas  "726 0 669 531 104 304 2 164 881 1 0 0"
      ;;
    80)
      test-tcas  "229 0 229 842 615 6448 2 322 463 0 1 0"
      ;;
    81)
      test-tcas  "434 0 194 656 811 1603 2 52 177 1 1 1"
      ;;
    82)
      test-tcas  "760 0 420 171 600 8567 1 375 928 0 0 1"
      ;;
    83)
      test-tcas  "984 0 483 64 814 6860 0 433 479 1 0 1"
      ;;
    84)
      test-tcas  "472 0 232 197 120 8022 3 597 159 0 0 0"
      ;;
    85)
      test-tcas  "699 1 288 452 298 6978 2 793 943 1 1 1"
      ;;
    86)
      test-tcas  "295 0 467 261 691 4883 1 969 52 1 1 0"
      ;;
    87)
      test-tcas  "999 1 347 764 224 2918 3 301 379 1 0 0"
      ;;
    88)
      test-tcas  "541 0 499 802 601 4052 1 263 771 0 1 0"
      ;;
    89)
      test-tcas  "767 0 355 972 128 693 3 14 568 0 0 0"
      ;;
    90)
      test-tcas  "194 0 143 962 954 558 1 811 677 1 1 1"
      ;;
    91)
      test-tcas  "624 1 967 92 569 914 3 148 46 0 1 1"
      ;;
    92)
      test-tcas  "517 1 792 637 953 2586 3 259 474 1 1 0"
      ;;
    93)
      test-tcas  "481 0 858 938 954 9853 2 321 424 1 0 1"
      ;;
    94)
      test-tcas  "445 0 985 618 267 457 3 315 809 0 0 0"
      ;;
    95)
      test-tcas  "964 0 149 366 726 1536 2 875 629 1 0 0"
      ;;
    96)
      test-tcas  "500 1 826 704 601 2322 2 760 802 0 1 0"
      ;;
    97)
      test-tcas  "564 0 738 41 151 2841 1 692 662 0 0 0"
      ;;
    98)
      test-tcas  "214 0 917 926 810 9800 3 220 238 0 1 1"
      ;;
    99)
      test-tcas  "631 0 323 972 165 6110 3 125 721 0 0 1"
      ;;
    100)
      test-tcas  "276 1 737 274 171 9301 3 472 402 0 1 0"
      ;;
    101)
      test-tcas  "554 0 165 330 34 6250 3 930 801 0 0 1"
      ;;
    102)
      test-tcas  "895 1 618 552 669 7288 2 299 788 1 0 1"
      ;;
    103)
      test-tcas  "738 1 889 314 792 1834 2 352 133 0 1 1"
      ;;
    104)
      test-tcas  "112 0 742 253 399 203 1 139 163 0 0 0"
      ;;
    105)
      test-tcas  "241 1 850 77 695 2174 3 722 54 0 0 0"
      ;;
    106)
      test-tcas  "27 1 839 602 440 2319 1 55 707 1 0 0"
      ;;
    107)
      test-tcas  "155 1 879 969 167 4874 1 238 171 0 1 0"
      ;;
    108)
      test-tcas  "186 0 482 128 809 7240 3 786 229 1 1 0"
      ;;
    109)
      test-tcas  "113 1 429 612 974 849 3 786 926 1 0 1"
      ;;
    110)
      test-tcas  "604 1 164 434 345 1311 0 879 671 1 1 0"
      ;;
    111)
      test-tcas  "512 1 435 574 598 6300 0 954 912 1 1 1"
      ;;
    112)
      test-tcas  "144 1 571 20 637 9658 0 179 387 0 0 1"
      ;;
    113)
      test-tcas  "302 1 413 636 55 3642 3 624 551 0 0 0"
      ;;
    114)
      test-tcas  "255 0 709 322 342 8125 3 181 932 1 1 0"
      ;;
    115)
      test-tcas  "468 0 603 939 618 5878 3 773 986 1 1 0"
      ;;
    116)
      test-tcas  "276 1 824 333 507 6830 0 4 335 0 0 1"
      ;;
    117)
      test-tcas  "534 1 198 499 196 1398 1 372 293 1 0 1"
      ;;
    118)
      test-tcas  "803 0 259 462 744 3591 3 1 87 1 0 0"
      ;;
    119)
      test-tcas  "719 0 942 871 336 8717 0 527 367 1 1 1"
      ;;
    120)
      test-tcas  "839 1 684 498 368 7964 2 273 329 0 0 1"
      ;;
    121)
      test-tcas  "582 1 652 957 83 3129 2 237 96 0 1 1"
      ;;
    122)
      test-tcas  "710 0 355 833 847 9132 2 585 971 0 1 1"
      ;;
    123)
      test-tcas  "271 1 452 233 176 9764 3 416 661 1 0 0"
      ;;
    124)
      test-tcas  "990 1 332 319 181 3396 2 456 710 1 1 1"
      ;;
    125)
      test-tcas  "730 0 758 899 316 66 1 51 89 0 0 1"
      ;;
    126)
      test-tcas  "890 1 811 400 50 9494 1 436 194 0 0 1"
      ;;
    127)
      test-tcas  "463 0 316 718 481 1149 2 659 398 1 0 1"
      ;;
    128)
      test-tcas  "866 1 999 411 855 2504 2 823 806 1 1 0"
      ;;
    129)
      test-tcas  "728 1 828 548 521 55 0 400 945 0 1 1"
      ;;
    130)
      test-tcas  "411 1 189 167 988 9574 3 341 791 1 1 1"
      ;;
    131)
      test-tcas  "241 1 962 847 511 7385 3 500 835 1 1 0"
      ;;
    132)
      test-tcas  "274 0 964 243 950 3206 2 528 720 1 0 1"
      ;;
    133)
      test-tcas  "767 0 788 632 597 7305 1 871 493 0 0 1"
      ;;
    134)
      test-tcas  "570 0 694 575 169 353 1 866 512 1 0 1"
      ;;
    135)
      test-tcas  "193 0 937 692 309 3418 1 54 756 0 1 1"
      ;;
    136)
      test-tcas  "528 1 739 270 619 8067 2 894 491 1 0 0"
      ;;
    137)
      test-tcas  "942 0 20 29 582 2491 0 884 88 0 1 1"
      ;;
    138)
      test-tcas  "849 1 30 756 607 8928 0 826 232 1 1 1"
      ;;
esac
