#!/bin/bash
set -euo pipefail
SCRIPT_DIR=$(cd "$(dirname "${BASH_SOURCE[0]}")" && pwd)
test-tcas () {
    diff -q <(${ANGELIX_RUN:-eval} ./tcas $1) <($SCRIPT_DIR/../golden/tcas $1) > /dev/null
}

case "$1" in
    1)
      test-tcas  "814 0 872 439 708 9945 1 267 881 1 1 1"
      ;;
    2)
      test-tcas  "778 0 832 672 396 1473 1 516 983 1 1 1"
      ;;
    3)
      test-tcas  "453 1 805 232 43 4703 0 957 717 0 0 0"
      ;;
    4)
      test-tcas  "377 0 487 684 957 1328 0 953 97 1 1 1"
      ;;
    5)
      test-tcas  "199 0 945 263 304 1786 2 299 439 0 0 0"
      ;;
    6)
      test-tcas  "763 0 731 24 107 6576 2 379 268 0 0 1"
      ;;
    7)
      test-tcas  "724 1 297 365 270 9755 0 91 452 1 0 1"
      ;;
    8)
      test-tcas  "572 0 259 353 459 768 0 265 175 1 1 1"
      ;;
    9)
      test-tcas  "313 1 586 451 570 3010 1 779 826 0 1 0"
      ;;
    10)
      test-tcas  "65 1 453 332 61 3094 1 898 947 1 1 1"
      ;;
    11)
      test-tcas  "416 0 180 311 550 3928 0 563 4 0 0 0"
      ;;
    12)
      test-tcas  "546 0 545 715 755 7170 2 334 32 0 1 0"
      ;;
    13)
      test-tcas  "930 1 651 34 215 6609 3 588 1 1 1 0"
      ;;
    14)
      test-tcas  "771 1 526 164 70 3373 1 245 199 1 1 0"
      ;;
    15)
      test-tcas  "290 1 772 305 722 6726 1 872 962 1 0 0"
      ;;
    16)
      test-tcas  "566 0 732 164 254 444 1 392 673 1 0 1"
      ;;
    17)
      test-tcas  "738 0 979 109 169 4461 1 844 187 0 0 1"
      ;;
    18)
      test-tcas  "155 1 267 687 308 4634 3 765 634 1 1 1"
      ;;
    19)
      test-tcas  "381 0 609 573 643 24 2 633 961 1 1 1"
      ;;
    20)
      test-tcas  "899 1 681 489 116 7102 2 621 542 0 1 0"
      ;;
    21)
      test-tcas  "873 0 438 994 771 3756 3 497 814 0 0 0"
      ;;
    22)
      test-tcas  "458 1 576 167 31 2832 0 961 36 0 0 0"
      ;;
    23)
      test-tcas  "851 1 332 282 253 5291 1 28 60 0 1 1"
      ;;
    24)
      test-tcas  "585 1 55 375 528 6798 1 181 386 0 1 0"
      ;;
    25)
      test-tcas  "464 1 33 354 92 8782 0 16 707 1 0 0"
      ;;
    26)
      test-tcas  "40 0 174 828 777 5621 1 937 718 0 0 0"
      ;;
    27)
      test-tcas  "602 0 391 220 529 3680 2 114 124 0 0 0"
      ;;
    28)
      test-tcas  "351 1 837 985 230 5465 3 456 501 0 1 1"
      ;;
    29)
      test-tcas  "687 0 577 798 883 3054 2 685 31 0 1 1"
      ;;
    30)
      test-tcas  "414 0 773 548 595 9412 3 828 23 0 0 1"
      ;;
    31)
      test-tcas  "133 0 66 689 806 3955 3 472 706 0 0 0"
      ;;
    32)
      test-tcas  "142 0 540 154 793 53 3 28 843 0 1 1"
      ;;
    33)
      test-tcas  "813 0 440 453 655 6798 3 981 487 1 1 0"
      ;;
    34)
      test-tcas  "662 1 699 913 754 5545 2 688 439 0 0 1"
      ;;
    35)
      test-tcas  "163 0 303 125 986 3278 3 702 936 0 1 1"
      ;;
    36)
      test-tcas  "785 0 604 668 158 9873 3 870 535 0 0 0"
      ;;
    37)
      test-tcas  "762 1 847 3 384 4787 0 566 271 1 0 1"
      ;;
    38)
      test-tcas  "721 0 445 110 476 555 2 364 852 0 1 1"
      ;;
    39)
      test-tcas  "497 1 868 944 120 5845 2 271 915 0 1 0"
      ;;
    40)
      test-tcas  "285 1 491 151 922 9539 1 263 238 0 1 0"
      ;;
    41)
      test-tcas  "670 0 262 710 354 9526 2 363 276 0 1 1"
      ;;
    42)
      test-tcas  "59 1 677 171 159 5534 2 833 429 1 0 1"
      ;;
    43)
      test-tcas  "653 1 317 102 876 4373 1 207 108 1 1 0"
      ;;
    44)
      test-tcas  "249 1 970 44 880 8509 0 935 912 1 0 1"
      ;;
    45)
      test-tcas  "947 1 320 901 614 4796 1 240 55 0 1 1"
      ;;
    46)
      test-tcas  "220 1 172 66 609 9610 0 517 620 0 0 1"
      ;;
    47)
      test-tcas  "741 0 283 888 376 9441 3 138 245 0 0 1"
      ;;
    48)
      test-tcas  "931 1 85 182 325 2237 3 926 447 1 0 1"
      ;;
    49)
      test-tcas  "347 0 839 431 578 4536 0 785 30 1 1 0"
      ;;
    50)
      test-tcas  "756 1 199 140 780 2515 1 69 800 0 0 0"
      ;;
    51)
      test-tcas  "92 0 577 432 920 1679 1 181 227 1 1 1"
      ;;
    52)
      test-tcas  "419 0 327 470 595 9916 2 668 683 1 0 1"
      ;;
    53)
      test-tcas  "541 0 392 615 248 2092 3 679 470 0 0 0"
      ;;
    54)
      test-tcas  "30 0 849 405 510 1256 0 130 34 0 1 1"
      ;;
    55)
      test-tcas  "148 0 608 440 86 1811 0 179 531 0 1 1"
      ;;
    56)
      test-tcas  "441 1 490 158 378 3827 1 795 298 0 0 1"
      ;;
    57)
      test-tcas  "692 1 947 138 562 4807 0 173 705 1 0 1"
      ;;
    58)
      test-tcas  "408 0 796 167 767 5892 0 563 470 1 0 1"
      ;;
    59)
      test-tcas  "101 1 617 646 709 3548 0 782 624 0 0 0"
      ;;
    60)
      test-tcas  "302 0 721 209 272 5293 0 176 81 0 0 1"
      ;;
    61)
      test-tcas  "532 1 72 433 380 8964 1 155 104 1 1 0"
      ;;
    62)
      test-tcas  "318 0 6 515 894 9413 0 655 866 1 1 1"
      ;;
    63)
      test-tcas  "787 0 232 496 241 4337 3 885 875 1 0 0"
      ;;
    64)
      test-tcas  "454 1 256 271 93 2229 2 661 87 1 1 1"
      ;;
    65)
      test-tcas  "451 0 209 33 591 86 3 318 308 1 1 0"
      ;;
    66)
      test-tcas  "698 1 886 147 363 6712 0 792 744 0 1 1"
      ;;
    67)
      test-tcas  "334 0 833 545 981 8955 3 898 481 1 1 0"
      ;;
    68)
      test-tcas  "191 0 357 739 446 3294 0 64 161 0 1 1"
      ;;
    69)
      test-tcas  "81 0 513 397 853 3582 2 926 211 0 1 1"
      ;;
    70)
      test-tcas  "316 1 371 52 531 7670 2 113 665 1 1 0"
      ;;
    71)
      test-tcas  "63 1 238 82 701 957 3 380 883 0 0 0"
      ;;
    72)
      test-tcas  "970 0 932 425 43 3651 2 855 351 0 1 0"
      ;;
    73)
      test-tcas  "886 0 755 709 461 745 0 677 200 0 0 1"
      ;;
    74)
      test-tcas  "475 1 459 528 895 9334 2 628 149 1 1 0"
      ;;
    75)
      test-tcas  "146 0 206 478 132 6978 0 512 199 0 0 0"
      ;;
    76)
      test-tcas  "873 1 351 312 275 7317 3 83 693 1 0 0"
      ;;
    77)
      test-tcas  "261 0 796 145 841 5106 1 166 145 1 0 0"
      ;;
    78)
      test-tcas  "589 1 682 61 361 2202 3 315 706 0 1 0"
      ;;
    79)
      test-tcas  "514 1 250 753 842 8887 1 916 152 0 0 0"
      ;;
    80)
      test-tcas  "679 0 949 920 541 1131 3 22 881 1 1 0"
      ;;
    81)
      test-tcas  "629 0 127 119 179 4135 0 438 644 0 1 1"
      ;;
    82)
      test-tcas  "150 1 21 545 8 5604 1 683 511 0 1 0"
      ;;
    83)
      test-tcas  "522 0 274 869 988 8784 3 329 6 1 0 1"
      ;;
    84)
      test-tcas  "86 0 730 758 831 5304 3 32 309 0 0 0"
      ;;
    85)
      test-tcas  "45 0 968 997 675 1295 1 151 27 0 0 0"
      ;;
    86)
      test-tcas  "557 1 760 346 858 7190 3 319 198 1 1 0"
      ;;
    87)
      test-tcas  "865 1 524 246 447 1862 1 617 5 1 1 0"
      ;;
    88)
      test-tcas  "542 1 749 382 59 5586 1 152 997 1 0 1"
      ;;
esac
