#!/bin/bash
set -euo pipefail
SCRIPT_DIR=$(cd "$(dirname "${BASH_SOURCE[0]}")" && pwd)
test-tcas () {
    diff -q <(${ANGELIX_RUN:-eval} ./tcas $1) <($SCRIPT_DIR/../golden/tcas $1) > /dev/null
}

case "$1" in
    1)
      test-tcas  "242 0 884 911 83 4574 3 408 443 0 1 0"
      ;;
    2)
      test-tcas  "435 1 903 233 763 1798 2 337 302 1 1 1"
      ;;
    3)
      test-tcas  "22 1 317 874 451 2120 3 506 271 1 0 0"
      ;;
    4)
      test-tcas  "787 1 824 787 946 4512 0 473 319 1 0 0"
      ;;
    5)
      test-tcas  "932 0 69 45 139 205 3 477 780 0 1 1"
      ;;
    6)
      test-tcas  "728 0 706 737 520 4541 1 520 222 0 0 1"
      ;;
    7)
      test-tcas  "824 1 822 69 456 5850 1 247 465 0 1 0"
      ;;
    8)
      test-tcas  "901 1 718 939 316 1868 0 972 833 0 0 0"
      ;;
    9)
      test-tcas  "344 0 317 90 341 3320 2 578 334 1 0 1"
      ;;
    10)
      test-tcas  "9 0 639 266 309 4429 1 840 378 1 0 1"
      ;;
    11)
      test-tcas  "877 1 727 787 542 1090 1 287 960 0 0 0"
      ;;
    12)
      test-tcas  "453 1 290 510 652 9435 3 746 810 0 0 0"
      ;;
    13)
      test-tcas  "156 0 949 269 612 432 3 435 39 1 0 1"
      ;;
    14)
      test-tcas  "727 1 535 675 269 9948 3 708 76 1 0 1"
      ;;
    15)
      test-tcas  "756 0 209 442 282 8540 0 474 381 0 0 0"
      ;;
    16)
      test-tcas  "873 0 400 380 714 909 3 706 396 1 1 1"
      ;;
    17)
      test-tcas  "922 0 615 697 39 1622 1 583 560 0 0 1"
      ;;
    18)
      test-tcas  "594 0 29 362 245 1287 1 399 886 1 0 0"
      ;;
    19)
      test-tcas  "413 0 542 31 988 5898 2 660 649 1 0 0"
      ;;
    20)
      test-tcas  "835 0 531 298 296 1528 3 590 85 0 0 1"
      ;;
    21)
      test-tcas  "337 1 985 955 314 6931 0 724 751 0 0 0"
      ;;
    22)
      test-tcas  "906 0 941 448 824 7995 2 293 225 0 1 1"
      ;;
    23)
      test-tcas  "151 1 274 782 924 208 3 681 274 1 1 0"
      ;;
    24)
      test-tcas  "479 1 842 816 204 8561 0 519 313 0 0 1"
      ;;
    25)
      test-tcas  "290 0 779 175 89 8425 2 707 147 0 0 0"
      ;;
    26)
      test-tcas  "25 1 379 847 641 6054 1 122 342 1 1 0"
      ;;
    27)
      test-tcas  "126 0 495 38 169 3379 0 714 428 1 0 1"
      ;;
    28)
      test-tcas  "526 1 700 859 279 8715 2 315 216 0 0 1"
      ;;
    29)
      test-tcas  "194 0 648 118 731 2919 1 636 998 1 0 1"
      ;;
    30)
      test-tcas  "520 1 69 709 479 9365 2 724 212 0 1 1"
      ;;
    31)
      test-tcas  "895 0 702 916 650 5871 0 514 305 0 0 1"
      ;;
    32)
      test-tcas  "820 0 178 419 945 7449 0 61 42 0 1 0"
      ;;
    33)
      test-tcas  "117 1 405 767 0 369 1 610 333 1 0 0"
      ;;
    34)
      test-tcas  "471 0 402 739 654 644 0 797 853 0 0 1"
      ;;
    35)
      test-tcas  "486 1 765 199 828 3537 2 31 268 1 0 1"
      ;;
    36)
      test-tcas  "769 0 28 881 801 5205 2 423 730 0 1 1"
      ;;
    37)
      test-tcas  "180 0 94 913 123 2923 3 592 554 0 1 0"
      ;;
    38)
      test-tcas  "429 0 705 905 181 6737 2 160 534 0 1 1"
      ;;
    39)
      test-tcas  "515 0 491 1 550 2640 2 903 274 0 0 0"
      ;;
    40)
      test-tcas  "201 1 631 479 743 5558 3 225 142 1 0 0"
      ;;
    41)
      test-tcas  "753 0 424 254 792 9637 3 904 80 0 1 1"
      ;;
    42)
      test-tcas  "540 1 241 12 229 3350 1 11 412 0 1 0"
      ;;
    43)
      test-tcas  "827 1 280 667 554 8019 2 333 94 1 0 1"
      ;;
    44)
      test-tcas  "127 0 410 371 124 269 2 775 461 0 1 0"
      ;;
    45)
      test-tcas  "931 0 31 492 563 1863 2 855 510 0 1 0"
      ;;
    46)
      test-tcas  "329 1 422 669 356 4187 2 702 63 0 1 0"
      ;;
    47)
      test-tcas  "183 1 387 446 141 9438 2 836 812 0 1 1"
      ;;
    48)
      test-tcas  "920 1 227 861 443 6264 0 448 249 0 0 1"
      ;;
    49)
      test-tcas  "797 0 101 938 166 4289 3 990 835 1 0 0"
      ;;
    50)
      test-tcas  "638 1 750 121 40 9507 2 505 437 0 0 0"
      ;;
    51)
      test-tcas  "477 1 275 404 504 1079 0 376 108 0 0 1"
      ;;
    52)
      test-tcas  "396 0 245 231 81 9518 2 20 658 1 1 0"
      ;;
    53)
      test-tcas  "968 1 839 119 231 6651 1 481 172 1 1 1"
      ;;
    54)
      test-tcas  "233 0 983 468 979 9093 3 887 711 1 1 0"
      ;;
    55)
      test-tcas  "983 0 567 92 219 9216 1 372 832 1 1 0"
      ;;
    56)
      test-tcas  "313 0 763 712 559 859 3 259 310 1 1 0"
      ;;
    57)
      test-tcas  "927 1 278 886 917 1110 3 133 542 0 0 1"
      ;;
    58)
      test-tcas  "566 1 17 763 695 4636 3 792 562 1 1 0"
      ;;
    59)
      test-tcas  "148 0 100 481 391 3043 3 90 359 1 0 1"
      ;;
    60)
      test-tcas  "774 1 527 88 840 8684 3 268 334 0 0 0"
      ;;
    61)
      test-tcas  "641 1 945 533 955 282 0 529 185 0 0 0"
      ;;
    62)
      test-tcas  "197 1 996 488 902 6536 0 419 346 0 1 0"
      ;;
    63)
      test-tcas  "414 0 570 631 967 3670 0 911 229 1 1 1"
      ;;
    64)
      test-tcas  "44 0 13 414 161 3586 0 81 59 0 0 0"
      ;;
    65)
      test-tcas  "966 0 869 411 603 949 3 798 900 0 0 1"
      ;;
    66)
      test-tcas  "380 1 142 904 180 108 1 15 683 0 1 1"
      ;;
    67)
      test-tcas  "573 1 280 630 706 6281 2 977 572 0 0 1"
      ;;
    68)
      test-tcas  "278 0 180 380 907 9900 1 17 875 1 1 1"
      ;;
    69)
      test-tcas  "330 0 439 557 5 8420 2 515 929 0 0 1"
      ;;
    70)
      test-tcas  "303 1 810 787 421 6212 2 159 962 0 0 0"
      ;;
    71)
      test-tcas  "160 1 481 282 307 457 3 717 824 0 1 0"
      ;;
    72)
      test-tcas  "650 0 198 792 12 9161 2 280 748 1 0 0"
      ;;
    73)
      test-tcas  "212 1 606 813 464 6563 3 228 874 1 1 0"
      ;;
    74)
      test-tcas  "495 0 262 40 561 1292 1 63 246 1 1 0"
      ;;
    75)
      test-tcas  "384 0 817 43 202 3667 1 752 218 1 0 0"
      ;;
    76)
      test-tcas  "409 1 649 685 398 477 3 325 895 1 0 1"
      ;;
    77)
      test-tcas  "892 1 942 963 129 8497 3 118 148 1 0 1"
      ;;
    78)
      test-tcas  "887 1 669 682 105 1829 0 364 94 0 1 0"
      ;;
    79)
      test-tcas  "91 1 361 720 505 2913 2 680 567 0 1 1"
      ;;
    80)
      test-tcas  "329 0 699 569 953 2810 1 464 125 1 1 0"
      ;;
    81)
      test-tcas  "5 1 34 365 584 2955 3 278 459 0 0 0"
      ;;
    82)
      test-tcas  "38 0 828 720 928 8211 3 931 790 1 1 1"
      ;;
    83)
      test-tcas  "258 0 753 419 623 9551 2 236 834 0 1 1"
      ;;
    84)
      test-tcas  "74 0 742 299 540 4184 1 238 335 0 1 0"
      ;;
    85)
      test-tcas  "359 1 734 587 854 1301 3 136 838 0 0 1"
      ;;
    86)
      test-tcas  "18 1 113 396 867 3013 1 169 484 0 0 1"
      ;;
    87)
      test-tcas  "533 1 935 246 26 2268 2 338 981 0 1 0"
      ;;
    88)
      test-tcas  "983 1 19 75 539 2792 0 34 666 1 0 1"
      ;;
esac
