#!/bin/bash
set -euo pipefail
SCRIPT_DIR=$(cd "$(dirname "${BASH_SOURCE[0]}")" && pwd)
test-tcas () {
    diff -q <(${ANGELIX_RUN:-eval} ./tcas $1) <($SCRIPT_DIR/../golden/tcas $1) > /dev/null
}

case "$1" in
    1)
      test-tcas  "16 1 691 919 157 9924 0 428 648 1 1 0"
      ;;
    2)
      test-tcas  "988 0 87 837 309 7770 0 373 566 1 1 1"
      ;;
    3)
      test-tcas  "638 1 53 18 872 9005 1 201 49 1 0 1"
      ;;
    4)
      test-tcas  "363 1 149 672 11 9957 3 236 204 0 1 1"
      ;;
    5)
      test-tcas  "907 0 253 212 462 9636 3 386 276 0 0 0"
      ;;
    6)
      test-tcas  "153 0 391 146 466 4129 3 228 313 1 0 0"
      ;;
    7)
      test-tcas  "975 0 497 355 504 2458 0 579 29 0 1 0"
      ;;
    8)
      test-tcas  "405 1 836 874 175 2329 3 60 413 0 1 0"
      ;;
    9)
      test-tcas  "920 1 880 489 399 9775 1 372 713 0 0 0"
      ;;
    10)
      test-tcas  "43 0 831 702 794 8194 0 266 395 0 0 1"
      ;;
    11)
      test-tcas  "698 0 754 981 582 9680 3 611 454 1 0 1"
      ;;
    12)
      test-tcas  "820 1 338 652 758 4971 2 412 134 1 1 0"
      ;;
    13)
      test-tcas  "662 1 802 327 455 7588 2 206 551 1 0 0"
      ;;
    14)
      test-tcas  "996 0 178 410 465 3020 1 942 79 0 0 0"
      ;;
    15)
      test-tcas  "24 1 380 930 807 4978 1 196 518 1 1 1"
      ;;
    16)
      test-tcas  "253 0 923 784 926 7864 1 429 79 0 1 1"
      ;;
    17)
      test-tcas  "913 0 948 395 725 7646 2 954 81 1 0 1"
      ;;
    18)
      test-tcas  "609 1 400 776 13 2348 2 286 968 0 0 0"
      ;;
    19)
      test-tcas  "903 1 686 120 269 8270 2 728 786 1 1 1"
      ;;
    20)
      test-tcas  "346 0 985 211 680 8943 3 230 668 1 1 1"
      ;;
    21)
      test-tcas  "149 0 590 247 408 606 1 914 98 1 0 1"
      ;;
    22)
      test-tcas  "206 0 155 73 809 774 2 42 812 0 0 1"
      ;;
    23)
      test-tcas  "528 0 649 243 992 5102 3 744 115 1 0 0"
      ;;
    24)
      test-tcas  "377 0 987 978 563 2408 1 404 155 0 0 1"
      ;;
    25)
      test-tcas  "407 1 908 676 768 8250 0 297 311 0 0 0"
      ;;
    26)
      test-tcas  "26 0 558 446 375 3962 1 881 299 0 1 0"
      ;;
    27)
      test-tcas  "938 1 499 961 695 468 3 8 917 0 0 0"
      ;;
    28)
      test-tcas  "379 1 441 882 969 4588 1 312 459 0 1 1"
      ;;
    29)
      test-tcas  "5 0 965 132 78 9824 3 92 845 1 0 1"
      ;;
    30)
      test-tcas  "640 0 747 460 51 3891 3 178 322 1 0 0"
      ;;
    31)
      test-tcas  "222 1 452 925 281 1410 1 540 280 0 0 0"
      ;;
    32)
      test-tcas  "221 0 420 293 542 2328 2 717 228 1 1 0"
      ;;
    33)
      test-tcas  "606 0 585 714 26 4658 3 629 341 0 1 1"
      ;;
    34)
      test-tcas  "84 1 720 587 510 4148 2 854 207 0 0 1"
      ;;
    35)
      test-tcas  "821 1 114 106 547 3415 2 84 427 1 1 0"
      ;;
    36)
      test-tcas  "172 0 108 681 174 8928 3 215 622 1 0 1"
      ;;
    37)
      test-tcas  "128 0 646 219 102 6077 0 334 157 0 1 1"
      ;;
    38)
      test-tcas  "218 1 971 138 618 254 1 785 429 1 0 1"
      ;;
    39)
      test-tcas  "424 1 39 948 616 5589 1 518 26 1 1 0"
      ;;
    40)
      test-tcas  "428 1 888 327 108 2611 0 994 324 0 1 0"
      ;;
    41)
      test-tcas  "7 0 285 765 452 1607 2 164 166 1 0 1"
      ;;
    42)
      test-tcas  "806 0 398 131 143 28 1 277 284 0 1 0"
      ;;
    43)
      test-tcas  "964 0 951 831 591 9638 1 705 853 1 0 1"
      ;;
    44)
      test-tcas  "125 1 453 729 629 2537 0 404 262 1 1 1"
      ;;
    45)
      test-tcas  "300 0 509 479 709 4459 1 250 646 0 0 0"
      ;;
    46)
      test-tcas  "821 1 9 604 811 9000 0 110 49 0 1 0"
      ;;
    47)
      test-tcas  "214 1 121 353 936 7617 1 288 290 0 0 0"
      ;;
    48)
      test-tcas  "306 0 469 197 855 7356 2 844 568 0 0 1"
      ;;
    49)
      test-tcas  "144 0 716 746 293 1314 0 222 775 0 0 0"
      ;;
    50)
      test-tcas  "470 0 902 874 210 5851 1 646 105 0 1 0"
      ;;
    51)
      test-tcas  "476 1 411 931 74 3488 3 924 184 0 0 1"
      ;;
    52)
      test-tcas  "380 1 261 137 136 1293 3 471 249 1 0 0"
      ;;
    53)
      test-tcas  "55 0 631 531 686 1387 2 720 221 0 1 1"
      ;;
    54)
      test-tcas  "444 1 36 225 44 2899 3 501 536 1 0 1"
      ;;
    55)
      test-tcas  "871 0 471 214 707 3449 3 460 548 0 0 0"
      ;;
    56)
      test-tcas  "540 1 39 537 530 2780 3 214 83 1 0 0"
      ;;
    57)
      test-tcas  "581 0 148 265 177 1785 3 614 328 1 0 0"
      ;;
    58)
      test-tcas  "888 0 286 550 230 6622 0 290 697 0 1 1"
      ;;
    59)
      test-tcas  "725 0 603 817 371 70 1 547 606 0 1 1"
      ;;
    60)
      test-tcas  "659 1 155 130 901 622 3 614 243 0 1 0"
      ;;
    61)
      test-tcas  "799 1 583 797 587 4157 3 393 404 0 1 1"
      ;;
    62)
      test-tcas  "597 1 285 427 346 3222 0 936 265 0 1 0"
      ;;
    63)
      test-tcas  "553 1 779 866 693 5202 2 202 692 1 1 1"
      ;;
    64)
      test-tcas  "158 1 904 757 92 2708 3 979 138 0 0 0"
      ;;
    65)
      test-tcas  "160 1 837 910 454 7624 1 267 597 0 1 1"
      ;;
    66)
      test-tcas  "930 0 547 140 926 4223 0 36 248 0 1 1"
      ;;
    67)
      test-tcas  "142 0 324 863 892 6685 3 811 495 0 0 0"
      ;;
    68)
      test-tcas  "347 0 350 423 713 2249 1 349 976 0 1 1"
      ;;
    69)
      test-tcas  "183 1 970 912 203 3009 0 444 882 0 1 0"
      ;;
    70)
      test-tcas  "954 1 378 139 101 7115 2 812 479 1 1 0"
      ;;
    71)
      test-tcas  "228 0 757 371 985 3841 2 62 147 0 0 1"
      ;;
    72)
      test-tcas  "741 0 691 538 18 6574 2 791 554 0 0 0"
      ;;
    73)
      test-tcas  "494 1 686 780 783 3346 1 104 638 1 0 0"
      ;;
    74)
      test-tcas  "302 1 74 442 92 6032 0 110 73 1 0 0"
      ;;
    75)
      test-tcas  "279 1 291 3 229 6759 1 335 665 1 0 0"
      ;;
    76)
      test-tcas  "840 0 664 854 380 3445 1 490 769 0 1 0"
      ;;
    77)
      test-tcas  "718 0 225 385 273 5687 1 572 319 0 0 0"
      ;;
    78)
      test-tcas  "260 1 897 481 45 7473 3 978 369 0 1 0"
      ;;
    79)
      test-tcas  "862 0 495 245 277 4366 0 26 239 0 1 0"
      ;;
    80)
      test-tcas  "892 0 479 592 866 9924 1 178 352 0 1 0"
      ;;
    81)
      test-tcas  "713 1 168 270 972 9188 0 169 732 1 0 1"
      ;;
    82)
      test-tcas  "573 0 345 883 717 6054 1 303 829 0 1 1"
      ;;
    83)
      test-tcas  "121 1 617 577 560 6286 3 307 863 0 0 0"
      ;;
    84)
      test-tcas  "125 0 786 259 408 8774 0 364 319 0 1 0"
      ;;
    85)
      test-tcas  "652 0 649 506 448 4495 2 262 408 0 1 0"
      ;;
    86)
      test-tcas  "476 0 202 703 510 5313 0 18 421 0 1 1"
      ;;
    87)
      test-tcas  "845 0 63 427 393 3494 2 840 819 0 0 1"
      ;;
    88)
      test-tcas  "946 1 187 660 74 7404 2 887 656 1 1 1"
      ;;
esac
