#!/bin/bash
set -euo pipefail
SCRIPT_DIR=$(cd "$(dirname "${BASH_SOURCE[0]}")" && pwd)
test-tcas () {
    diff -q <(${ANGELIX_RUN:-eval} ./tcas $1) <($SCRIPT_DIR/../golden/tcas $1) > /dev/null
}

case "$1" in
    1)
      test-tcas  "676 1 294 880 431 8308 2 947 716 0 0 0"
      ;;
    2)
      test-tcas  "603 1 216 926 681 6660 3 171 418 0 0 0"
      ;;
    3)
      test-tcas  "625 0 75 598 214 6403 3 79 487 1 1 1"
      ;;
    4)
      test-tcas  "67 1 408 463 160 7047 0 543 306 0 0 0"
      ;;
    5)
      test-tcas  "901 1 179 823 805 6763 1 643 41 0 1 1"
      ;;
    6)
      test-tcas  "174 1 701 887 233 8398 2 39 173 1 1 1"
      ;;
    7)
      test-tcas  "697 0 452 754 976 5177 3 447 193 1 0 0"
      ;;
    8)
      test-tcas  "95 1 184 658 695 5819 2 810 103 0 0 1"
      ;;
    9)
      test-tcas  "978 1 765 880 467 9812 3 234 610 0 1 0"
      ;;
    10)
      test-tcas  "113 0 956 289 50 5604 0 876 563 1 1 1"
      ;;
    11)
      test-tcas  "842 0 66 625 734 7293 2 617 113 0 0 0"
      ;;
    12)
      test-tcas  "760 1 888 379 865 9313 2 653 427 1 0 1"
      ;;
    13)
      test-tcas  "766 0 726 460 71 3330 2 984 426 0 1 1"
      ;;
    14)
      test-tcas  "28 1 479 773 367 7301 2 274 4 1 1 0"
      ;;
    15)
      test-tcas  "181 1 848 350 939 3312 1 572 571 1 0 1"
      ;;
    16)
      test-tcas  "231 0 574 811 274 8360 1 57 404 0 1 1"
      ;;
    17)
      test-tcas  "68 0 397 617 578 807 3 222 354 1 0 0"
      ;;
    18)
      test-tcas  "334 1 952 907 14 4679 0 715 824 1 1 0"
      ;;
    19)
      test-tcas  "541 1 308 600 214 4385 1 522 646 0 0 1"
      ;;
    20)
      test-tcas  "827 1 45 931 824 3773 2 179 563 0 1 0"
      ;;
    21)
      test-tcas  "597 1 948 695 458 5709 0 326 409 1 1 1"
      ;;
    22)
      test-tcas  "471 1 299 129 396 1586 3 128 855 1 0 1"
      ;;
    23)
      test-tcas  "501 1 570 654 696 4312 3 888 660 1 1 1"
      ;;
    24)
      test-tcas  "491 1 952 567 32 3425 3 588 830 1 1 0"
      ;;
    25)
      test-tcas  "485 1 653 222 563 6992 0 75 831 1 1 0"
      ;;
    26)
      test-tcas  "27 1 212 310 515 1929 3 200 191 1 1 0"
      ;;
    27)
      test-tcas  "732 0 253 488 809 2265 3 407 213 0 0 1"
      ;;
    28)
      test-tcas  "940 1 129 846 124 3729 3 21 422 0 0 1"
      ;;
    29)
      test-tcas  "824 0 759 554 152 2786 1 890 446 0 0 1"
      ;;
    30)
      test-tcas  "272 1 652 452 520 8995 0 948 602 1 0 0"
      ;;
    31)
      test-tcas  "118 1 695 359 923 1184 1 877 243 1 1 0"
      ;;
    32)
      test-tcas  "961 1 636 516 421 542 1 140 156 0 0 1"
      ;;
    33)
      test-tcas  "743 1 444 785 584 7241 3 448 807 0 1 0"
      ;;
    34)
      test-tcas  "604 1 821 13 297 1679 2 30 109 1 0 0"
      ;;
    35)
      test-tcas  "162 1 35 394 446 6825 2 19 629 0 1 0"
      ;;
    36)
      test-tcas  "377 0 32 645 505 4476 0 787 670 1 1 0"
      ;;
    37)
      test-tcas  "516 1 388 393 162 5538 1 180 628 0 1 1"
      ;;
    38)
      test-tcas  "403 1 114 357 590 2632 3 327 222 0 1 1"
      ;;
    39)
      test-tcas  "176 0 634 692 808 2478 0 978 824 1 0 0"
      ;;
    40)
      test-tcas  "168 0 375 208 676 5624 2 249 44 1 1 0"
      ;;
    41)
      test-tcas  "216 1 426 158 645 2066 1 139 997 1 1 0"
      ;;
    42)
      test-tcas  "795 1 531 844 165 3317 2 266 331 1 1 1"
      ;;
    43)
      test-tcas  "761 0 345 418 867 4353 1 945 29 1 0 1"
      ;;
    44)
      test-tcas  "254 1 433 37 186 2706 2 27 346 1 1 0"
      ;;
    45)
      test-tcas  "390 1 812 821 920 6756 1 758 879 1 0 0"
      ;;
    46)
      test-tcas  "830 0 70 33 494 988 3 402 770 0 1 0"
      ;;
    47)
      test-tcas  "67 0 133 408 219 2622 3 414 394 1 1 0"
      ;;
    48)
      test-tcas  "435 0 628 670 766 1621 2 605 578 0 0 0"
      ;;
    49)
      test-tcas  "279 1 566 3 325 4588 3 977 397 0 0 0"
      ;;
    50)
      test-tcas  "564 0 596 529 495 2572 1 755 23 1 1 1"
      ;;
    51)
      test-tcas  "342 1 543 775 920 3130 3 566 761 0 0 1"
      ;;
    52)
      test-tcas  "999 0 200 561 935 8415 0 727 532 1 1 1"
      ;;
    53)
      test-tcas  "70 0 437 876 143 3257 3 257 407 1 0 1"
      ;;
    54)
      test-tcas  "557 1 670 950 788 474 0 400 609 0 0 1"
      ;;
    55)
      test-tcas  "261 1 513 20 119 4769 0 276 439 1 0 0"
      ;;
    56)
      test-tcas  "481 1 89 177 592 1672 2 671 62 0 0 1"
      ;;
    57)
      test-tcas  "685 0 945 90 751 4003 1 967 851 0 1 0"
      ;;
    58)
      test-tcas  "278 1 864 522 997 5292 0 808 116 1 0 1"
      ;;
    59)
      test-tcas  "548 0 36 150 101 7515 0 264 515 1 0 1"
      ;;
    60)
      test-tcas  "89 1 47 478 396 9304 1 39 262 1 1 1"
      ;;
    61)
      test-tcas  "601 1 34 451 930 605 0 653 398 0 1 0"
      ;;
    62)
      test-tcas  "917 0 43 814 585 448 0 445 893 0 0 0"
      ;;
    63)
      test-tcas  "375 0 170 292 236 6134 3 853 200 0 0 0"
      ;;
    64)
      test-tcas  "282 1 464 266 432 4765 0 539 57 1 1 0"
      ;;
    65)
      test-tcas  "209 0 816 851 835 1545 1 685 874 0 0 1"
      ;;
    66)
      test-tcas  "120 1 117 85 723 3729 3 122 914 0 1 0"
      ;;
    67)
      test-tcas  "51 1 894 319 345 4542 1 879 712 1 0 0"
      ;;
    68)
      test-tcas  "22 1 427 920 659 7682 0 276 700 0 1 1"
      ;;
    69)
      test-tcas  "207 0 917 964 122 324 1 782 967 0 0 0"
      ;;
    70)
      test-tcas  "114 0 768 775 692 746 1 601 290 1 1 1"
      ;;
    71)
      test-tcas  "498 1 315 973 975 5840 2 212 188 0 0 0"
      ;;
    72)
      test-tcas  "169 1 493 9 645 3886 2 47 680 0 0 1"
      ;;
    73)
      test-tcas  "528 1 915 176 746 8957 0 920 730 1 0 0"
      ;;
    74)
      test-tcas  "761 1 654 618 328 5309 3 953 949 1 1 0"
      ;;
    75)
      test-tcas  "3 0 720 2 73 3008 1 415 139 0 0 0"
      ;;
    76)
      test-tcas  "552 0 690 279 87 9875 1 141 547 1 0 0"
      ;;
    77)
      test-tcas  "304 1 380 288 903 9617 1 110 356 0 1 0"
      ;;
    78)
      test-tcas  "13 0 579 881 992 1709 1 174 968 1 1 1"
      ;;
    79)
      test-tcas  "766 0 974 786 590 5259 2 30 938 1 0 1"
      ;;
    80)
      test-tcas  "187 0 235 528 614 6676 3 139 137 0 0 1"
      ;;
    81)
      test-tcas  "361 0 12 463 647 9457 1 567 751 1 1 0"
      ;;
    82)
      test-tcas  "275 0 138 242 583 3920 2 547 80 1 1 1"
      ;;
    83)
      test-tcas  "728 0 772 981 477 5068 1 994 836 0 0 0"
      ;;
    84)
      test-tcas  "165 0 482 851 384 8129 3 221 715 0 0 1"
      ;;
    85)
      test-tcas  "758 0 376 926 656 3582 3 748 382 0 0 0"
      ;;
    86)
      test-tcas  "187 1 336 785 83 6714 3 266 821 0 0 1"
      ;;
    87)
      test-tcas  "181 0 230 662 599 853 0 678 26 0 0 0"
      ;;
    88)
      test-tcas  "697 0 587 768 948 8583 2 478 522 1 0 1"
      ;;
esac
