#!/bin/bash
set -euo pipefail
SCRIPT_DIR=$(cd "$(dirname "${BASH_SOURCE[0]}")" && pwd)
test-tcas () {
    diff -q <(${ANGELIX_RUN:-eval} ./tcas $1) <($SCRIPT_DIR/../golden/tcas $1) > /dev/null
}

case "$1" in
    1)
      test-tcas  "543 0 206 183 313 6440 0 661 851 1 1 1"
      ;;
    2)
      test-tcas  "15 0 587 736 952 688 3 136 669 0 1 1"
      ;;
    3)
      test-tcas  "71 0 416 153 429 5178 1 551 119 1 1 0"
      ;;
    4)
      test-tcas  "846 1 646 745 257 2145 0 241 59 0 1 0"
      ;;
    5)
      test-tcas  "242 0 834 443 13 4512 3 72 383 1 0 0"
      ;;
    6)
      test-tcas  "142 1 798 930 118 1880 2 392 189 1 0 1"
      ;;
    7)
      test-tcas  "552 0 420 241 84 2622 2 306 485 0 0 1"
      ;;
    8)
      test-tcas  "71 1 522 888 724 3744 1 609 486 1 0 1"
      ;;
    9)
      test-tcas  "762 1 521 579 888 5075 1 927 84 1 1 0"
      ;;
    10)
      test-tcas  "445 1 115 143 681 9079 3 272 771 1 1 1"
      ;;
    11)
      test-tcas  "562 0 420 230 621 1862 3 339 309 1 0 0"
      ;;
    12)
      test-tcas  "142 0 955 828 992 5033 3 526 577 1 0 0"
      ;;
    13)
      test-tcas  "973 1 534 540 628 1754 3 670 421 0 0 1"
      ;;
    14)
      test-tcas  "882 0 484 952 573 3765 2 100 987 1 1 1"
      ;;
    15)
      test-tcas  "54 1 723 302 494 9229 2 570 794 1 0 0"
      ;;
    16)
      test-tcas  "558 1 40 956 353 4049 1 141 901 0 1 0"
      ;;
    17)
      test-tcas  "706 0 470 2 732 1764 2 37 774 0 0 0"
      ;;
    18)
      test-tcas  "540 0 887 547 271 9311 0 895 936 1 1 0"
      ;;
    19)
      test-tcas  "651 0 935 22 979 7747 0 734 226 1 0 0"
      ;;
    20)
      test-tcas  "645 1 94 994 725 8614 1 334 379 1 0 1"
      ;;
    21)
      test-tcas  "881 0 110 664 905 7790 0 505 816 1 0 0"
      ;;
    22)
      test-tcas  "709 1 104 377 295 9625 0 63 883 0 1 1"
      ;;
    23)
      test-tcas  "140 1 591 46 248 4728 3 64 355 0 0 1"
      ;;
    24)
      test-tcas  "933 1 133 494 771 5074 1 88 844 1 0 1"
      ;;
    25)
      test-tcas  "247 1 701 254 681 51 2 67 748 1 1 1"
      ;;
    26)
      test-tcas  "450 0 772 379 826 6741 0 311 630 1 0 1"
      ;;
    27)
      test-tcas  "327 0 962 296 426 7069 2 37 369 1 1 0"
      ;;
    28)
      test-tcas  "785 1 391 674 874 3485 1 806 106 0 0 1"
      ;;
    29)
      test-tcas  "237 1 168 738 800 3568 3 842 904 1 1 1"
      ;;
    30)
      test-tcas  "150 1 250 286 923 2347 0 255 137 0 0 0"
      ;;
    31)
      test-tcas  "770 1 543 82 147 9235 0 716 994 1 0 1"
      ;;
    32)
      test-tcas  "754 1 401 77 488 4242 0 94 996 1 0 0"
      ;;
    33)
      test-tcas  "432 0 747 241 807 5625 3 13 213 1 0 1"
      ;;
    34)
      test-tcas  "561 1 783 521 867 8267 3 244 870 0 1 1"
      ;;
    35)
      test-tcas  "855 0 710 694 88 8945 3 171 204 0 1 0"
      ;;
    36)
      test-tcas  "181 0 115 569 342 1155 1 495 896 0 0 1"
      ;;
    37)
      test-tcas  "146 0 546 171 401 8424 3 604 30 1 1 1"
      ;;
    38)
      test-tcas  "831 0 460 170 110 883 1 887 395 0 0 1"
      ;;
    39)
      test-tcas  "750 0 54 938 0 5550 1 477 40 0 1 1"
      ;;
    40)
      test-tcas  "535 1 584 166 8 5974 1 687 269 0 0 0"
      ;;
    41)
      test-tcas  "613 0 528 50 18 1937 1 583 825 1 0 0"
      ;;
    42)
      test-tcas  "24 0 483 537 337 4504 1 788 706 1 1 1"
      ;;
    43)
      test-tcas  "719 0 898 133 717 6108 2 796 49 1 1 0"
      ;;
    44)
      test-tcas  "987 1 687 192 340 9349 3 631 665 0 0 1"
      ;;
    45)
      test-tcas  "301 1 427 557 151 1953 3 797 240 0 1 1"
      ;;
    46)
      test-tcas  "630 1 232 786 150 8681 3 987 792 0 1 1"
      ;;
    47)
      test-tcas  "295 0 479 73 663 4151 2 50 830 1 1 1"
      ;;
    48)
      test-tcas  "721 0 403 274 266 3248 3 179 722 0 0 0"
      ;;
    49)
      test-tcas  "829 0 83 272 911 8317 0 244 8 1 1 0"
      ;;
    50)
      test-tcas  "552 1 628 158 855 4463 0 608 943 0 1 0"
      ;;
    51)
      test-tcas  "822 1 313 434 343 6151 1 660 201 0 0 1"
      ;;
    52)
      test-tcas  "493 0 144 662 454 9809 3 640 652 1 1 1"
      ;;
    53)
      test-tcas  "997 0 706 631 323 8370 0 175 231 0 0 1"
      ;;
    54)
      test-tcas  "98 0 302 273 867 4607 1 220 297 0 0 1"
      ;;
    55)
      test-tcas  "856 1 234 147 322 681 0 881 469 0 1 1"
      ;;
    56)
      test-tcas  "914 1 636 388 328 1647 1 799 721 0 0 0"
      ;;
    57)
      test-tcas  "440 1 565 584 868 584 1 521 528 0 0 1"
      ;;
    58)
      test-tcas  "450 1 64 16 227 2725 2 394 118 1 0 0"
      ;;
    59)
      test-tcas  "928 0 610 220 193 5268 2 211 322 0 1 1"
      ;;
    60)
      test-tcas  "981 1 845 753 964 8598 3 901 205 0 1 0"
      ;;
    61)
      test-tcas  "379 1 605 468 750 3381 1 165 539 0 1 1"
      ;;
    62)
      test-tcas  "121 0 165 502 738 6380 3 975 320 0 1 1"
      ;;
    63)
      test-tcas  "180 0 228 529 35 5942 2 386 833 0 1 1"
      ;;
    64)
      test-tcas  "346 1 462 644 332 5913 1 83 353 0 1 0"
      ;;
    65)
      test-tcas  "5 0 483 574 413 4167 1 536 304 1 1 0"
      ;;
    66)
      test-tcas  "909 1 876 626 201 9125 3 560 725 1 0 0"
      ;;
    67)
      test-tcas  "352 1 366 50 854 4488 3 455 70 0 1 0"
      ;;
    68)
      test-tcas  "818 1 433 189 415 8901 0 768 817 0 1 1"
      ;;
    69)
      test-tcas  "955 1 541 937 793 3541 1 38 987 0 1 1"
      ;;
    70)
      test-tcas  "829 0 846 690 281 6494 1 683 559 0 1 1"
      ;;
    71)
      test-tcas  "639 1 534 65 520 8381 1 439 830 0 0 1"
      ;;
    72)
      test-tcas  "609 1 41 240 684 9003 1 516 90 1 1 0"
      ;;
    73)
      test-tcas  "420 1 192 818 806 9716 1 812 485 0 1 0"
      ;;
    74)
      test-tcas  "541 0 785 620 472 926 1 201 691 1 0 1"
      ;;
    75)
      test-tcas  "911 1 388 812 684 8424 1 66 978 1 1 0"
      ;;
    76)
      test-tcas  "813 0 43 190 436 6331 2 831 416 1 1 0"
      ;;
    77)
      test-tcas  "351 1 242 403 575 8124 2 329 379 1 1 0"
      ;;
    78)
      test-tcas  "762 1 925 256 686 649 3 399 102 1 0 1"
      ;;
    79)
      test-tcas  "793 0 327 96 191 9083 2 101 903 0 1 0"
      ;;
    80)
      test-tcas  "627 0 350 616 501 3635 2 422 700 1 1 0"
      ;;
    81)
      test-tcas  "291 0 633 206 898 1221 1 313 765 0 0 0"
      ;;
    82)
      test-tcas  "168 1 797 231 944 7496 3 290 102 1 0 1"
      ;;
    83)
      test-tcas  "114 0 261 361 476 6507 0 741 588 0 1 0"
      ;;
    84)
      test-tcas  "812 0 764 266 806 6729 0 430 902 0 0 0"
      ;;
    85)
      test-tcas  "315 1 112 678 451 3488 2 504 441 1 0 0"
      ;;
    86)
      test-tcas  "284 1 805 930 694 8677 2 629 777 1 1 1"
      ;;
    87)
      test-tcas  "211 1 56 714 449 9259 2 608 790 0 1 0"
      ;;
    88)
      test-tcas  "884 1 266 866 307 6348 0 100 414 1 1 1"
      ;;
esac
