#!/bin/bash
set -euo pipefail
SCRIPT_DIR=$(cd "$(dirname "${BASH_SOURCE[0]}")" && pwd)
test-tcas () {
    diff -q <(${ANGELIX_RUN:-eval} ./tcas $1) <($SCRIPT_DIR/../golden/tcas $1) > /dev/null
}

case "$1" in
    1)
      test-tcas  "497 1 272 279 919 1612 0 237 700 1 0 1"
      ;;
    2)
      test-tcas  "948 1 377 691 493 2878 0 362 556 0 1 1"
      ;;
    3)
      test-tcas  "942 1 135 383 908 2547 2 808 936 1 0 1"
      ;;
    4)
      test-tcas  "456 0 280 974 982 3587 2 520 210 1 1 1"
      ;;
    5)
      test-tcas  "389 0 978 259 665 6351 0 106 169 0 1 0"
      ;;
    6)
      test-tcas  "329 0 122 497 251 7624 1 944 70 1 0 0"
      ;;
    7)
      test-tcas  "819 0 956 135 729 2648 1 326 876 1 1 0"
      ;;
    8)
      test-tcas  "711 1 53 960 357 1382 0 134 508 1 0 0"
      ;;
    9)
      test-tcas  "366 1 9 598 373 5273 1 885 387 0 1 0"
      ;;
    10)
      test-tcas  "579 0 32 426 535 3084 1 520 995 0 1 0"
      ;;
    11)
      test-tcas  "183 1 933 319 917 3725 2 108 555 0 1 0"
      ;;
    12)
      test-tcas  "370 1 741 252 106 652 3 584 345 0 0 1"
      ;;
    13)
      test-tcas  "777 1 441 568 651 6201 2 895 455 1 1 0"
      ;;
    14)
      test-tcas  "381 0 5 742 223 5202 2 321 153 0 0 0"
      ;;
    15)
      test-tcas  "231 0 60 720 627 5404 2 398 261 0 0 1"
      ;;
    16)
      test-tcas  "963 1 189 358 337 7596 1 725 214 1 0 0"
      ;;
    17)
      test-tcas  "946 1 952 175 840 844 3 40 702 1 1 0"
      ;;
    18)
      test-tcas  "798 0 285 522 550 8044 0 224 930 0 0 1"
      ;;
    19)
      test-tcas  "824 0 8 381 599 3845 3 429 753 1 0 1"
      ;;
    20)
      test-tcas  "768 1 646 344 246 1194 3 268 4 0 1 0"
      ;;
    21)
      test-tcas  "25 1 784 891 89 3964 1 960 459 1 0 1"
      ;;
    22)
      test-tcas  "211 0 596 807 668 1684 2 479 937 0 0 1"
      ;;
    23)
      test-tcas  "723 1 142 640 425 8034 2 196 46 0 0 0"
      ;;
    24)
      test-tcas  "577 1 369 237 318 7606 3 67 106 1 0 0"
      ;;
    25)
      test-tcas  "489 1 669 874 702 5547 2 298 724 0 0 0"
      ;;
    26)
      test-tcas  "772 0 98 116 363 1854 3 431 450 0 1 1"
      ;;
    27)
      test-tcas  "222 0 228 413 844 6583 2 95 830 1 0 0"
      ;;
    28)
      test-tcas  "714 1 814 529 422 3812 2 140 50 0 0 0"
      ;;
    29)
      test-tcas  "774 0 211 184 253 993 0 583 217 0 1 1"
      ;;
    30)
      test-tcas  "873 1 678 829 405 6341 1 721 113 1 1 0"
      ;;
    31)
      test-tcas  "667 0 361 208 557 52 3 920 41 0 1 0"
      ;;
    32)
      test-tcas  "833 1 903 305 299 5526 1 935 157 0 1 1"
      ;;
    33)
      test-tcas  "563 1 224 474 971 4299 1 223 341 0 1 0"
      ;;
    34)
      test-tcas  "142 1 81 928 49 3153 0 486 410 0 0 0"
      ;;
    35)
      test-tcas  "381 1 593 380 54 3758 1 728 77 0 0 0"
      ;;
    36)
      test-tcas  "984 1 885 476 948 4359 3 331 709 0 0 1"
      ;;
    37)
      test-tcas  "216 0 526 683 892 9265 3 115 523 0 0 0"
      ;;
    38)
      test-tcas  "453 0 360 600 177 5437 2 39 416 0 0 1"
      ;;
    39)
      test-tcas  "470 0 769 127 971 6108 1 67 155 1 1 1"
      ;;
    40)
      test-tcas  "443 1 263 633 402 9242 3 874 143 0 1 0"
      ;;
    41)
      test-tcas  "836 1 694 206 287 3692 2 363 463 0 0 0"
      ;;
    42)
      test-tcas  "456 0 169 210 587 8158 1 539 303 0 1 0"
      ;;
    43)
      test-tcas  "40 1 69 718 455 7434 2 64 312 1 0 1"
      ;;
    44)
      test-tcas  "819 0 314 4 404 7106 0 761 761 1 0 1"
      ;;
    45)
      test-tcas  "498 1 271 63 851 1605 2 612 770 1 0 1"
      ;;
    46)
      test-tcas  "130 1 380 131 925 1528 0 155 129 1 1 0"
      ;;
    47)
      test-tcas  "291 0 762 465 60 4333 1 879 556 1 0 0"
      ;;
    48)
      test-tcas  "924 0 690 39 468 7825 1 50 459 1 0 1"
      ;;
    49)
      test-tcas  "101 0 934 544 168 8466 0 499 494 0 1 1"
      ;;
    50)
      test-tcas  "854 0 538 939 764 6206 3 207 386 1 0 0"
      ;;
    51)
      test-tcas  "20 0 658 931 656 4520 0 23 654 0 0 0"
      ;;
    52)
      test-tcas  "918 1 596 89 849 8406 2 617 978 0 1 1"
      ;;
    53)
      test-tcas  "381 1 118 854 946 4410 0 712 51 1 0 0"
      ;;
    54)
      test-tcas  "492 0 644 474 324 5240 2 808 827 1 0 1"
      ;;
    55)
      test-tcas  "10 0 781 878 856 7187 2 34 74 0 1 0"
      ;;
    56)
      test-tcas  "220 0 55 719 894 1447 3 349 173 1 1 1"
      ;;
    57)
      test-tcas  "559 1 593 239 512 481 3 161 47 0 0 0"
      ;;
    58)
      test-tcas  "9 1 775 260 335 7785 0 484 54 1 0 1"
      ;;
    59)
      test-tcas  "816 0 730 448 468 3869 2 27 560 1 1 1"
      ;;
    60)
      test-tcas  "690 0 753 117 293 2850 2 74 803 0 1 0"
      ;;
    61)
      test-tcas  "140 0 506 103 90 2875 2 769 492 1 0 0"
      ;;
    62)
      test-tcas  "93 0 29 792 556 9561 2 290 380 0 1 0"
      ;;
    63)
      test-tcas  "445 0 267 91 460 4816 1 592 860 1 1 1"
      ;;
    64)
      test-tcas  "581 1 964 129 728 3788 3 731 341 1 0 1"
      ;;
    65)
      test-tcas  "350 0 373 612 339 197 2 374 911 0 0 0"
      ;;
    66)
      test-tcas  "310 1 305 182 422 5079 0 908 462 0 0 0"
      ;;
    67)
      test-tcas  "434 1 596 720 955 5878 1 572 98 0 1 1"
      ;;
    68)
      test-tcas  "756 1 65 396 410 1936 0 276 297 0 0 0"
      ;;
    69)
      test-tcas  "723 0 532 288 663 8717 1 237 850 0 0 0"
      ;;
    70)
      test-tcas  "267 0 422 674 349 6624 0 238 198 0 1 1"
      ;;
    71)
      test-tcas  "819 0 861 617 732 894 0 190 286 0 1 1"
      ;;
    72)
      test-tcas  "683 0 119 117 15 6952 3 828 570 0 1 1"
      ;;
    73)
      test-tcas  "330 1 551 88 796 643 0 675 272 0 0 1"
      ;;
    74)
      test-tcas  "300 1 56 519 174 4995 2 973 400 0 0 1"
      ;;
    75)
      test-tcas  "495 1 341 567 756 4588 0 47 483 1 0 0"
      ;;
    76)
      test-tcas  "692 1 57 910 511 5226 2 555 316 0 1 1"
      ;;
    77)
      test-tcas  "154 1 93 478 142 398 3 297 355 1 0 0"
      ;;
    78)
      test-tcas  "186 1 22 711 249 7000 2 668 732 1 1 0"
      ;;
    79)
      test-tcas  "480 0 858 737 225 977 0 483 102 0 1 0"
      ;;
    80)
      test-tcas  "5 0 925 304 384 8876 3 794 829 1 0 1"
      ;;
    81)
      test-tcas  "106 1 739 985 403 3897 0 363 178 1 1 0"
      ;;
    82)
      test-tcas  "362 1 380 90 670 4712 2 791 419 1 1 0"
      ;;
    83)
      test-tcas  "566 1 893 788 638 2282 1 800 855 1 1 1"
      ;;
    84)
      test-tcas  "33 0 729 326 757 4011 0 913 954 0 1 1"
      ;;
    85)
      test-tcas  "191 1 269 750 966 5851 0 744 805 0 1 0"
      ;;
    86)
      test-tcas  "177 1 880 309 156 1480 1 266 225 1 1 1"
      ;;
    87)
      test-tcas  "867 0 906 727 376 3350 1 844 846 1 1 1"
      ;;
    88)
      test-tcas  "448 1 350 717 898 3245 2 408 508 1 0 1"
      ;;
esac
