#!/bin/bash
set -euo pipefail
SCRIPT_DIR=$(cd "$(dirname "${BASH_SOURCE[0]}")" && pwd)
test-tcas () {
    diff -q <(${ANGELIX_RUN:-eval} ./tcas $1) <($SCRIPT_DIR/../golden/tcas $1) > /dev/null
}

case "$1" in
    1)
      test-tcas  "443 0 594 294 506 2441 2 105 312 1 0 1"
      ;;
    2)
      test-tcas  "886 0 261 871 410 8269 3 120 304 0 0 1"
      ;;
    3)
      test-tcas  "520 1 437 185 96 5051 0 144 69 0 0 0"
      ;;
    4)
      test-tcas  "393 0 979 116 579 7187 1 428 419 0 0 0"
      ;;
    5)
      test-tcas  "285 0 57 589 187 256 0 981 969 0 1 0"
      ;;
    6)
      test-tcas  "795 1 917 79 320 2703 0 718 759 0 0 1"
      ;;
    7)
      test-tcas  "414 0 934 92 72 8723 3 350 93 0 0 1"
      ;;
    8)
      test-tcas  "937 0 762 739 344 9718 0 24 364 0 0 0"
      ;;
    9)
      test-tcas  "975 1 478 498 63 6719 2 986 150 0 1 1"
      ;;
    10)
      test-tcas  "337 0 759 79 623 4597 0 663 909 0 0 1"
      ;;
    11)
      test-tcas  "713 1 408 10 883 779 2 506 346 1 1 1"
      ;;
    12)
      test-tcas  "259 0 896 39 735 6508 1 736 725 0 1 1"
      ;;
    13)
      test-tcas  "504 1 9 838 642 7445 3 766 335 1 0 0"
      ;;
    14)
      test-tcas  "419 1 272 691 444 2612 2 583 735 1 1 0"
      ;;
    15)
      test-tcas  "451 0 421 881 270 6299 2 682 476 1 0 1"
      ;;
    16)
      test-tcas  "920 1 925 405 509 6638 2 307 657 0 1 0"
      ;;
    17)
      test-tcas  "377 0 403 369 502 7062 2 812 886 1 1 1"
      ;;
    18)
      test-tcas  "274 1 677 995 932 2801 0 769 89 1 1 1"
      ;;
    19)
      test-tcas  "664 0 209 597 771 3966 0 178 13 0 1 0"
      ;;
    20)
      test-tcas  "632 0 789 143 152 9577 1 688 313 1 0 1"
      ;;
    21)
      test-tcas  "692 0 522 148 620 3172 0 105 710 1 0 0"
      ;;
    22)
      test-tcas  "549 0 458 573 886 314 3 727 946 1 1 1"
      ;;
    23)
      test-tcas  "351 1 597 223 486 1454 2 96 41 1 1 0"
      ;;
    24)
      test-tcas  "920 0 461 767 628 183 3 709 776 1 0 0"
      ;;
    25)
      test-tcas  "351 0 33 990 954 6909 2 979 305 0 0 0"
      ;;
    26)
      test-tcas  "916 1 477 224 8 1449 2 342 398 0 0 1"
      ;;
    27)
      test-tcas  "317 0 855 64 853 4914 3 876 994 1 0 1"
      ;;
    28)
      test-tcas  "43 1 895 513 514 1563 3 97 502 1 1 1"
      ;;
    29)
      test-tcas  "900 0 798 523 778 5101 2 711 686 1 1 1"
      ;;
    30)
      test-tcas  "675 0 135 655 289 1062 1 124 913 0 0 0"
      ;;
    31)
      test-tcas  "383 1 995 83 918 7559 0 312 84 1 0 0"
      ;;
    32)
      test-tcas  "660 1 791 575 4 774 3 338 759 0 0 1"
      ;;
    33)
      test-tcas  "502 0 452 334 270 9035 2 332 690 1 1 0"
      ;;
    34)
      test-tcas  "866 0 118 641 16 317 3 67 337 1 0 0"
      ;;
    35)
      test-tcas  "488 0 8 160 617 2354 0 533 854 0 1 0"
      ;;
    36)
      test-tcas  "760 0 683 566 306 2384 0 895 576 0 1 0"
      ;;
    37)
      test-tcas  "530 0 676 728 858 4818 0 162 153 0 1 0"
      ;;
    38)
      test-tcas  "385 0 196 157 921 9804 2 592 160 1 0 1"
      ;;
    39)
      test-tcas  "163 0 545 707 559 3807 3 465 364 1 0 1"
      ;;
    40)
      test-tcas  "338 1 834 701 905 4882 1 262 696 0 0 1"
      ;;
    41)
      test-tcas  "299 1 660 568 816 347 0 566 476 1 0 0"
      ;;
    42)
      test-tcas  "601 1 592 984 944 2993 3 97 526 0 0 1"
      ;;
    43)
      test-tcas  "884 0 539 129 809 3861 1 258 504 1 0 0"
      ;;
    44)
      test-tcas  "333 1 453 203 210 4938 0 376 26 1 1 1"
      ;;
    45)
      test-tcas  "417 1 258 723 616 3874 1 433 61 1 1 0"
      ;;
    46)
      test-tcas  "981 1 424 293 134 5046 0 599 510 1 0 1"
      ;;
    47)
      test-tcas  "804 0 264 622 184 6886 0 193 935 0 1 0"
      ;;
    48)
      test-tcas  "309 0 729 426 84 4515 1 874 96 1 0 0"
      ;;
    49)
      test-tcas  "276 0 332 610 529 9178 2 879 135 0 0 1"
      ;;
    50)
      test-tcas  "211 0 704 690 182 1984 3 979 131 1 0 0"
      ;;
    51)
      test-tcas  "367 1 343 837 543 8777 1 553 160 0 0 1"
      ;;
    52)
      test-tcas  "399 0 179 212 744 5835 2 693 27 0 1 1"
      ;;
    53)
      test-tcas  "161 1 791 339 992 2333 1 670 442 1 1 1"
      ;;
    54)
      test-tcas  "335 1 407 244 68 5201 2 320 637 0 0 0"
      ;;
    55)
      test-tcas  "301 0 193 874 587 5146 2 976 224 1 1 1"
      ;;
    56)
      test-tcas  "2 0 811 958 549 9194 0 521 492 1 0 1"
      ;;
    57)
      test-tcas  "494 1 818 942 211 5083 2 872 325 0 1 0"
      ;;
    58)
      test-tcas  "381 1 110 983 357 6327 1 844 534 1 1 1"
      ;;
    59)
      test-tcas  "480 0 408 138 664 3628 2 774 545 1 0 0"
      ;;
    60)
      test-tcas  "727 1 608 918 159 8631 2 598 187 0 1 1"
      ;;
    61)
      test-tcas  "706 0 792 219 538 9814 1 217 678 1 0 0"
      ;;
    62)
      test-tcas  "7 1 692 364 606 7453 0 947 869 1 0 1"
      ;;
    63)
      test-tcas  "181 1 591 529 70 5271 3 726 367 1 0 0"
      ;;
    64)
      test-tcas  "102 1 826 214 579 443 2 364 308 1 1 1"
      ;;
    65)
      test-tcas  "240 0 397 662 83 1132 2 700 282 1 0 1"
      ;;
    66)
      test-tcas  "635 1 601 216 412 1694 0 834 267 0 0 0"
      ;;
    67)
      test-tcas  "207 0 124 495 364 47 2 846 349 0 0 1"
      ;;
    68)
      test-tcas  "522 1 607 84 580 9559 1 446 526 0 0 1"
      ;;
    69)
      test-tcas  "175 1 427 994 93 9038 2 892 18 0 1 1"
      ;;
    70)
      test-tcas  "604 1 195 651 583 9113 3 246 230 0 0 0"
      ;;
    71)
      test-tcas  "394 0 375 416 177 1447 3 623 783 0 0 0"
      ;;
    72)
      test-tcas  "969 0 409 841 996 8763 3 507 970 0 1 0"
      ;;
    73)
      test-tcas  "990 1 779 794 582 8708 1 477 461 1 0 1"
      ;;
    74)
      test-tcas  "817 0 636 457 937 2997 3 789 177 0 0 0"
      ;;
    75)
      test-tcas  "999 1 856 851 37 5192 2 229 933 1 0 1"
      ;;
    76)
      test-tcas  "971 1 757 63 404 5764 1 431 715 0 0 1"
      ;;
    77)
      test-tcas  "947 0 139 722 707 1872 3 514 348 1 0 0"
      ;;
    78)
      test-tcas  "394 0 862 455 239 1476 1 361 748 1 1 0"
      ;;
    79)
      test-tcas  "458 1 810 121 684 7034 0 207 12 0 0 1"
      ;;
    80)
      test-tcas  "319 0 801 498 681 3123 1 362 268 1 0 1"
      ;;
    81)
      test-tcas  "611 0 859 845 412 4798 1 921 433 1 1 0"
      ;;
    82)
      test-tcas  "833 0 124 331 751 9501 3 175 857 0 1 1"
      ;;
    83)
      test-tcas  "38 1 753 747 399 4668 3 128 283 0 0 1"
      ;;
    84)
      test-tcas  "44 0 202 200 939 6031 3 87 566 0 0 0"
      ;;
    85)
      test-tcas  "990 1 524 562 814 7874 3 678 211 0 0 1"
      ;;
    86)
      test-tcas  "167 1 578 444 928 6175 1 877 0 1 0 1"
      ;;
    87)
      test-tcas  "850 1 447 233 834 8735 1 716 790 0 0 1"
      ;;
    88)
      test-tcas  "141 0 824 379 341 2935 2 270 970 0 1 0"
      ;;
esac
