#!/bin/bash
set -euo pipefail
SCRIPT_DIR=$(cd "$(dirname "${BASH_SOURCE[0]}")" && pwd)
test-tcas () {
    diff -q <(${ANGELIX_RUN:-eval} ./tcas $1) <($SCRIPT_DIR/../golden/tcas $1) > /dev/null
}

case "$1" in
    1)
      test-tcas  "6264 1 1 3120 80 -240 2 6068 6263 0 2 1"
      ;;
    2)
      test-tcas  "3088 1 1 -9776 80 -9120 2 -2034 -1936 0 2 0"
      ;;
    3)
      test-tcas  "2296 1 1 6368 80 6320 0 6384 6399 0 2 1"
      ;;
    4)
      test-tcas  "3088 1 1 -9776 80 -9120 1 -2034 -1936 0 2 0"
      ;;
    5)
      test-tcas  "3088 1 1 -9776 80 -9120 3 -2034 -1936 0 2 0"
      ;;
    6)
      test-tcas  "3088 1 1 -9776 80 -9120 0 -2034 -1936 0 2 0"
      ;;
    7)
      test-tcas  "5304 1 1 -9999 -8176 -10000 1 2119 2119 0 2 1"
      ;;
    8)
      test-tcas  "3256 1 1 80 336 -1808 3 6121 6320 0 2 1"
      ;;
    9)
      test-tcas  "6264 1 1 3120 80 -240 2 6064 6068 0 2 1"
      ;;
    10)
      test-tcas  "3088 1 1 -9776 80 -9120 2 -1936 -2034 0 2 0"
      ;;
    11)
      test-tcas  "2296 1 1 6368 80 6320 0 6200 6384 0 2 1"
      ;;
    12)
      test-tcas  "3088 1 1 -9776 80 -9120 1 -1936 -2034 0 2 0"
      ;;
    13)
      test-tcas  "3088 1 1 -9776 80 -9120 3 -1936 -2034 0 2 0"
      ;;
    14)
      test-tcas  "3088 1 1 -9776 80 -9120 0 -1936 -2034 0 2 0"
      ;;
    15)
      test-tcas  "5304 1 1 -9999 -8176 -10000 1 1920 2119 0 2 1"
      ;;
    16)
      test-tcas  "3256 1 1 80 336 -1808 3 6121 6121 0 2 1"
      ;;
    17)
      test-tcas  "2296 1 1 -848 -1824 -9904 2 7675 4324 0 2 1"
      ;;
    18)
      test-tcas  "6264 1 1 2289 -5552 2288 2 2203 2303 0 2 0"
      ;;
    19)
      test-tcas  "1240 1 1 3280 80 -1808 2 704 799 0 2 1"
      ;;
    20)
      test-tcas  "2296 1 1 -15 -6384 -816 2 -4 583 0 2 1"
      ;;
    21)
      test-tcas  "1696 1 1 -848 -23 -849 2 7675 7775 0 2 1"
      ;;
    22)
      test-tcas  "6264 1 1 2289 -5552 2288 2 2304 2203 0 2 0"
      ;;
    23)
      test-tcas  "1240 1 1 3280 80 -1808 2 600 704 0 2 1"
      ;;
    24)
      test-tcas  "1696 1 1 -15 -383 -14 2 584 583 0 2 1"
      ;;
    25)
      test-tcas  "1104 1 1 -9168 80 -9039 2 -8064 197 0 2 1"
      ;;
    26)
      test-tcas  "2288 1 1 -9008 -1808 3296 2 637 736 0 2 0"
      ;;
    27)
      test-tcas  "3184 1 1 -10000 -6320 -9998 2 -31 -7896 0 2 1"
      ;;
    28)
      test-tcas  "8336 1 1 -688 -6064 2288 2 688 612 0 2 0"
      ;;
    29)
      test-tcas  "2160 1 1 -3056 16 -847 2 -2304 -7872 0 2 1"
      ;;
    30)
      test-tcas  "1704 1 1 -9168 81 -9167 2 198 197 0 2 1"
      ;;
    31)
      test-tcas  "1688 1 1 -9008 -7 -9009 2 640 740 0 2 0"
      ;;
    32)
      test-tcas  "3184 1 1 -10000 -6320 -9998 2 -8096 -31 0 2 1"
      ;;
    33)
      test-tcas  "8336 1 1 -688 -6064 2288 2 612 688 0 2 0"
      ;;
    34)
      test-tcas  "2160 1 1 -3056 16 -847 2 -8072 -2304 0 2 1"
      ;;
    35)
      test-tcas  "1016 1 1 6256 -8464 2288 0 6271 707 0 2 1"
      ;;
    36)
      test-tcas  "1016 1 1 -9996 -10000 -10000 0 3184 6775 0 2 1"
      ;;
    37)
      test-tcas  "3368 1 1 2288 80 -6000 0 402 459 0 2 1"
      ;;
    38)
      test-tcas  "2296 1 1 2289 -10000 2192 0 -4 583 0 2 1"
      ;;
    39)
      test-tcas  "1616 1 1 6256 -63 6255 0 6271 6371 0 2 1"
      ;;
    40)
      test-tcas  "1016 1 1 -9996 -10000 -10000 0 6576 3184 0 2 1"
      ;;
    41)
      test-tcas  "3368 1 1 2288 80 -6000 0 260 402 0 2 1"
      ;;
    42)
      test-tcas  "1696 1 1 2289 -399 2288 0 400 500 0 2 1"
      ;;
    43)
      test-tcas  "1104 1 1 -9168 80 -9039 1 -8064 197 0 2 1"
      ;;
    44)
      test-tcas  "4336 1 1 -800 -7952 6320 1 472 501 0 2 0"
      ;;
    45)
      test-tcas  "3184 1 1 -10000 -6320 -9998 1 -31 -7896 0 2 1"
      ;;
    46)
      test-tcas  "6368 1 1 -7951 -10000 2288 1 560 476 0 2 0"
      ;;
    47)
      test-tcas  "624 1 1 -7952 -10000 2288 1 3008 -7640 0 2 1"
      ;;
    48)
      test-tcas  "1704 1 1 -9168 81 -9167 1 198 197 0 2 1"
      ;;
    49)
      test-tcas  "1336 1 1 -800 -151 -801 1 500 600 0 2 0"
      ;;
    50)
      test-tcas  "3184 1 1 -10000 -6320 -9998 1 -8096 -31 0 2 1"
      ;;
    51)
      test-tcas  "6368 1 1 -7951 -10000 2288 1 476 560 0 2 0"
      ;;
    52)
      test-tcas  "624 1 1 -7952 -10000 2288 1 -7840 3008 0 2 1"
      ;;
    53)
      test-tcas  "1104 1 1 -9168 80 -9039 3 -8064 197 0 2 1"
      ;;
    54)
      test-tcas  "4304 1 1 2160 240 6256 3 669 768 0 2 0"
      ;;
    55)
      test-tcas  "3184 1 1 -10000 -6320 -9998 3 -31 -7896 0 2 1"
      ;;
    56)
      test-tcas  "601 1 1 -5872 -7984 2288 3 816 736 0 2 0"
      ;;
    57)
      test-tcas  "3184 1 1 2192 288 2296 3 768 -7896 0 2 1"
      ;;
    58)
      test-tcas  "1704 1 1 -9168 81 -9167 3 198 197 0 2 1"
      ;;
    59)
      test-tcas  "1304 1 1 2160 241 2159 3 740 840 0 2 0"
      ;;
    60)
      test-tcas  "3184 1 1 -10000 -6320 -9998 3 -8096 -31 0 2 1"
      ;;
    61)
      test-tcas  "601 1 1 -5872 -7984 2288 3 736 816 0 2 0"
      ;;
    62)
      test-tcas  "3184 1 1 2192 288 2296 3 -8096 768 0 2 1"
      ;;
    63)
      test-tcas  "1104 1 1 -9168 80 -9039 0 -8064 197 0 2 1"
      ;;
    64)
      test-tcas  "6352 1 1 -1936 -10000 -1935 0 350 448 0 2 0"
      ;;
    65)
      test-tcas  "3184 1 1 -10000 -6320 -9998 0 -31 -7896 0 2 1"
      ;;
    66)
      test-tcas  "6256 1 1 -1840 -4368 2288 0 416 318 0 2 0"
      ;;
    67)
      test-tcas  "624 1 1 976 16 2288 0 -1872 -1728 0 2 1"
      ;;
    68)
      test-tcas  "1704 1 1 -9168 81 -9167 0 198 197 0 2 1"
      ;;
    69)
      test-tcas  "1552 1 1 -1936 -399 -1937 0 400 500 0 2 0"
      ;;
    70)
      test-tcas  "3184 1 1 -10000 -6320 -9998 0 -8096 -31 0 2 1"
      ;;
    71)
      test-tcas  "6256 1 1 -1840 -4368 2288 0 318 416 0 2 0"
      ;;
    72)
      test-tcas  "1224 1 1 976 17 977 0 -1727 -1728 0 2 1"
      ;;
    73)
      test-tcas  "4728 1 1 -1808 -10000 -6096 1 3317 3300 0 2 1"
      ;;
    74)
      test-tcas  "3192 1 1 -1804 -7312 -2032 1 6256 9978 0 2 0"
      ;;
    75)
      test-tcas  "3304 1 1 -9999 240 -10000 1 512 581 0 2 1"
      ;;
    76)
      test-tcas  "2296 1 1 1936 -1936 -1008 1 -4 583 0 2 1"
      ;;
    77)
      test-tcas  "1728 1 1 -1808 -399 -1809 1 3317 3417 0 2 1"
      ;;
    78)
      test-tcas  "3192 1 1 -1804 -7312 -2032 1 9979 6256 0 2 0"
      ;;
    79)
      test-tcas  "3304 1 1 -9999 240 -10000 1 382 512 0 2 1"
      ;;
    80)
      test-tcas  "1696 1 1 1936 -135 1935 1 500 600 0 2 1"
      ;;
    81)
      test-tcas  "3192 1 1 -1808 -10000 -5968 3 6391 4343 0 2 1"
      ;;
    82)
      test-tcas  "3256 1 1 5904 80 2256 3 8091 8191 0 2 0"
      ;;
    83)
      test-tcas  "2296 1 1 2288 240 -9136 3 742 903 0 2 1"
      ;;
    84)
      test-tcas  "1272 1 1 -15 -10000 -880 3 -4 583 0 2 1"
      ;;
    85)
      test-tcas  "1392 1 1 -1808 -399 -1809 3 6391 6491 0 2 1"
      ;;
    86)
      test-tcas  "3256 1 1 5904 80 2256 3 8192 8091 0 2 0"
      ;;
    87)
      test-tcas  "2296 1 1 2288 240 -9136 3 704 742 0 2 1"
      ;;
    88)
      test-tcas  "1272 1 1 -15 -399 -14 3 584 583 0 2 1"
      ;;
esac
