#!/bin/bash
set -euo pipefail
SCRIPT_DIR=$(cd "$(dirname "${BASH_SOURCE[0]}")" && pwd)
test-tcas () {
    diff -q <(${ANGELIX_RUN:-eval} ./tcas $1) <($SCRIPT_DIR/../golden/tcas $1) > /dev/null
}

case "$1" in
    1)
      test-tcas  "784 1 0 4048 6839 2800 2 3996 4848 0 2 1"
      ;;
    2)
      test-tcas  "9832 1 0 -8991 4427 -10000 3 2245 8176 0 2 1"
      ;;
    3)
      test-tcas  "628 1 0 7920 2780 6256 1 4052 4336 0 2 0"
      ;;
    4)
      test-tcas  "8095 1 0 2288 -2977 -9440 0 8110 9490 0 2 1"
      ;;
    5)
      test-tcas  "3811 1 0 4048 3811 2800 2 3996 4848 0 2 1"
      ;;
    6)
      test-tcas  "7129 1 0 -8991 7129 -10000 3 2245 8176 0 2 1"
      ;;
    7)
      test-tcas  "1704 1 0 7920 1704 6256 1 4052 4336 0 2 0"
      ;;
    8)
      test-tcas  "2559 1 0 2288 2559 -9440 0 8110 9490 0 2 1"
      ;;
    9)
      test-tcas  "388 1 0 -1806 5660 -1936 2 7092 7344 0 2 1"
      ;;
    10)
      test-tcas  "8200 1 0 -1200 -7399 -6416 2 6096 6200 0 2 1"
      ;;
    11)
      test-tcas  "-4096 1 0 6256 4096 2288 2 6381 6381 0 2 0"
      ;;
    12)
      test-tcas  "388 1 0 -1871 5660 -1871 2 7092 7344 0 2 1"
      ;;
    13)
      test-tcas  "400 1 0 -1200 400 -6416 2 6096 6200 0 2 1"
      ;;
    14)
      test-tcas  "-4096 1 0 4272 4096 4272 2 6381 6381 0 2 0"
      ;;
    15)
      test-tcas  "512 1 1 -80 6656 -9744 3 8976 10000 0 2 1"
      ;;
    16)
      test-tcas  "2276 1 0 6288 -1652 -8976 3 6256 6357 0 2 1"
      ;;
    17)
      test-tcas  "3943 1 0 6256 -6232 2288 3 8312 8414 0 2 1"
      ;;
    18)
      test-tcas  "512 1 1 -4912 6656 -4912 3 8976 10000 0 2 1"
      ;;
    19)
      test-tcas  "312 1 0 6288 312 -8976 3 6256 6357 0 2 1"
      ;;
    20)
      test-tcas  "-1144 1 0 6256 -1144 2288 3 8312 8414 0 2 1"
      ;;
    21)
      test-tcas  "508 1 0 8404 1024 8208 1 7398 8432 1 2 1"
      ;;
    22)
      test-tcas  "912 1 0 -8848 144 -9040 1 6072 6896 0 2 1"
      ;;
    23)
      test-tcas  "-9447 1 0 6256 -8984 2288 1 9336 10000 0 2 1"
      ;;
    24)
      test-tcas  "508 1 0 8306 1024 8306 1 7398 8432 1 2 1"
      ;;
    25)
      test-tcas  "528 1 0 -8848 528 -9040 1 6072 6896 0 2 1"
      ;;
    26)
      test-tcas  "-9447 1 0 4272 -8984 4272 1 9336 10000 0 2 1"
      ;;
    27)
      test-tcas  "493 1 0 -3856 3215 -6032 0 2224 4336 0 2 0"
      ;;
    28)
      test-tcas  "8192 1 0 6385 -7168 -2032 0 2396 10000 0 2 1"
      ;;
    29)
      test-tcas  "-7259 1 0 -5296 5164 -10000 0 400 2288 0 2 0"
      ;;
    30)
      test-tcas  "493 1 0 -4944 3215 -4944 0 2224 4336 0 2 0"
      ;;
    31)
      test-tcas  "512 1 0 6385 512 -2032 0 2396 10000 0 2 1"
      ;;
    32)
      test-tcas  "-7259 1 0 -7648 5164 -7648 0 400 2288 0 2 0"
      ;;
esac
