#!/bin/bash
set -euo pipefail
SCRIPT_DIR=$(cd "$(dirname "${BASH_SOURCE[0]}")" && pwd)
test-tcas () {
    diff -q <(${ANGELIX_RUN:-eval} ./tcas $1) <($SCRIPT_DIR/../golden/tcas $1) > /dev/null
}

case "$1" in
    1)
      test-tcas  "416 1 924 455 417 2830 2 989 220 1 0 1"
      ;;
    2)
      test-tcas  "914 0 804 673 73 400 0 456 580 1 0 0"
      ;;
    3)
      test-tcas  "809 1 967 739 775 8960 2 433 313 0 1 0"
      ;;
    4)
      test-tcas  "667 0 319 104 176 3775 1 442 845 1 1 1"
      ;;
    5)
      test-tcas  "707 1 994 639 830 5124 1 76 690 0 0 0"
      ;;
    6)
      test-tcas  "473 0 917 831 479 5447 1 745 474 0 1 1"
      ;;
    7)
      test-tcas  "307 1 334 399 505 9358 1 781 923 0 1 0"
      ;;
    8)
      test-tcas  "694 0 834 437 907 5952 3 112 434 0 0 1"
      ;;
    9)
      test-tcas  "292 1 452 128 778 9188 2 287 347 0 1 0"
      ;;
    10)
      test-tcas  "892 0 713 986 635 3217 0 218 310 0 0 0"
      ;;
    11)
      test-tcas  "715 1 953 425 979 5247 0 509 93 0 1 0"
      ;;
    12)
      test-tcas  "339 1 995 344 291 9019 0 760 911 0 1 1"
      ;;
    13)
      test-tcas  "150 0 131 169 143 7044 0 683 718 0 1 0"
      ;;
    14)
      test-tcas  "506 0 561 633 350 9610 0 316 63 0 1 0"
      ;;
    15)
      test-tcas  "876 0 773 252 11 3044 0 10 956 1 0 1"
      ;;
    16)
      test-tcas  "933 1 925 247 969 8912 0 249 744 1 1 0"
      ;;
    17)
      test-tcas  "81 0 133 279 575 9713 2 698 313 0 1 1"
      ;;
    18)
      test-tcas  "79 0 531 61 766 5194 3 179 895 1 0 1"
      ;;
    19)
      test-tcas  "332 0 263 517 267 6661 2 562 521 0 1 0"
      ;;
    20)
      test-tcas  "45 0 983 745 266 4600 0 805 572 0 1 1"
      ;;
    21)
      test-tcas  "816 0 144 615 174 7545 0 576 81 1 1 1"
      ;;
    22)
      test-tcas  "261 1 241 339 41 7458 1 103 264 1 0 0"
      ;;
    23)
      test-tcas  "88 1 283 878 906 8873 1 29 407 1 1 1"
      ;;
    24)
      test-tcas  "539 0 111 480 766 5748 0 173 534 1 0 0"
      ;;
    25)
      test-tcas  "319 1 729 115 968 1363 3 202 298 0 0 1"
      ;;
    26)
      test-tcas  "95 1 578 943 696 2633 3 269 337 0 1 0"
      ;;
    27)
      test-tcas  "310 1 680 348 777 998 1 696 755 0 0 0"
      ;;
    28)
      test-tcas  "414 1 792 397 316 7452 2 790 638 1 0 0"
      ;;
    29)
      test-tcas  "745 0 114 902 691 9433 0 833 372 0 0 0"
      ;;
    30)
      test-tcas  "81 1 772 526 144 2080 1 243 205 1 1 1"
      ;;
    31)
      test-tcas  "441 1 135 652 656 5899 0 766 810 0 0 1"
      ;;
    32)
      test-tcas  "952 0 123 909 952 7036 3 485 695 1 0 0"
      ;;
    33)
      test-tcas  "591 1 960 466 367 5251 0 218 85 0 1 0"
      ;;
    34)
      test-tcas  "279 1 341 339 889 8256 3 739 399 0 0 0"
      ;;
    35)
      test-tcas  "244 1 737 101 41 9310 2 984 685 1 0 0"
      ;;
    36)
      test-tcas  "668 1 500 442 253 7923 3 190 289 1 0 1"
      ;;
    37)
      test-tcas  "515 1 622 108 189 1150 3 614 747 1 0 0"
      ;;
    38)
      test-tcas  "978 1 392 790 912 5243 3 162 201 0 1 1"
      ;;
    39)
      test-tcas  "277 0 804 487 0 4473 3 917 797 1 1 0"
      ;;
    40)
      test-tcas  "556 1 417 881 620 5582 1 177 313 1 1 1"
      ;;
esac
