#!/bin/bash
set -euo pipefail
SCRIPT_DIR=$(cd "$(dirname "${BASH_SOURCE[0]}")" && pwd)
test-tcas () {
    diff -q <(${ANGELIX_RUN:-eval} ./tcas $1) <($SCRIPT_DIR/../golden/tcas $1) > /dev/null
}

case "$1" in
    1)
      test-tcas  "802 0 75 592 703 8623 2 237 408 0 1 1"
      ;;
    2)
      test-tcas  "191 0 822 360 514 7228 2 169 597 1 0 1"
      ;;
    3)
      test-tcas  "977 1 298 709 849 1917 3 42 508 1 0 1"
      ;;
    4)
      test-tcas  "470 0 696 603 934 2878 1 563 89 1 0 1"
      ;;
    5)
      test-tcas  "370 1 695 804 217 894 1 308 44 0 0 0"
      ;;
    6)
      test-tcas  "114 1 731 411 748 8952 2 944 867 1 0 0"
      ;;
    7)
      test-tcas  "120 1 682 265 10 9467 1 828 252 0 0 1"
      ;;
    8)
      test-tcas  "292 0 860 612 330 5575 0 825 432 0 0 1"
      ;;
    9)
      test-tcas  "287 1 574 345 978 5298 3 647 689 0 1 1"
      ;;
    10)
      test-tcas  "591 0 858 615 329 8762 1 31 372 0 0 0"
      ;;
    11)
      test-tcas  "246 0 2 700 73 895 0 697 149 0 1 1"
      ;;
    12)
      test-tcas  "284 1 536 701 462 5271 1 219 960 1 0 1"
      ;;
    13)
      test-tcas  "469 1 77 913 863 8892 0 792 276 1 0 0"
      ;;
    14)
      test-tcas  "784 1 98 568 566 2804 2 212 638 1 1 0"
      ;;
    15)
      test-tcas  "368 1 185 133 778 9462 1 457 314 0 0 1"
      ;;
    16)
      test-tcas  "124 0 651 387 108 4726 3 759 961 1 1 1"
      ;;
    17)
      test-tcas  "172 1 547 157 495 266 1 327 702 1 0 0"
      ;;
    18)
      test-tcas  "527 1 163 826 603 989 3 568 824 1 1 0"
      ;;
    19)
      test-tcas  "21 1 930 584 58 1891 2 96 449 0 0 1"
      ;;
    20)
      test-tcas  "388 0 349 792 633 9432 2 726 50 1 0 1"
      ;;
    21)
      test-tcas  "737 1 156 887 542 4190 0 243 515 0 1 1"
      ;;
    22)
      test-tcas  "257 0 261 854 428 4147 2 857 657 0 1 0"
      ;;
    23)
      test-tcas  "964 1 286 501 346 1463 1 22 608 0 1 1"
      ;;
    24)
      test-tcas  "623 1 597 593 196 86 1 619 379 1 0 1"
      ;;
    25)
      test-tcas  "626 1 611 296 425 6911 2 435 140 1 0 1"
      ;;
    26)
      test-tcas  "602 1 985 351 663 5585 2 404 276 1 1 1"
      ;;
    27)
      test-tcas  "914 1 852 37 54 9277 0 183 252 1 0 1"
      ;;
    28)
      test-tcas  "827 1 752 104 506 6992 0 347 490 0 0 0"
      ;;
    29)
      test-tcas  "232 0 196 675 930 7126 1 816 138 0 1 0"
      ;;
    30)
      test-tcas  "128 0 943 458 648 2070 3 985 485 0 1 0"
      ;;
    31)
      test-tcas  "820 1 51 591 703 8675 1 564 93 1 1 0"
      ;;
    32)
      test-tcas  "835 0 605 978 600 1367 3 190 339 1 1 0"
      ;;
    33)
      test-tcas  "987 0 672 140 239 7610 1 577 4 1 0 1"
      ;;
    34)
      test-tcas  "745 0 592 342 300 9217 1 220 913 1 0 1"
      ;;
    35)
      test-tcas  "169 0 21 94 220 7829 1 566 217 1 1 0"
      ;;
    36)
      test-tcas  "124 0 400 49 161 8566 1 997 975 1 1 1"
      ;;
    37)
      test-tcas  "246 0 523 860 866 2514 0 58 993 1 1 1"
      ;;
    38)
      test-tcas  "274 0 809 659 260 6294 2 969 593 0 1 1"
      ;;
    39)
      test-tcas  "829 1 589 550 892 5498 0 762 992 0 0 0"
      ;;
    40)
      test-tcas  "521 1 320 795 878 8218 3 155 385 1 0 1"
      ;;
esac
