#!/bin/bash
set -euo pipefail
SCRIPT_DIR=$(cd "$(dirname "${BASH_SOURCE[0]}")" && pwd)
test-tcas () {
    diff -q <(${ANGELIX_RUN:-eval} ./tcas $1) <($SCRIPT_DIR/../golden/tcas $1) > /dev/null
}

case "$1" in
    1)
      test-tcas  "856 1 882 726 307 7818 3 396 869 0 1 1"
      ;;
    2)
      test-tcas  "437 0 674 918 289 8695 3 797 327 1 1 0"
      ;;
    3)
      test-tcas  "34 1 67 191 95 8215 2 993 721 1 0 0"
      ;;
    4)
      test-tcas  "369 1 593 204 7 5966 2 540 14 0 1 1"
      ;;
    5)
      test-tcas  "566 0 0 378 634 9177 2 643 781 0 1 0"
      ;;
    6)
      test-tcas  "538 1 647 299 491 4394 0 350 157 0 1 1"
      ;;
    7)
      test-tcas  "362 1 883 533 89 1618 1 442 732 0 1 1"
      ;;
    8)
      test-tcas  "250 1 320 678 989 6966 1 139 824 1 0 0"
      ;;
    9)
      test-tcas  "839 0 276 821 985 9268 0 525 25 0 0 1"
      ;;
    10)
      test-tcas  "582 1 336 171 342 2703 0 602 245 1 0 1"
      ;;
    11)
      test-tcas  "28 1 309 429 642 1312 1 54 851 1 1 1"
      ;;
    12)
      test-tcas  "806 1 475 467 497 2252 2 262 777 1 1 0"
      ;;
    13)
      test-tcas  "70 1 231 163 987 2809 1 742 794 1 1 0"
      ;;
    14)
      test-tcas  "111 0 876 648 250 1558 0 39 339 1 0 0"
      ;;
    15)
      test-tcas  "735 0 375 945 271 6604 2 204 556 1 1 1"
      ;;
    16)
      test-tcas  "893 1 511 835 370 3572 3 275 349 0 1 1"
      ;;
    17)
      test-tcas  "869 0 900 929 453 2944 0 703 427 0 0 0"
      ;;
    18)
      test-tcas  "158 1 827 247 508 448 2 406 440 1 0 0"
      ;;
    19)
      test-tcas  "939 1 878 144 291 5502 2 98 377 1 0 0"
      ;;
    20)
      test-tcas  "794 1 750 227 539 1205 1 699 479 0 1 0"
      ;;
    21)
      test-tcas  "45 0 584 852 415 5038 3 49 942 1 0 1"
      ;;
    22)
      test-tcas  "753 1 523 43 246 2304 0 751 667 0 1 0"
      ;;
    23)
      test-tcas  "92 0 62 64 907 4383 2 794 304 0 0 1"
      ;;
    24)
      test-tcas  "422 1 94 541 492 1103 1 682 754 0 1 0"
      ;;
    25)
      test-tcas  "985 0 322 894 164 980 1 44 204 0 0 1"
      ;;
    26)
      test-tcas  "695 1 14 923 280 4654 1 195 636 1 0 0"
      ;;
    27)
      test-tcas  "32 1 748 673 80 5679 1 829 605 0 1 1"
      ;;
    28)
      test-tcas  "545 0 67 254 374 8797 0 954 868 0 0 1"
      ;;
    29)
      test-tcas  "932 0 560 22 810 8997 0 319 251 0 1 0"
      ;;
    30)
      test-tcas  "101 1 87 460 346 5024 1 946 868 0 0 0"
      ;;
    31)
      test-tcas  "18 1 421 316 661 8567 3 966 525 1 0 1"
      ;;
    32)
      test-tcas  "526 0 689 916 240 5057 0 772 842 0 1 0"
      ;;
    33)
      test-tcas  "649 1 528 207 868 3970 1 491 256 1 0 0"
      ;;
    34)
      test-tcas  "216 0 868 902 233 5611 0 50 705 0 1 1"
      ;;
    35)
      test-tcas  "906 1 775 159 298 7669 0 552 385 0 0 0"
      ;;
    36)
      test-tcas  "86 1 686 504 947 8310 0 353 521 0 1 1"
      ;;
    37)
      test-tcas  "988 0 832 170 355 3263 2 136 632 0 1 1"
      ;;
    38)
      test-tcas  "0 1 510 767 319 2198 3 382 254 1 1 0"
      ;;
    39)
      test-tcas  "975 1 220 108 607 4756 3 986 575 1 0 1"
      ;;
    40)
      test-tcas  "585 0 522 143 188 8822 0 294 837 1 1 1"
      ;;
esac
