#!/bin/bash
set -euo pipefail
SCRIPT_DIR=$(cd "$(dirname "${BASH_SOURCE[0]}")" && pwd)
test-tcas () {
    diff -q <(${ANGELIX_RUN:-eval} ./tcas $1) <($SCRIPT_DIR/../golden/tcas $1) > /dev/null
}

case "$1" in
    1)
      test-tcas  "585 1 820 940 733 1437 0 152 123 1 1 0"
      ;;
    2)
      test-tcas  "501 0 353 709 133 2316 3 651 525 1 1 1"
      ;;
    3)
      test-tcas  "655 0 140 746 548 9077 3 251 383 0 1 1"
      ;;
    4)
      test-tcas  "971 1 579 277 346 8433 2 424 439 0 0 1"
      ;;
    5)
      test-tcas  "276 1 130 672 905 1099 2 348 319 0 1 1"
      ;;
    6)
      test-tcas  "958 0 964 353 990 6397 1 974 456 1 0 1"
      ;;
    7)
      test-tcas  "550 0 810 115 741 2191 1 56 198 1 0 1"
      ;;
    8)
      test-tcas  "979 0 385 735 752 1776 0 808 401 0 1 0"
      ;;
    9)
      test-tcas  "713 1 341 129 494 2083 2 251 895 0 1 1"
      ;;
    10)
      test-tcas  "408 0 536 789 4 6225 1 849 132 0 0 0"
      ;;
    11)
      test-tcas  "852 1 644 810 216 8064 1 602 96 1 0 0"
      ;;
    12)
      test-tcas  "74 0 704 478 673 7001 2 488 153 0 1 1"
      ;;
    13)
      test-tcas  "344 0 99 157 506 7699 3 926 990 0 0 0"
      ;;
    14)
      test-tcas  "556 1 702 45 593 1893 3 808 73 1 0 0"
      ;;
    15)
      test-tcas  "48 1 543 345 670 7786 3 644 213 0 0 1"
      ;;
    16)
      test-tcas  "334 1 276 409 872 6856 3 413 791 1 1 1"
      ;;
    17)
      test-tcas  "509 1 989 567 727 8130 3 897 52 1 1 1"
      ;;
    18)
      test-tcas  "166 1 573 564 15 6177 2 526 529 1 0 1"
      ;;
    19)
      test-tcas  "667 0 784 870 155 1172 3 107 170 1 0 1"
      ;;
    20)
      test-tcas  "334 0 480 517 828 7461 0 274 130 1 1 0"
      ;;
    21)
      test-tcas  "862 1 159 650 519 1031 2 22 365 0 0 1"
      ;;
    22)
      test-tcas  "646 0 921 568 362 6241 3 322 224 1 1 0"
      ;;
    23)
      test-tcas  "122 1 344 724 356 8017 0 553 132 1 1 1"
      ;;
    24)
      test-tcas  "335 0 418 965 402 7535 3 290 179 0 0 0"
      ;;
    25)
      test-tcas  "9 0 735 144 965 7169 0 927 27 0 0 0"
      ;;
    26)
      test-tcas  "225 0 520 239 275 4129 3 598 948 1 0 0"
      ;;
    27)
      test-tcas  "528 1 772 180 978 1872 1 967 101 1 1 1"
      ;;
    28)
      test-tcas  "829 1 889 743 974 3909 2 681 221 1 0 0"
      ;;
    29)
      test-tcas  "868 1 515 130 858 6105 3 521 919 1 1 0"
      ;;
    30)
      test-tcas  "231 0 147 216 877 1047 2 722 498 0 1 0"
      ;;
    31)
      test-tcas  "981 0 86 880 711 1377 2 361 922 0 1 0"
      ;;
    32)
      test-tcas  "925 1 790 382 553 8327 2 335 989 0 1 0"
      ;;
    33)
      test-tcas  "258 0 449 380 36 6911 1 65 139 0 1 0"
      ;;
    34)
      test-tcas  "966 1 746 908 435 441 0 857 463 0 1 1"
      ;;
    35)
      test-tcas  "823 1 210 461 314 4118 1 694 522 1 1 0"
      ;;
    36)
      test-tcas  "89 0 415 241 360 539 1 168 438 1 0 0"
      ;;
    37)
      test-tcas  "200 0 404 642 570 8928 2 309 406 1 1 0"
      ;;
    38)
      test-tcas  "679 1 244 127 240 4852 3 219 356 0 0 0"
      ;;
    39)
      test-tcas  "367 1 446 875 283 8030 3 603 860 0 0 0"
      ;;
    40)
      test-tcas  "722 1 176 857 384 2682 2 666 615 0 0 0"
      ;;
esac
