#!/bin/bash
set -euo pipefail
SCRIPT_DIR=$(cd "$(dirname "${BASH_SOURCE[0]}")" && pwd)
test-tcas () {
    diff -q <(${ANGELIX_RUN:-eval} ./tcas $1) <($SCRIPT_DIR/../golden/tcas $1) > /dev/null
}

case "$1" in
    1)
      test-tcas  "686 1 556 353 607 8092 1 333 246 0 0 1"
      ;;
    2)
      test-tcas  "649 1 573 268 467 1794 3 404 247 0 0 0"
      ;;
    3)
      test-tcas  "122 1 461 414 372 7054 3 131 878 1 1 1"
      ;;
    4)
      test-tcas  "556 1 858 570 515 1609 0 915 800 1 0 1"
      ;;
    5)
      test-tcas  "282 1 82 570 450 6418 1 480 620 0 1 1"
      ;;
    6)
      test-tcas  "355 0 70 71 656 8960 1 976 884 0 0 0"
      ;;
    7)
      test-tcas  "183 0 214 640 605 2771 2 124 63 1 1 0"
      ;;
    8)
      test-tcas  "699 0 387 285 237 7585 1 548 433 1 0 1"
      ;;
    9)
      test-tcas  "787 0 548 838 242 7245 0 951 754 0 1 0"
      ;;
    10)
      test-tcas  "246 0 507 702 624 8832 3 234 277 1 1 0"
      ;;
    11)
      test-tcas  "708 1 735 438 711 6143 1 846 833 1 1 0"
      ;;
    12)
      test-tcas  "688 1 458 448 44 3792 0 756 536 0 0 0"
      ;;
    13)
      test-tcas  "257 1 794 666 454 4769 0 363 58 0 1 1"
      ;;
    14)
      test-tcas  "781 1 225 651 86 4325 1 409 417 0 1 1"
      ;;
    15)
      test-tcas  "690 1 379 809 203 6462 3 590 801 1 0 1"
      ;;
    16)
      test-tcas  "336 1 864 623 222 6228 3 2 137 0 1 0"
      ;;
    17)
      test-tcas  "758 1 718 827 722 1322 1 857 894 1 1 1"
      ;;
    18)
      test-tcas  "417 1 26 269 950 266 2 55 960 0 1 1"
      ;;
    19)
      test-tcas  "921 0 259 964 824 1620 3 169 418 0 0 1"
      ;;
    20)
      test-tcas  "217 1 48 343 429 9332 3 248 578 1 1 1"
      ;;
    21)
      test-tcas  "822 1 317 123 636 3390 2 493 792 0 1 1"
      ;;
    22)
      test-tcas  "353 1 38 446 682 2467 3 399 309 0 1 0"
      ;;
    23)
      test-tcas  "888 0 263 20 345 6181 3 301 767 0 0 0"
      ;;
    24)
      test-tcas  "544 0 622 904 759 8979 0 475 853 0 0 0"
      ;;
    25)
      test-tcas  "152 0 56 377 913 5485 0 991 185 1 1 0"
      ;;
    26)
      test-tcas  "919 1 265 899 433 8409 0 400 579 1 0 0"
      ;;
    27)
      test-tcas  "664 1 142 663 480 4802 0 84 602 0 1 0"
      ;;
    28)
      test-tcas  "425 1 333 511 306 4587 2 670 575 1 1 1"
      ;;
    29)
      test-tcas  "81 1 46 148 444 6868 3 325 137 1 0 1"
      ;;
    30)
      test-tcas  "73 0 331 543 419 4516 2 40 941 1 0 1"
      ;;
    31)
      test-tcas  "310 0 159 284 445 6006 2 80 146 0 1 1"
      ;;
    32)
      test-tcas  "996 1 957 266 729 5323 0 789 64 1 1 1"
      ;;
    33)
      test-tcas  "289 0 546 666 728 6120 2 664 581 1 0 0"
      ;;
    34)
      test-tcas  "549 1 917 476 51 5035 1 333 838 1 1 0"
      ;;
    35)
      test-tcas  "281 0 805 93 633 1304 1 487 139 0 0 0"
      ;;
    36)
      test-tcas  "940 0 650 503 326 5402 0 191 78 1 1 0"
      ;;
    37)
      test-tcas  "271 0 269 490 170 8569 1 155 556 0 1 0"
      ;;
    38)
      test-tcas  "115 1 389 44 321 7522 2 563 591 1 1 0"
      ;;
    39)
      test-tcas  "330 1 90 698 926 4675 0 912 647 0 1 1"
      ;;
    40)
      test-tcas  "876 0 230 977 110 3504 0 45 658 0 0 1"
      ;;
esac
