#!/bin/bash
set -euo pipefail
SCRIPT_DIR=$(cd "$(dirname "${BASH_SOURCE[0]}")" && pwd)
test-tcas () {
    diff -q <(${ANGELIX_RUN:-eval} ./tcas $1) <($SCRIPT_DIR/../golden/tcas $1) > /dev/null
}

case "$1" in
    1)
      test-tcas  "553 0 41 194 172 1814 1 645 838 0 0 1"
      ;;
    2)
      test-tcas  "446 1 728 441 788 8987 0 377 902 1 1 1"
      ;;
    3)
      test-tcas  "505 0 812 964 743 769 1 393 960 1 1 1"
      ;;
    4)
      test-tcas  "480 1 283 222 478 5098 0 251 829 0 1 0"
      ;;
    5)
      test-tcas  "463 0 741 212 187 9187 2 136 71 1 0 1"
      ;;
    6)
      test-tcas  "516 1 339 251 835 5374 1 817 743 0 1 0"
      ;;
    7)
      test-tcas  "428 1 840 991 15 4685 0 260 61 1 1 0"
      ;;
    8)
      test-tcas  "421 1 621 809 235 8711 2 463 14 0 1 0"
      ;;
    9)
      test-tcas  "810 0 884 574 232 834 1 542 623 1 1 0"
      ;;
    10)
      test-tcas  "83 1 606 330 125 9129 2 95 666 1 0 1"
      ;;
    11)
      test-tcas  "757 0 870 489 894 5591 1 503 44 0 1 1"
      ;;
    12)
      test-tcas  "511 1 160 832 620 9521 0 34 750 1 0 0"
      ;;
    13)
      test-tcas  "668 1 27 859 230 7044 1 429 488 0 1 1"
      ;;
    14)
      test-tcas  "941 1 146 943 171 3875 0 34 410 0 0 0"
      ;;
    15)
      test-tcas  "599 0 280 157 407 4396 3 549 247 0 1 1"
      ;;
    16)
      test-tcas  "773 0 17 730 506 7141 1 44 227 0 0 1"
      ;;
    17)
      test-tcas  "501 0 277 732 256 4636 3 82 629 0 1 0"
      ;;
    18)
      test-tcas  "414 1 642 818 283 4421 2 549 657 1 0 1"
      ;;
    19)
      test-tcas  "495 0 398 711 533 7803 3 162 460 1 1 0"
      ;;
    20)
      test-tcas  "347 0 893 537 170 3672 3 617 635 1 0 0"
      ;;
    21)
      test-tcas  "631 0 360 128 550 6287 1 838 382 0 1 1"
      ;;
    22)
      test-tcas  "6 0 742 63 288 8592 1 993 684 0 0 1"
      ;;
    23)
      test-tcas  "836 1 308 389 233 6097 2 657 405 0 1 0"
      ;;
    24)
      test-tcas  "278 0 889 799 221 869 0 841 83 1 1 0"
      ;;
    25)
      test-tcas  "988 0 544 434 946 519 1 547 404 0 1 0"
      ;;
    26)
      test-tcas  "706 0 173 463 45 3483 3 15 930 1 0 1"
      ;;
    27)
      test-tcas  "325 1 255 191 647 9095 3 982 519 0 1 0"
      ;;
    28)
      test-tcas  "716 0 293 623 70 9224 0 930 180 0 0 0"
      ;;
    29)
      test-tcas  "642 1 904 181 205 7359 0 663 651 0 1 0"
      ;;
    30)
      test-tcas  "451 0 579 653 246 1124 1 415 962 1 0 1"
      ;;
    31)
      test-tcas  "960 0 150 388 947 5252 1 191 506 0 0 0"
      ;;
    32)
      test-tcas  "20 0 846 348 433 3965 3 146 774 0 0 0"
      ;;
    33)
      test-tcas  "630 0 442 734 762 4653 3 465 888 0 1 1"
      ;;
    34)
      test-tcas  "256 0 581 671 989 8558 3 503 360 1 0 0"
      ;;
    35)
      test-tcas  "67 0 673 778 344 8945 0 788 183 1 0 1"
      ;;
    36)
      test-tcas  "283 1 976 360 364 2964 2 978 352 0 0 0"
      ;;
    37)
      test-tcas  "558 0 540 490 379 57 1 902 244 1 0 1"
      ;;
    38)
      test-tcas  "498 1 567 391 656 7336 0 467 8 1 0 0"
      ;;
    39)
      test-tcas  "855 0 469 198 769 908 2 451 113 1 0 1"
      ;;
    40)
      test-tcas  "757 0 504 514 333 1566 2 69 599 1 0 0"
      ;;
esac
