#!/bin/bash
set -euo pipefail
SCRIPT_DIR=$(cd "$(dirname "${BASH_SOURCE[0]}")" && pwd)
test-tcas () {
    diff -q <(${ANGELIX_RUN:-eval} ./tcas $1) <($SCRIPT_DIR/../golden/tcas $1) > /dev/null
}

case "$1" in
    1)
      test-tcas  "362 1 394 16 718 4532 1 619 2 0 0 0"
      ;;
    2)
      test-tcas  "702 0 308 741 313 5651 3 463 212 1 0 1"
      ;;
    3)
      test-tcas  "102 0 589 760 650 7265 2 603 389 0 0 1"
      ;;
    4)
      test-tcas  "608 1 298 47 6 5551 3 272 88 1 0 1"
      ;;
    5)
      test-tcas  "876 0 695 384 320 2219 3 233 887 1 1 0"
      ;;
    6)
      test-tcas  "235 0 483 639 523 5456 1 293 861 1 1 1"
      ;;
    7)
      test-tcas  "667 0 363 271 184 2859 3 553 220 1 1 0"
      ;;
    8)
      test-tcas  "264 1 273 995 464 1912 1 297 632 1 0 0"
      ;;
    9)
      test-tcas  "319 1 218 479 256 1982 2 397 903 0 0 1"
      ;;
    10)
      test-tcas  "621 0 585 997 69 6069 2 171 688 1 0 1"
      ;;
    11)
      test-tcas  "810 1 80 64 785 822 2 833 699 1 1 0"
      ;;
    12)
      test-tcas  "713 1 86 352 789 9496 2 872 589 0 1 0"
      ;;
    13)
      test-tcas  "608 1 178 469 228 4650 3 116 177 0 0 1"
      ;;
    14)
      test-tcas  "86 0 871 613 203 5447 3 636 60 0 0 1"
      ;;
    15)
      test-tcas  "867 1 315 631 670 8406 3 195 852 0 1 0"
      ;;
    16)
      test-tcas  "414 1 661 597 531 381 0 608 333 0 0 1"
      ;;
    17)
      test-tcas  "476 1 174 727 65 8432 2 61 697 0 1 1"
      ;;
    18)
      test-tcas  "929 0 832 251 263 3038 1 300 818 0 1 0"
      ;;
    19)
      test-tcas  "229 1 221 726 942 8850 1 487 15 0 1 0"
      ;;
    20)
      test-tcas  "707 0 864 254 665 884 2 552 253 1 0 0"
      ;;
    21)
      test-tcas  "621 0 898 171 456 3642 1 945 950 0 1 0"
      ;;
    22)
      test-tcas  "413 0 19 886 160 6224 3 920 698 1 0 1"
      ;;
    23)
      test-tcas  "37 1 66 853 929 7996 3 749 137 0 1 0"
      ;;
    24)
      test-tcas  "434 1 342 987 875 6782 0 652 37 1 0 1"
      ;;
    25)
      test-tcas  "339 1 880 294 262 4955 0 718 268 0 0 1"
      ;;
    26)
      test-tcas  "492 0 282 13 828 8068 3 660 849 1 0 1"
      ;;
    27)
      test-tcas  "119 1 562 212 858 5946 3 888 559 1 1 1"
      ;;
    28)
      test-tcas  "158 1 535 508 553 7320 0 184 802 0 1 1"
      ;;
    29)
      test-tcas  "128 0 766 385 937 6215 0 87 413 1 0 1"
      ;;
    30)
      test-tcas  "890 0 916 527 150 1339 1 36 952 1 0 0"
      ;;
    31)
      test-tcas  "638 0 473 573 390 8757 3 402 762 1 1 1"
      ;;
    32)
      test-tcas  "477 1 338 797 28 3012 0 609 574 1 0 0"
      ;;
    33)
      test-tcas  "760 0 635 437 544 2767 0 836 871 0 0 0"
      ;;
    34)
      test-tcas  "36 1 224 668 861 3833 1 66 435 0 1 1"
      ;;
    35)
      test-tcas  "965 1 6 596 493 5178 0 690 596 1 1 1"
      ;;
    36)
      test-tcas  "941 0 927 144 509 2227 3 372 613 0 0 0"
      ;;
    37)
      test-tcas  "331 1 849 259 865 6344 1 479 379 1 0 1"
      ;;
    38)
      test-tcas  "329 0 979 531 918 9978 3 97 283 0 0 0"
      ;;
    39)
      test-tcas  "276 1 497 95 170 3418 2 410 471 1 1 0"
      ;;
    40)
      test-tcas  "60 1 244 507 262 1567 1 144 83 0 0 0"
      ;;
esac
