#!/bin/bash
set -euo pipefail
SCRIPT_DIR=$(cd "$(dirname "${BASH_SOURCE[0]}")" && pwd)
test-tcas () {
    diff -q <(${ANGELIX_RUN:-eval} ./tcas $1) <($SCRIPT_DIR/../golden/tcas $1) > /dev/null
}

case "$1" in
    1)
      test-tcas  "895 0 710 871 912 2416 0 671 516 1 0 1"
      ;;
    2)
      test-tcas  "592 1 308 990 72 3674 2 67 691 0 0 1"
      ;;
    3)
      test-tcas  "741 1 611 399 778 2433 0 498 241 1 1 1"
      ;;
    4)
      test-tcas  "665 1 327 384 472 4682 1 56 344 1 1 1"
      ;;
    5)
      test-tcas  "835 1 210 654 168 3356 3 207 165 0 0 0"
      ;;
    6)
      test-tcas  "841 1 376 317 494 8894 1 372 66 0 1 1"
      ;;
    7)
      test-tcas  "102 0 367 32 930 658 0 610 559 1 1 0"
      ;;
    8)
      test-tcas  "343 1 960 540 718 7 2 337 131 0 0 0"
      ;;
    9)
      test-tcas  "867 0 509 369 613 2388 1 12 489 1 1 0"
      ;;
    10)
      test-tcas  "726 0 827 309 353 9619 3 922 61 0 0 0"
      ;;
    11)
      test-tcas  "870 1 314 274 354 4542 3 619 947 1 0 0"
      ;;
    12)
      test-tcas  "305 1 221 399 775 8362 3 227 772 0 0 0"
      ;;
    13)
      test-tcas  "271 0 552 694 690 6387 2 669 122 0 0 1"
      ;;
    14)
      test-tcas  "299 1 244 232 644 404 1 987 499 0 1 1"
      ;;
    15)
      test-tcas  "915 0 805 771 430 5687 0 195 877 0 1 1"
      ;;
    16)
      test-tcas  "597 1 672 792 385 7525 2 649 130 1 0 0"
      ;;
    17)
      test-tcas  "381 0 26 299 1 6309 3 631 681 0 0 0"
      ;;
    18)
      test-tcas  "300 1 813 258 62 1483 1 848 870 1 0 1"
      ;;
    19)
      test-tcas  "609 0 153 333 921 3157 0 663 533 1 0 1"
      ;;
    20)
      test-tcas  "423 0 243 552 922 5882 3 325 376 1 1 0"
      ;;
    21)
      test-tcas  "112 1 248 773 289 1896 3 41 664 1 0 1"
      ;;
    22)
      test-tcas  "441 1 524 215 127 1252 1 597 772 1 0 0"
      ;;
    23)
      test-tcas  "62 0 866 972 461 3437 3 255 25 0 1 0"
      ;;
    24)
      test-tcas  "553 0 222 320 470 9544 2 949 192 0 1 1"
      ;;
    25)
      test-tcas  "776 0 631 668 308 5633 3 286 861 1 0 1"
      ;;
    26)
      test-tcas  "827 0 835 330 80 6768 0 545 755 1 0 1"
      ;;
    27)
      test-tcas  "376 0 223 821 693 7148 2 844 877 0 0 1"
      ;;
    28)
      test-tcas  "634 1 460 100 415 4967 0 718 124 1 1 1"
      ;;
    29)
      test-tcas  "653 0 244 147 101 971 0 792 789 0 0 0"
      ;;
    30)
      test-tcas  "16 0 291 458 51 7250 0 755 54 1 0 0"
      ;;
    31)
      test-tcas  "414 1 683 404 544 7519 3 676 282 1 0 1"
      ;;
    32)
      test-tcas  "886 1 286 38 59 2089 1 724 574 1 1 0"
      ;;
    33)
      test-tcas  "836 1 938 760 162 9806 3 559 646 1 0 1"
      ;;
    34)
      test-tcas  "231 0 602 304 991 5591 2 171 718 1 1 0"
      ;;
    35)
      test-tcas  "601 0 617 773 158 5625 3 579 630 1 1 1"
      ;;
    36)
      test-tcas  "697 0 620 952 751 2966 1 714 942 1 1 0"
      ;;
    37)
      test-tcas  "851 1 569 819 993 4214 3 926 281 1 1 0"
      ;;
    38)
      test-tcas  "220 1 674 121 882 2878 2 880 640 0 0 1"
      ;;
    39)
      test-tcas  "228 0 881 7 958 7366 3 165 799 0 1 1"
      ;;
    40)
      test-tcas  "613 1 799 92 43 922 0 710 410 1 1 0"
      ;;
esac
