#!/bin/bash
set -euo pipefail
SCRIPT_DIR=$(cd "$(dirname "${BASH_SOURCE[0]}")" && pwd)
test-tcas () {
    diff -q <(${ANGELIX_RUN:-eval} ./tcas $1) <($SCRIPT_DIR/../golden/tcas $1) > /dev/null
}

case "$1" in
    1)
      test-tcas  "409 0 327 661 716 5432 0 588 246 1 0 1"
      ;;
    2)
      test-tcas  "939 0 493 707 51 6850 1 666 380 1 1 1"
      ;;
    3)
      test-tcas  "196 0 841 58 217 3006 3 329 477 1 0 1"
      ;;
    4)
      test-tcas  "752 0 862 335 523 9109 2 453 89 0 1 1"
      ;;
    5)
      test-tcas  "565 1 366 989 966 7640 3 799 474 0 0 1"
      ;;
    6)
      test-tcas  "305 0 589 149 269 6354 2 630 275 1 0 0"
      ;;
    7)
      test-tcas  "502 0 409 611 924 2207 2 824 200 0 0 1"
      ;;
    8)
      test-tcas  "662 1 927 637 300 779 3 553 184 0 0 0"
      ;;
    9)
      test-tcas  "733 0 483 538 585 3498 1 37 606 1 0 0"
      ;;
    10)
      test-tcas  "762 0 690 837 134 7491 3 886 374 0 1 1"
      ;;
    11)
      test-tcas  "272 1 366 42 926 5009 2 900 200 0 0 0"
      ;;
    12)
      test-tcas  "772 0 172 818 106 1235 2 153 89 0 1 1"
      ;;
    13)
      test-tcas  "928 0 497 527 122 814 1 473 987 0 0 1"
      ;;
    14)
      test-tcas  "251 0 499 777 694 4662 2 314 688 1 1 0"
      ;;
    15)
      test-tcas  "740 1 397 772 837 9531 2 280 460 0 0 1"
      ;;
    16)
      test-tcas  "638 0 892 845 291 3381 1 317 432 1 1 1"
      ;;
    17)
      test-tcas  "494 1 224 636 156 9916 1 858 583 1 1 1"
      ;;
    18)
      test-tcas  "909 1 606 936 112 5597 2 850 205 0 1 1"
      ;;
    19)
      test-tcas  "770 1 832 200 449 2106 3 825 942 0 0 0"
      ;;
    20)
      test-tcas  "439 0 523 239 172 6589 2 753 960 1 0 1"
      ;;
    21)
      test-tcas  "202 1 970 558 748 1027 1 567 505 0 0 0"
      ;;
    22)
      test-tcas  "390 0 662 175 502 810 2 807 958 0 1 0"
      ;;
    23)
      test-tcas  "877 1 473 726 427 1003 2 869 667 0 1 1"
      ;;
    24)
      test-tcas  "172 1 91 930 60 6879 2 867 106 0 0 1"
      ;;
    25)
      test-tcas  "71 0 576 378 253 3080 0 97 522 1 1 1"
      ;;
    26)
      test-tcas  "801 0 985 885 3 3245 1 541 956 1 1 0"
      ;;
    27)
      test-tcas  "738 0 728 373 116 9090 1 755 538 1 1 1"
      ;;
    28)
      test-tcas  "201 1 843 551 260 4785 3 903 165 1 1 1"
      ;;
    29)
      test-tcas  "444 1 510 294 994 8984 3 520 70 1 1 0"
      ;;
    30)
      test-tcas  "756 0 86 829 593 3120 1 935 485 0 0 1"
      ;;
    31)
      test-tcas  "691 1 545 466 961 446 3 83 402 1 0 0"
      ;;
    32)
      test-tcas  "683 1 553 705 571 5921 3 666 586 1 0 1"
      ;;
    33)
      test-tcas  "788 1 512 154 304 2329 1 398 238 0 0 0"
      ;;
    34)
      test-tcas  "29 0 628 700 145 2968 0 233 267 0 0 1"
      ;;
    35)
      test-tcas  "726 0 639 919 41 5917 3 166 843 1 0 0"
      ;;
esac
