#!/bin/bash
set -euo pipefail
SCRIPT_DIR=$(cd "$(dirname "${BASH_SOURCE[0]}")" && pwd)
test-tcas () {
    diff -q <(${ANGELIX_RUN:-eval} ./tcas $1) <($SCRIPT_DIR/../golden/tcas $1) > /dev/null
}

case "$1" in
    1)
      test-tcas  "524 1 64 873 254 8895 3 612 782 1 1 1"
      ;;
    2)
      test-tcas  "988 1 858 454 842 8869 0 584 872 0 0 0"
      ;;
    3)
      test-tcas  "283 1 96 37 616 7555 1 702 287 1 1 1"
      ;;
    4)
      test-tcas  "320 1 941 786 136 356 1 703 316 0 1 0"
      ;;
    5)
      test-tcas  "814 1 817 927 251 754 3 555 552 0 1 0"
      ;;
    6)
      test-tcas  "357 1 251 788 377 2643 0 587 94 1 1 1"
      ;;
    7)
      test-tcas  "964 1 472 921 621 3791 1 854 385 0 0 0"
      ;;
    8)
      test-tcas  "767 1 117 925 551 2113 0 587 464 1 1 1"
      ;;
    9)
      test-tcas  "423 0 859 542 813 817 2 784 303 0 0 0"
      ;;
    10)
      test-tcas  "243 1 394 344 777 6344 3 40 439 1 0 1"
      ;;
    11)
      test-tcas  "119 0 939 956 996 4232 3 612 232 1 1 1"
      ;;
    12)
      test-tcas  "969 1 127 194 434 2790 1 454 787 0 1 1"
      ;;
    13)
      test-tcas  "659 1 139 816 201 2535 0 512 889 0 1 0"
      ;;
    14)
      test-tcas  "213 1 836 706 887 989 1 37 184 0 1 1"
      ;;
    15)
      test-tcas  "534 0 749 321 561 7380 1 892 361 0 0 0"
      ;;
    16)
      test-tcas  "897 0 951 25 63 282 2 962 139 0 1 1"
      ;;
    17)
      test-tcas  "86 0 87 644 340 3086 3 749 588 0 0 1"
      ;;
    18)
      test-tcas  "259 1 189 71 350 7539 2 989 537 0 0 1"
      ;;
    19)
      test-tcas  "447 1 357 104 379 4325 1 800 743 0 1 1"
      ;;
    20)
      test-tcas  "949 1 925 934 544 1879 2 358 909 0 1 0"
      ;;
    21)
      test-tcas  "948 0 355 717 795 249 3 401 731 0 0 0"
      ;;
    22)
      test-tcas  "176 1 847 563 829 5887 0 62 784 0 1 1"
      ;;
    23)
      test-tcas  "720 1 453 32 52 5788 2 528 298 0 0 0"
      ;;
    24)
      test-tcas  "760 0 428 766 27 5303 0 903 731 1 0 1"
      ;;
    25)
      test-tcas  "467 1 517 357 753 3366 3 324 462 0 0 0"
      ;;
    26)
      test-tcas  "186 0 27 774 588 1696 2 969 940 0 1 1"
      ;;
    27)
      test-tcas  "643 0 689 799 762 770 2 962 277 0 1 1"
      ;;
    28)
      test-tcas  "23 1 640 898 52 5097 0 401 453 1 0 1"
      ;;
    29)
      test-tcas  "521 1 196 713 509 3422 3 865 122 1 0 1"
      ;;
    30)
      test-tcas  "320 1 617 19 973 6092 1 613 402 1 1 0"
      ;;
    31)
      test-tcas  "863 0 594 491 580 1796 0 514 31 1 0 1"
      ;;
    32)
      test-tcas  "811 1 865 933 521 9369 3 323 851 1 1 1"
      ;;
    33)
      test-tcas  "203 0 140 792 958 7212 2 372 769 1 1 0"
      ;;
    34)
      test-tcas  "61 1 348 824 256 3204 2 65 108 1 0 0"
      ;;
    35)
      test-tcas  "942 1 179 613 511 1765 2 687 649 1 0 1"
      ;;
esac
