#!/bin/bash
set -euo pipefail
SCRIPT_DIR=$(cd "$(dirname "${BASH_SOURCE[0]}")" && pwd)
test-tcas () {
    diff -q <(${ANGELIX_RUN:-eval} ./tcas $1) <($SCRIPT_DIR/../golden/tcas $1) > /dev/null
}

case "$1" in
    1)
      test-tcas  "217 0 250 49 14 5316 2 781 491 1 1 0"
      ;;
    2)
      test-tcas  "594 0 14 964 390 4116 1 471 896 0 1 0"
      ;;
    3)
      test-tcas  "237 0 519 6 172 9100 3 169 270 0 1 1"
      ;;
    4)
      test-tcas  "734 0 385 104 161 9894 0 74 320 1 0 1"
      ;;
    5)
      test-tcas  "389 1 645 326 925 3675 0 257 279 1 1 1"
      ;;
    6)
      test-tcas  "65 1 731 621 780 1394 2 485 648 1 1 1"
      ;;
    7)
      test-tcas  "292 0 26 682 898 3669 3 884 108 0 0 0"
      ;;
    8)
      test-tcas  "22 0 669 479 296 3428 2 455 568 0 0 0"
      ;;
    9)
      test-tcas  "77 1 561 682 659 4271 3 403 21 0 1 1"
      ;;
    10)
      test-tcas  "538 1 824 723 627 8835 1 53 139 1 0 1"
      ;;
    11)
      test-tcas  "105 0 488 589 594 216 1 766 418 1 1 1"
      ;;
    12)
      test-tcas  "893 0 648 649 912 1686 3 725 122 1 0 0"
      ;;
    13)
      test-tcas  "93 1 11 874 985 5588 2 848 371 0 1 0"
      ;;
    14)
      test-tcas  "538 1 467 695 832 1363 0 188 326 0 0 1"
      ;;
    15)
      test-tcas  "364 0 137 463 385 5167 0 258 691 0 1 0"
      ;;
    16)
      test-tcas  "773 1 274 91 142 9489 2 538 587 1 0 1"
      ;;
    17)
      test-tcas  "218 1 390 840 658 565 2 148 272 1 1 0"
      ;;
    18)
      test-tcas  "360 0 94 508 866 4204 0 209 220 0 1 0"
      ;;
    19)
      test-tcas  "631 1 325 378 290 6897 2 801 683 1 0 1"
      ;;
    20)
      test-tcas  "442 1 938 230 926 8792 2 680 63 0 0 0"
      ;;
    21)
      test-tcas  "791 0 5 539 806 8229 3 979 250 0 0 0"
      ;;
    22)
      test-tcas  "366 1 653 602 146 4134 1 43 456 0 1 1"
      ;;
    23)
      test-tcas  "177 0 851 829 434 2538 1 323 87 1 0 1"
      ;;
    24)
      test-tcas  "266 1 201 777 888 6988 2 852 771 1 1 1"
      ;;
    25)
      test-tcas  "172 0 560 647 330 9436 0 297 838 0 1 0"
      ;;
    26)
      test-tcas  "521 0 178 15 793 8589 1 860 346 0 1 0"
      ;;
    27)
      test-tcas  "448 0 971 410 8 6391 1 449 78 1 1 0"
      ;;
    28)
      test-tcas  "425 1 588 45 345 560 0 546 925 0 0 1"
      ;;
    29)
      test-tcas  "583 0 81 596 802 1701 2 985 626 1 1 0"
      ;;
    30)
      test-tcas  "694 1 190 256 266 7620 1 568 957 1 0 1"
      ;;
    31)
      test-tcas  "662 0 606 589 481 4939 3 942 242 1 1 0"
      ;;
    32)
      test-tcas  "651 1 951 732 942 9092 3 522 371 0 0 1"
      ;;
    33)
      test-tcas  "830 0 771 463 370 8142 0 452 440 0 0 1"
      ;;
    34)
      test-tcas  "204 1 395 382 380 3698 1 650 674 1 0 1"
      ;;
    35)
      test-tcas  "28 1 236 89 571 3461 3 861 390 0 1 1"
      ;;
esac
