#!/bin/bash
set -euo pipefail
SCRIPT_DIR=$(cd "$(dirname "${BASH_SOURCE[0]}")" && pwd)
test-tcas () {
    diff -q <(${ANGELIX_RUN:-eval} ./tcas $1) <($SCRIPT_DIR/../golden/tcas $1) > /dev/null
}

case "$1" in
    1)
      test-tcas  "232 0 800 13 418 4197 1 118 381 0 0 1"
      ;;
    2)
      test-tcas  "201 1 459 891 115 7148 0 787 705 1 1 0"
      ;;
    3)
      test-tcas  "605 0 781 438 911 5836 0 96 258 0 0 0"
      ;;
    4)
      test-tcas  "412 1 213 917 322 3532 2 127 820 0 1 1"
      ;;
    5)
      test-tcas  "515 0 783 19 988 4787 3 837 103 1 0 1"
      ;;
    6)
      test-tcas  "85 0 181 411 45 2470 0 122 794 1 0 1"
      ;;
    7)
      test-tcas  "115 1 308 1 144 5034 2 484 142 0 0 1"
      ;;
    8)
      test-tcas  "752 1 903 941 757 4378 0 997 493 0 0 0"
      ;;
    9)
      test-tcas  "302 0 559 306 864 2441 2 89 783 1 0 0"
      ;;
    10)
      test-tcas  "570 1 211 78 25 4501 2 267 89 0 1 1"
      ;;
    11)
      test-tcas  "411 1 820 418 252 9275 3 160 858 1 1 0"
      ;;
    12)
      test-tcas  "88 0 646 308 924 149 2 280 471 1 1 0"
      ;;
    13)
      test-tcas  "179 0 140 500 328 8357 0 621 257 1 1 1"
      ;;
    14)
      test-tcas  "433 1 40 182 210 7534 3 652 53 1 1 1"
      ;;
    15)
      test-tcas  "74 0 855 87 964 9926 3 433 782 0 1 1"
      ;;
    16)
      test-tcas  "617 1 421 709 830 7554 3 450 456 0 0 1"
      ;;
    17)
      test-tcas  "325 1 721 987 677 6802 3 371 325 1 1 0"
      ;;
    18)
      test-tcas  "933 1 634 242 604 2358 3 245 758 0 0 0"
      ;;
    19)
      test-tcas  "244 1 690 268 733 5932 2 694 692 0 0 1"
      ;;
    20)
      test-tcas  "668 0 340 339 186 7023 3 408 297 1 1 0"
      ;;
    21)
      test-tcas  "680 1 603 441 290 6909 2 725 682 0 0 1"
      ;;
    22)
      test-tcas  "571 0 289 358 626 3187 2 274 228 1 0 0"
      ;;
    23)
      test-tcas  "699 0 333 209 530 550 3 563 241 1 1 1"
      ;;
    24)
      test-tcas  "820 1 19 777 135 3960 3 35 306 1 1 0"
      ;;
    25)
      test-tcas  "816 1 144 418 15 3111 0 444 801 0 0 0"
      ;;
    26)
      test-tcas  "435 0 387 481 886 1969 3 497 610 0 1 1"
      ;;
    27)
      test-tcas  "392 0 305 64 711 4233 1 476 129 0 0 1"
      ;;
    28)
      test-tcas  "352 1 583 526 943 4856 2 55 162 1 0 0"
      ;;
    29)
      test-tcas  "12 1 229 488 405 9205 3 770 279 1 1 1"
      ;;
    30)
      test-tcas  "632 1 533 106 664 5074 1 525 678 1 1 0"
      ;;
    31)
      test-tcas  "949 1 671 125 480 8625 1 185 493 0 1 1"
      ;;
    32)
      test-tcas  "518 0 829 738 148 3308 0 689 888 0 0 1"
      ;;
    33)
      test-tcas  "46 0 756 427 264 1048 1 207 132 1 0 0"
      ;;
    34)
      test-tcas  "292 0 606 899 599 7372 3 689 166 1 0 0"
      ;;
    35)
      test-tcas  "615 0 860 843 415 6708 1 692 988 1 0 0"
      ;;
esac
