#!/bin/bash
set -euo pipefail
SCRIPT_DIR=$(cd "$(dirname "${BASH_SOURCE[0]}")" && pwd)
test-tcas () {
    diff -q <(${ANGELIX_RUN:-eval} ./tcas $1) <($SCRIPT_DIR/../golden/tcas $1) > /dev/null
}

case "$1" in
    1)
      test-tcas  "199 0 112 256 377 8470 1 618 122 1 0 1"
      ;;
    2)
      test-tcas  "455 1 830 347 191 3352 2 16 994 0 0 0"
      ;;
    3)
      test-tcas  "92 0 406 388 835 4977 1 672 797 0 1 1"
      ;;
    4)
      test-tcas  "119 0 408 614 382 5440 2 909 349 0 0 1"
      ;;
    5)
      test-tcas  "557 0 409 771 877 4725 1 972 855 0 0 1"
      ;;
    6)
      test-tcas  "842 0 985 643 666 1772 0 593 904 0 0 1"
      ;;
    7)
      test-tcas  "555 1 12 467 328 7886 1 246 562 1 0 0"
      ;;
    8)
      test-tcas  "234 1 944 388 425 8824 0 69 83 1 0 0"
      ;;
    9)
      test-tcas  "908 0 808 857 717 9070 3 434 691 0 0 1"
      ;;
    10)
      test-tcas  "514 0 763 399 497 2489 3 956 477 1 0 1"
      ;;
    11)
      test-tcas  "409 1 325 553 327 7553 0 422 563 0 1 0"
      ;;
    12)
      test-tcas  "905 1 658 79 663 2923 1 625 470 0 1 0"
      ;;
    13)
      test-tcas  "999 1 753 525 681 50 0 458 930 1 1 0"
      ;;
    14)
      test-tcas  "364 1 833 250 991 3874 3 813 340 1 1 0"
      ;;
    15)
      test-tcas  "105 1 928 704 922 534 3 899 555 0 1 1"
      ;;
    16)
      test-tcas  "865 0 226 417 683 2224 3 464 850 1 1 1"
      ;;
    17)
      test-tcas  "492 1 652 573 821 4071 3 154 603 0 0 0"
      ;;
    18)
      test-tcas  "731 0 955 375 248 6003 1 817 523 0 0 1"
      ;;
    19)
      test-tcas  "253 1 608 509 403 4187 1 982 186 1 1 0"
      ;;
    20)
      test-tcas  "734 0 853 40 132 1599 1 8 108 1 0 1"
      ;;
    21)
      test-tcas  "766 1 436 881 409 5741 0 520 678 1 0 1"
      ;;
    22)
      test-tcas  "945 1 781 637 138 3421 2 681 960 1 1 1"
      ;;
    23)
      test-tcas  "746 1 758 180 87 7807 2 675 646 0 1 1"
      ;;
    24)
      test-tcas  "568 0 616 635 260 1749 1 387 300 0 1 1"
      ;;
    25)
      test-tcas  "734 1 183 675 27 3553 0 779 513 1 0 0"
      ;;
    26)
      test-tcas  "242 1 108 77 776 7014 1 772 619 0 0 1"
      ;;
    27)
      test-tcas  "633 0 602 371 39 6610 2 627 304 0 0 0"
      ;;
    28)
      test-tcas  "526 1 995 163 707 1251 2 823 660 0 1 1"
      ;;
    29)
      test-tcas  "151 0 306 271 284 5924 2 305 70 1 1 0"
      ;;
    30)
      test-tcas  "569 0 69 259 4 9975 2 674 760 0 1 0"
      ;;
    31)
      test-tcas  "245 0 723 212 160 3578 3 422 867 1 1 1"
      ;;
    32)
      test-tcas  "175 1 98 688 53 202 0 745 485 0 0 1"
      ;;
    33)
      test-tcas  "936 0 812 780 656 2587 2 653 376 0 1 0"
      ;;
    34)
      test-tcas  "760 0 768 958 378 2881 0 220 824 0 0 1"
      ;;
    35)
      test-tcas  "83 0 421 70 161 4146 2 716 528 1 1 0"
      ;;
esac
