#!/bin/bash
set -euo pipefail
SCRIPT_DIR=$(cd "$(dirname "${BASH_SOURCE[0]}")" && pwd)
test-tcas () {
    diff -q <(${ANGELIX_RUN:-eval} ./tcas $1) <($SCRIPT_DIR/../golden/tcas $1) > /dev/null
}

case "$1" in
    1)
      test-tcas  "929 0 558 693 255 9231 3 987 639 1 0 1"
      ;;
    2)
      test-tcas  "196 1 829 237 784 1376 0 877 237 1 0 0"
      ;;
    3)
      test-tcas  "955 0 695 702 811 7884 0 961 667 0 0 1"
      ;;
    4)
      test-tcas  "912 0 261 506 371 2970 3 797 579 1 1 1"
      ;;
    5)
      test-tcas  "918 0 938 184 358 4356 0 352 559 0 0 0"
      ;;
    6)
      test-tcas  "937 0 819 139 846 1567 3 524 454 1 0 0"
      ;;
    7)
      test-tcas  "12 1 617 448 170 9583 3 740 701 1 0 1"
      ;;
    8)
      test-tcas  "516 1 473 681 116 5593 0 42 698 1 0 1"
      ;;
    9)
      test-tcas  "969 1 706 667 369 2896 2 649 789 1 1 0"
      ;;
    10)
      test-tcas  "60 0 204 731 480 3328 1 45 366 1 0 0"
      ;;
    11)
      test-tcas  "184 1 576 119 90 7743 0 408 832 1 0 0"
      ;;
    12)
      test-tcas  "840 0 524 94 960 3277 3 450 777 0 0 0"
      ;;
    13)
      test-tcas  "636 1 1 536 508 6187 0 681 620 0 1 0"
      ;;
    14)
      test-tcas  "330 0 720 888 69 90 1 582 310 1 1 1"
      ;;
    15)
      test-tcas  "415 1 422 792 918 1371 0 249 250 1 1 1"
      ;;
    16)
      test-tcas  "187 1 953 942 313 6482 3 782 618 1 1 0"
      ;;
    17)
      test-tcas  "935 0 740 419 309 9610 3 928 534 1 0 0"
      ;;
    18)
      test-tcas  "36 0 616 102 16 4057 3 399 236 0 1 0"
      ;;
    19)
      test-tcas  "157 0 133 676 142 6312 1 702 351 1 0 1"
      ;;
    20)
      test-tcas  "524 0 565 306 284 8489 1 410 772 1 1 0"
      ;;
    21)
      test-tcas  "403 0 684 141 274 2394 1 442 279 1 0 1"
      ;;
    22)
      test-tcas  "340 1 132 518 194 6968 2 141 117 1 1 1"
      ;;
    23)
      test-tcas  "571 1 802 83 236 377 3 819 80 0 0 1"
      ;;
    24)
      test-tcas  "150 1 33 887 520 8361 2 824 407 1 1 1"
      ;;
    25)
      test-tcas  "836 0 726 63 301 1838 1 246 850 0 1 0"
      ;;
    26)
      test-tcas  "646 1 581 735 568 9005 2 967 644 1 0 1"
      ;;
    27)
      test-tcas  "156 0 600 520 55 402 1 985 931 0 1 0"
      ;;
    28)
      test-tcas  "156 1 827 233 968 9563 1 769 211 1 1 1"
      ;;
    29)
      test-tcas  "167 1 901 307 409 6946 0 742 884 1 1 0"
      ;;
    30)
      test-tcas  "519 0 519 856 461 879 0 63 707 1 0 0"
      ;;
    31)
      test-tcas  "273 0 212 414 259 6210 0 384 113 0 1 1"
      ;;
    32)
      test-tcas  "168 0 12 990 41 9254 3 511 819 0 0 1"
      ;;
    33)
      test-tcas  "23 0 620 356 239 6472 1 614 965 1 1 1"
      ;;
    34)
      test-tcas  "628 0 525 290 996 4076 2 40 161 0 0 1"
      ;;
    35)
      test-tcas  "89 0 240 961 269 6491 1 720 366 0 1 1"
      ;;
esac
