#!/bin/bash
set -euo pipefail
SCRIPT_DIR=$(cd "$(dirname "${BASH_SOURCE[0]}")" && pwd)
test-tcas () {
    diff -q <(${ANGELIX_RUN:-eval} ./tcas $1) <($SCRIPT_DIR/../golden/tcas $1) > /dev/null
}

case "$1" in
    1)
      test-tcas  "269 1 788 346 880 9079 1 273 507 0 0 1"
      ;;
    2)
      test-tcas  "876 1 370 284 865 195 1 915 598 1 0 1"
      ;;
    3)
      test-tcas  "768 1 505 51 33 988 2 901 777 1 1 1"
      ;;
    4)
      test-tcas  "536 0 342 371 168 8061 0 367 147 0 1 0"
      ;;
    5)
      test-tcas  "453 0 114 553 173 1361 0 906 289 1 0 1"
      ;;
    6)
      test-tcas  "113 1 690 148 498 8946 3 149 249 1 0 0"
      ;;
    7)
      test-tcas  "134 1 729 376 506 20 1 919 835 0 0 0"
      ;;
    8)
      test-tcas  "390 1 469 237 877 4535 2 705 106 1 0 0"
      ;;
    9)
      test-tcas  "674 1 364 166 169 8020 2 564 663 1 0 1"
      ;;
    10)
      test-tcas  "107 0 332 258 775 7877 1 171 81 1 0 1"
      ;;
    11)
      test-tcas  "968 1 521 507 498 2064 0 488 513 1 1 1"
      ;;
    12)
      test-tcas  "959 0 976 94 999 3064 0 605 121 1 0 1"
      ;;
    13)
      test-tcas  "252 1 650 614 299 9119 1 491 650 1 0 0"
      ;;
    14)
      test-tcas  "903 0 669 159 505 1011 1 881 23 1 0 0"
      ;;
    15)
      test-tcas  "508 1 695 471 768 6169 0 203 409 1 0 1"
      ;;
    16)
      test-tcas  "165 0 685 851 412 2546 1 318 722 0 1 1"
      ;;
    17)
      test-tcas  "989 0 193 212 976 2570 3 994 57 1 1 1"
      ;;
    18)
      test-tcas  "610 1 745 627 737 2529 1 344 967 0 0 1"
      ;;
    19)
      test-tcas  "154 1 638 809 57 4980 1 28 973 1 0 1"
      ;;
    20)
      test-tcas  "367 0 796 386 640 1201 0 756 79 1 0 0"
      ;;
    21)
      test-tcas  "526 1 84 376 511 7310 0 677 437 0 0 0"
      ;;
    22)
      test-tcas  "872 1 732 82 199 1482 0 379 656 0 1 0"
      ;;
    23)
      test-tcas  "263 0 181 650 272 668 3 704 550 1 1 0"
      ;;
    24)
      test-tcas  "718 0 879 768 992 3420 0 198 402 0 0 0"
      ;;
    25)
      test-tcas  "462 1 139 446 437 747 2 904 69 1 1 0"
      ;;
    26)
      test-tcas  "980 0 348 488 16 9516 3 251 470 1 0 0"
      ;;
    27)
      test-tcas  "471 1 303 163 817 2627 0 149 174 0 0 0"
      ;;
    28)
      test-tcas  "907 1 587 712 722 7116 1 858 978 1 1 0"
      ;;
    29)
      test-tcas  "750 0 329 629 713 5450 2 1 457 1 1 0"
      ;;
    30)
      test-tcas  "130 0 730 243 189 6601 0 987 596 1 0 0"
      ;;
    31)
      test-tcas  "35 0 163 864 558 1920 3 344 644 0 0 1"
      ;;
    32)
      test-tcas  "804 1 570 777 712 6575 2 814 360 0 1 1"
      ;;
    33)
      test-tcas  "860 1 289 550 338 107 3 704 849 0 0 0"
      ;;
    34)
      test-tcas  "319 1 265 559 347 9765 1 796 108 1 1 0"
      ;;
    35)
      test-tcas  "689 1 968 286 945 7490 3 205 365 0 1 1"
      ;;
esac
