#!/bin/bash
set -euo pipefail
SCRIPT_DIR=$(cd "$(dirname "${BASH_SOURCE[0]}")" && pwd)
test-tcas () {
    diff -q <(${ANGELIX_RUN:-eval} ./tcas $1) <($SCRIPT_DIR/../golden/tcas $1) > /dev/null
}

case "$1" in
    1)
      test-tcas  "95 0 911 851 879 6608 2 433 595 1 0 0"
      ;;
    2)
      test-tcas  "574 0 80 861 306 1679 3 828 457 1 1 1"
      ;;
    3)
      test-tcas  "112 1 347 979 270 1269 1 993 810 0 0 1"
      ;;
    4)
      test-tcas  "757 0 670 332 717 9723 2 238 748 1 1 1"
      ;;
    5)
      test-tcas  "802 1 55 218 76 8083 1 739 280 0 1 1"
      ;;
    6)
      test-tcas  "883 0 156 730 828 1712 1 212 111 0 0 0"
      ;;
    7)
      test-tcas  "858 1 956 378 224 1540 1 451 522 1 0 0"
      ;;
    8)
      test-tcas  "473 0 779 182 372 7927 3 878 251 0 0 0"
      ;;
    9)
      test-tcas  "855 0 454 802 329 6432 3 441 62 1 1 0"
      ;;
    10)
      test-tcas  "40 0 751 798 414 4739 2 917 700 1 0 0"
      ;;
    11)
      test-tcas  "207 1 195 143 816 9664 3 853 192 0 1 0"
      ;;
    12)
      test-tcas  "897 0 88 577 616 2479 2 989 898 1 0 0"
      ;;
    13)
      test-tcas  "401 0 36 356 608 9874 0 141 385 1 0 0"
      ;;
    14)
      test-tcas  "543 0 412 352 802 6548 3 91 120 1 1 1"
      ;;
    15)
      test-tcas  "427 1 68 366 186 3861 1 53 60 1 0 0"
      ;;
    16)
      test-tcas  "194 1 232 858 274 7055 1 829 568 0 1 0"
      ;;
    17)
      test-tcas  "612 1 821 125 81 1360 2 732 642 1 0 1"
      ;;
    18)
      test-tcas  "265 0 428 270 560 4735 0 798 185 1 1 1"
      ;;
    19)
      test-tcas  "267 0 37 29 105 2188 1 752 79 0 0 1"
      ;;
    20)
      test-tcas  "863 1 947 804 519 3444 0 550 989 1 0 0"
      ;;
    21)
      test-tcas  "847 1 605 904 883 2271 1 195 271 0 1 1"
      ;;
    22)
      test-tcas  "596 1 958 205 995 1986 2 859 12 0 0 0"
      ;;
    23)
      test-tcas  "551 0 552 33 489 7590 0 96 75 1 0 0"
      ;;
    24)
      test-tcas  "257 1 960 236 457 551 1 253 116 0 1 1"
      ;;
    25)
      test-tcas  "548 1 203 928 251 7563 0 859 839 1 0 0"
      ;;
    26)
      test-tcas  "199 0 580 482 293 9550 1 17 278 0 1 1"
      ;;
    27)
      test-tcas  "258 0 874 823 27 1887 1 468 632 1 0 0"
      ;;
    28)
      test-tcas  "450 0 73 80 710 1094 2 141 134 1 0 1"
      ;;
    29)
      test-tcas  "380 0 736 95 517 7361 0 606 616 1 1 0"
      ;;
    30)
      test-tcas  "879 0 761 201 408 5917 1 934 838 0 0 0"
      ;;
    31)
      test-tcas  "592 0 703 84 418 3720 2 993 230 1 0 0"
      ;;
    32)
      test-tcas  "980 0 904 382 477 1001 1 243 568 0 1 0"
      ;;
    33)
      test-tcas  "109 0 476 19 473 9996 3 553 137 1 1 1"
      ;;
    34)
      test-tcas  "67 1 761 43 183 5679 1 528 202 1 1 0"
      ;;
    35)
      test-tcas  "540 1 110 26 733 5434 3 250 105 1 0 0"
      ;;
esac
