#!/bin/bash
set -euo pipefail
SCRIPT_DIR=$(cd "$(dirname "${BASH_SOURCE[0]}")" && pwd)
test-tcas () {
    diff -q <(${ANGELIX_RUN:-eval} ./tcas $1) <($SCRIPT_DIR/../golden/tcas $1) > /dev/null
}

case "$1" in
    1)
      test-tcas  "972 0 967 676 890 1151 3 966 831 1 1 1"
      ;;
    2)
      test-tcas  "227 1 139 700 498 6989 2 642 554 1 1 1"
      ;;
    3)
      test-tcas  "648 0 21 839 483 5469 0 676 236 1 1 1"
      ;;
    4)
      test-tcas  "880 1 955 221 21 9489 1 902 250 1 0 1"
      ;;
    5)
      test-tcas  "884 0 990 752 846 708 0 651 345 0 0 1"
      ;;
    6)
      test-tcas  "987 1 249 455 879 9097 2 53 355 0 0 1"
      ;;
    7)
      test-tcas  "939 0 710 484 268 8507 0 4 791 0 1 1"
      ;;
    8)
      test-tcas  "175 0 723 4 553 8733 2 252 895 0 0 0"
      ;;
    9)
      test-tcas  "66 0 133 668 339 7879 1 384 471 0 0 0"
      ;;
    10)
      test-tcas  "725 0 7 358 621 522 0 189 535 1 1 1"
      ;;
    11)
      test-tcas  "717 1 640 81 729 7356 3 903 780 1 1 0"
      ;;
    12)
      test-tcas  "955 0 849 513 855 606 3 223 769 0 1 1"
      ;;
    13)
      test-tcas  "61 1 468 650 121 6535 3 680 883 0 1 0"
      ;;
    14)
      test-tcas  "598 0 414 250 311 1842 1 61 191 0 0 0"
      ;;
    15)
      test-tcas  "732 1 829 442 584 4665 2 926 686 0 1 1"
      ;;
    16)
      test-tcas  "222 0 442 793 861 3286 2 65 655 0 0 1"
      ;;
    17)
      test-tcas  "984 0 593 471 922 6363 2 801 444 0 1 0"
      ;;
    18)
      test-tcas  "968 1 229 786 820 7817 1 504 361 1 1 1"
      ;;
    19)
      test-tcas  "659 1 629 395 799 7104 3 458 152 0 0 0"
      ;;
    20)
      test-tcas  "169 0 679 793 578 1756 2 330 160 1 1 0"
      ;;
    21)
      test-tcas  "652 0 179 426 690 3578 1 4 147 1 1 1"
      ;;
    22)
      test-tcas  "632 1 883 758 427 2879 3 298 622 0 1 0"
      ;;
    23)
      test-tcas  "768 1 837 28 925 6557 3 300 589 0 1 0"
      ;;
    24)
      test-tcas  "627 1 981 146 982 5654 3 506 660 1 0 0"
      ;;
    25)
      test-tcas  "167 1 31 226 404 6359 2 825 742 1 0 1"
      ;;
    26)
      test-tcas  "875 0 270 691 872 5096 2 687 751 0 0 1"
      ;;
    27)
      test-tcas  "786 0 70 600 749 3555 0 30 209 1 1 0"
      ;;
    28)
      test-tcas  "86 0 798 971 617 3098 0 809 54 0 1 1"
      ;;
    29)
      test-tcas  "434 0 147 295 944 16 2 898 562 0 1 1"
      ;;
    30)
      test-tcas  "828 0 919 235 859 3605 1 824 955 0 1 1"
      ;;
    31)
      test-tcas  "450 1 886 606 767 7927 0 652 9 0 1 1"
      ;;
    32)
      test-tcas  "780 1 538 216 370 5494 1 638 846 0 0 1"
      ;;
    33)
      test-tcas  "121 1 282 981 534 6882 3 809 36 1 1 1"
      ;;
    34)
      test-tcas  "656 1 41 834 495 4538 1 613 169 1 0 1"
      ;;
    35)
      test-tcas  "249 1 165 503 971 1678 2 32 188 1 0 0"
      ;;
esac
