#!/bin/bash
set -euo pipefail
SCRIPT_DIR=$(cd "$(dirname "${BASH_SOURCE[0]}")" && pwd)
test-tcas () {
    diff -q <(${ANGELIX_RUN:-eval} ./tcas $1) <($SCRIPT_DIR/../golden/tcas $1) > /dev/null
}

case "$1" in
    1)
      test-tcas  "63 0 643 916 353 8962 2 809 831 1 0 1"
      ;;
    2)
      test-tcas  "629 0 544 70 634 6539 2 603 214 1 0 1"
      ;;
    3)
      test-tcas  "145 1 834 670 257 2045 3 844 752 0 0 1"
      ;;
    4)
      test-tcas  "940 0 996 809 433 7571 0 652 431 1 1 0"
      ;;
    5)
      test-tcas  "828 0 566 980 282 2310 3 775 313 1 0 1"
      ;;
    6)
      test-tcas  "689 0 453 386 122 5669 1 867 299 1 1 0"
      ;;
    7)
      test-tcas  "821 0 630 21 486 464 3 224 674 0 0 0"
      ;;
    8)
      test-tcas  "269 0 738 546 721 5180 3 786 303 1 0 1"
      ;;
    9)
      test-tcas  "607 0 423 527 617 4238 1 936 453 1 0 1"
      ;;
    10)
      test-tcas  "21 1 250 631 348 4863 3 788 365 0 0 1"
      ;;
    11)
      test-tcas  "228 1 743 819 68 8510 1 287 225 0 0 0"
      ;;
    12)
      test-tcas  "601 1 549 590 765 3819 1 560 838 0 0 0"
      ;;
    13)
      test-tcas  "972 0 884 667 468 6802 3 539 181 1 0 0"
      ;;
    14)
      test-tcas  "872 1 316 481 614 2372 0 887 168 0 1 0"
      ;;
    15)
      test-tcas  "510 0 496 108 316 9417 0 822 265 1 1 1"
      ;;
    16)
      test-tcas  "495 1 817 177 386 9406 2 367 144 0 1 1"
      ;;
    17)
      test-tcas  "304 0 980 537 376 5991 3 38 351 1 0 0"
      ;;
    18)
      test-tcas  "653 0 221 245 451 206 0 880 941 0 0 0"
      ;;
    19)
      test-tcas  "323 0 406 671 726 2746 1 163 246 1 1 0"
      ;;
    20)
      test-tcas  "608 0 423 202 699 1304 1 898 365 0 0 0"
      ;;
    21)
      test-tcas  "407 0 190 218 688 7192 1 660 610 1 1 1"
      ;;
    22)
      test-tcas  "995 0 217 624 596 1366 0 994 10 0 1 1"
      ;;
    23)
      test-tcas  "809 0 51 354 33 5578 1 968 69 0 0 0"
      ;;
    24)
      test-tcas  "66 1 950 821 719 9648 3 116 235 0 1 0"
      ;;
    25)
      test-tcas  "734 0 960 337 173 851 2 281 113 1 1 1"
      ;;
    26)
      test-tcas  "300 1 37 40 86 6024 1 482 160 0 0 0"
      ;;
    27)
      test-tcas  "945 0 115 847 259 1397 0 84 552 0 0 1"
      ;;
    28)
      test-tcas  "68 1 938 402 820 9133 3 186 118 1 1 1"
      ;;
    29)
      test-tcas  "721 1 148 899 372 3339 1 153 617 0 1 1"
      ;;
    30)
      test-tcas  "283 0 490 63 974 1653 0 841 228 0 1 1"
      ;;
    31)
      test-tcas  "748 0 104 417 245 1674 1 998 6 0 1 0"
      ;;
    32)
      test-tcas  "230 1 696 288 568 4232 2 868 44 0 1 0"
      ;;
    33)
      test-tcas  "741 1 891 805 191 8001 1 948 422 0 0 1"
      ;;
    34)
      test-tcas  "992 1 357 411 145 2096 3 251 446 0 1 0"
      ;;
    35)
      test-tcas  "848 0 242 107 176 5143 3 359 434 1 0 0"
      ;;
    36)
      test-tcas  "172 0 161 909 411 865 1 863 222 0 1 0"
      ;;
    37)
      test-tcas  "169 0 398 596 228 1407 2 642 692 1 1 1"
      ;;
    38)
      test-tcas  "831 1 93 30 756 585 3 702 10 1 0 0"
      ;;
    39)
      test-tcas  "917 1 39 883 592 9776 1 94 834 0 0 1"
      ;;
    40)
      test-tcas  "838 0 309 716 733 9519 1 612 549 0 0 1"
      ;;
    41)
      test-tcas  "59 0 176 885 345 9798 1 731 623 0 1 0"
      ;;
    42)
      test-tcas  "55 0 820 763 782 1703 2 348 402 0 0 1"
      ;;
    43)
      test-tcas  "472 0 39 242 383 2447 0 599 123 1 1 0"
      ;;
    44)
      test-tcas  "52 0 619 451 775 4804 0 60 608 0 0 1"
      ;;
    45)
      test-tcas  "937 0 169 16 969 726 0 275 989 0 0 1"
      ;;
    46)
      test-tcas  "268 0 130 96 181 7293 2 550 932 1 1 1"
      ;;
    47)
      test-tcas  "530 1 240 780 283 1295 0 515 164 0 1 1"
      ;;
    48)
      test-tcas  "823 0 81 247 913 6462 0 873 648 0 0 0"
      ;;
esac
