#!/bin/bash
set -euo pipefail
SCRIPT_DIR=$(cd "$(dirname "${BASH_SOURCE[0]}")" && pwd)
test-tcas () {
    diff -q <(${ANGELIX_RUN:-eval} ./tcas $1) <($SCRIPT_DIR/../golden/tcas $1) > /dev/null
}

case "$1" in
    1)
      test-tcas  "920 0 544 494 596 5155 3 173 779 1 0 1"
      ;;
    2)
      test-tcas  "256 0 246 585 685 9932 2 827 324 1 0 0"
      ;;
    3)
      test-tcas  "874 0 215 914 658 3429 0 988 713 1 0 1"
      ;;
    4)
      test-tcas  "706 0 129 743 970 874 1 634 368 0 1 0"
      ;;
    5)
      test-tcas  "161 0 624 217 501 743 0 390 701 1 0 1"
      ;;
    6)
      test-tcas  "973 0 528 779 880 2437 2 394 377 0 0 0"
      ;;
    7)
      test-tcas  "916 1 904 737 791 5444 3 364 574 0 1 1"
      ;;
    8)
      test-tcas  "209 1 47 614 133 5166 2 45 527 0 0 0"
      ;;
    9)
      test-tcas  "675 0 170 316 211 7337 2 390 969 1 0 0"
      ;;
    10)
      test-tcas  "19 0 753 919 450 8127 3 384 423 0 0 0"
      ;;
    11)
      test-tcas  "40 1 308 967 587 607 3 277 824 1 1 1"
      ;;
    12)
      test-tcas  "48 1 743 589 832 308 2 222 476 0 0 1"
      ;;
    13)
      test-tcas  "427 0 467 565 130 3099 1 879 54 1 0 1"
      ;;
    14)
      test-tcas  "903 0 0 560 363 7481 2 439 81 0 1 0"
      ;;
    15)
      test-tcas  "948 0 0 239 190 803 1 789 206 1 0 0"
      ;;
    16)
      test-tcas  "563 0 415 777 87 4651 2 134 510 0 0 1"
      ;;
    17)
      test-tcas  "713 1 831 438 209 8914 3 312 139 1 1 1"
      ;;
    18)
      test-tcas  "715 1 48 402 759 6699 0 334 693 1 1 1"
      ;;
    19)
      test-tcas  "99 0 468 859 774 3343 0 318 7 0 1 0"
      ;;
    20)
      test-tcas  "653 1 25 575 503 2350 2 929 304 1 0 1"
      ;;
    21)
      test-tcas  "779 0 161 685 956 9033 0 772 109 1 1 0"
      ;;
    22)
      test-tcas  "693 0 632 307 674 9059 2 827 814 0 1 1"
      ;;
    23)
      test-tcas  "552 0 919 841 332 3962 2 38 387 0 0 1"
      ;;
    24)
      test-tcas  "244 1 498 329 470 8965 1 483 438 1 0 1"
      ;;
    25)
      test-tcas  "265 0 372 204 383 189 2 265 605 1 0 1"
      ;;
    26)
      test-tcas  "971 0 953 970 83 8498 2 285 140 1 0 0"
      ;;
    27)
      test-tcas  "378 0 716 981 159 5810 2 439 534 1 0 1"
      ;;
    28)
      test-tcas  "704 1 920 394 429 6779 0 483 108 1 0 0"
      ;;
    29)
      test-tcas  "954 1 206 691 400 4200 3 921 642 1 0 0"
      ;;
    30)
      test-tcas  "26 0 949 754 763 422 1 601 382 0 1 0"
      ;;
    31)
      test-tcas  "131 1 942 462 523 9404 0 546 127 0 1 0"
      ;;
    32)
      test-tcas  "690 1 246 113 702 4847 0 552 532 1 1 1"
      ;;
    33)
      test-tcas  "347 1 921 581 142 9037 3 607 297 0 0 0"
      ;;
    34)
      test-tcas  "307 1 808 180 470 4742 0 890 576 0 0 1"
      ;;
    35)
      test-tcas  "893 0 588 501 37 8572 1 301 619 1 0 1"
      ;;
    36)
      test-tcas  "943 0 6 203 390 8768 2 898 540 0 1 1"
      ;;
    37)
      test-tcas  "550 1 362 765 749 3374 0 452 962 1 0 0"
      ;;
    38)
      test-tcas  "570 1 243 585 929 6137 1 476 337 0 0 0"
      ;;
    39)
      test-tcas  "384 1 876 521 209 7356 0 602 834 1 0 1"
      ;;
    40)
      test-tcas  "522 1 518 50 834 5184 1 5 871 1 0 1"
      ;;
    41)
      test-tcas  "977 1 906 606 76 9613 1 775 662 1 0 1"
      ;;
    42)
      test-tcas  "385 1 21 433 147 6538 0 662 556 1 1 1"
      ;;
    43)
      test-tcas  "634 1 211 371 695 2910 0 504 386 0 0 1"
      ;;
    44)
      test-tcas  "980 1 106 417 152 6013 2 859 643 0 0 0"
      ;;
    45)
      test-tcas  "373 0 790 725 852 389 0 933 944 1 0 1"
      ;;
    46)
      test-tcas  "356 0 242 791 538 4849 2 784 37 0 1 1"
      ;;
    47)
      test-tcas  "724 0 255 68 734 9361 3 79 407 1 1 0"
      ;;
    48)
      test-tcas  "981 0 818 58 329 7397 3 210 527 1 1 0"
      ;;
esac
