#!/bin/bash
set -euo pipefail
SCRIPT_DIR=$(cd "$(dirname "${BASH_SOURCE[0]}")" && pwd)
test-tcas () {
    diff -q <(${ANGELIX_RUN:-eval} ./tcas $1) <($SCRIPT_DIR/../golden/tcas $1) > /dev/null
}

case "$1" in
    1)
      test-tcas  "2288 1 1 4560 -1936 6224 0 -104 -7952 0 2 1"
      ;;
    2)
      test-tcas  "2288 1 1 4560 -1936 6224 1 -104 -7952 0 2 1"
      ;;
    3)
      test-tcas  "2288 1 1 4560 -1936 6224 3 -104 -7952 0 2 1"
      ;;
    4)
      test-tcas  "2288 1 1 -1331 -10000 -1331 3 -6872 -7268 0 2 1"
      ;;
    5)
      test-tcas  "2288 1 1 4560 -1936 6224 2 -104 -7952 0 2 1"
      ;;
    6)
      test-tcas  "2288 1 1 -1591 -10000 -1591 1 -6872 -7780 0 2 1"
      ;;
    7)
      test-tcas  "2288 1 1 -1331 -10000 -1331 2 -6872 -7268 0 2 1"
      ;;
    8)
      test-tcas  "2288 1 1 -1591 -10000 -1591 0 -6872 -7780 0 2 1"
      ;;
    9)
      test-tcas  "2288 1 1 5392 -1936 5392 0 -104 -7952 0 2 1"
      ;;
    10)
      test-tcas  "2288 1 1 5392 -1936 5392 1 -104 -7952 0 2 1"
      ;;
    11)
      test-tcas  "2288 1 1 5392 -1936 5392 3 -104 -7952 0 2 1"
      ;;
    12)
      test-tcas  "2288 1 1 -1331 -10000 -1331 3 -7268 -7268 0 2 1"
      ;;
    13)
      test-tcas  "2288 1 1 5392 -1936 5392 2 -104 -7952 0 2 1"
      ;;
    14)
      test-tcas  "2288 1 1 -1591 -10000 -1591 1 -7780 -7780 0 2 1"
      ;;
    15)
      test-tcas  "2288 1 1 -1331 -10000 -1331 2 -7268 -7268 0 2 1"
      ;;
    16)
      test-tcas  "2288 1 1 -1591 -10000 -1591 0 -7780 -7780 0 2 1"
      ;;
    17)
      test-tcas  "2832 1 1 -8975 288 -8976 0 6332 -10000 0 2 1"
      ;;
    18)
      test-tcas  "2832 1 1 -8976 288 -8975 0 -10000 -10000 0 2 1"
      ;;
    19)
      test-tcas  "2832 1 1 -8975 288 -8976 1 6332 -10000 0 2 1"
      ;;
    20)
      test-tcas  "2832 1 1 -8976 288 -8975 1 -10000 -10000 0 2 1"
      ;;
    21)
      test-tcas  "2832 1 1 -8975 288 -8976 3 6332 -10000 0 2 1"
      ;;
    22)
      test-tcas  "2832 1 1 -8976 288 -8975 3 -10000 -10000 0 2 1"
      ;;
    23)
      test-tcas  "3696 1 1 6256 528 6256 3 -8292 -64 0 2 1"
      ;;
    24)
      test-tcas  "8304 1 1 2160 16 2161 3 -100 -9128 0 2 1"
      ;;
    25)
      test-tcas  "2288 1 1 2288 80 2288 3 6380 6368 0 2 1"
      ;;
    26)
      test-tcas  "912 1 1 6332 336 6332 3 -2 -552 0 2 0"
      ;;
    27)
      test-tcas  "3184 1 1 6257 336 -1824 3 -48 24 0 2 1"
      ;;
    28)
      test-tcas  "6160 1 1 2288 -10000 -1872 3 -9216 -8128 0 2 0"
      ;;
    29)
      test-tcas  "8304 1 1 2160 16 2160 3 -100 -9128 0 2 1"
      ;;
    30)
      test-tcas  "912 1 1 6332 336 6332 3 -552 -552 0 2 0"
      ;;
    31)
      test-tcas  "3184 1 1 -1824 336 6257 3 24 24 0 2 1"
      ;;
    32)
      test-tcas  "6160 1 1 208 -10000 208 3 -9216 -8128 0 2 0"
      ;;
    33)
      test-tcas  "2832 1 1 -8975 288 -8976 2 6332 -10000 0 2 1"
      ;;
    34)
      test-tcas  "2832 1 1 -8976 288 -8975 2 -10000 -10000 0 2 1"
      ;;
    35)
      test-tcas  "3696 1 1 6256 528 6256 1 -8292 -64 0 2 1"
      ;;
    36)
      test-tcas  "8304 1 1 2160 16 2161 1 -100 -9128 0 2 1"
      ;;
    37)
      test-tcas  "2288 1 1 -1312 -1936 -1312 1 6270 6368 0 2 1"
      ;;
    38)
      test-tcas  "912 1 1 6332 336 6332 1 -2 -552 0 2 0"
      ;;
    39)
      test-tcas  "6320 1 1 -8591 -8112 -8672 1 8092 408 0 2 1"
      ;;
    40)
      test-tcas  "3184 1 1 6256 80 -912 1 -9216 -8128 0 2 0"
      ;;
    41)
      test-tcas  "8304 1 1 2160 16 2160 1 -100 -9128 0 2 1"
      ;;
    42)
      test-tcas  "912 1 1 6332 336 6332 1 -552 -552 0 2 0"
      ;;
    43)
      test-tcas  "6320 1 1 -8672 -8112 -8591 1 408 408 0 2 1"
      ;;
    44)
      test-tcas  "3184 1 1 2672 80 2672 1 -9216 -8128 0 2 0"
      ;;
    45)
      test-tcas  "3696 1 1 6256 528 6256 2 -8292 -64 0 2 1"
      ;;
    46)
      test-tcas  "8304 1 1 2160 16 2161 2 -100 -9128 0 2 1"
      ;;
    47)
      test-tcas  "605 1 1 -2498 112 -2498 2 2268 2256 0 2 1"
      ;;
    48)
      test-tcas  "912 1 1 6332 336 6332 2 -2 -552 0 2 0"
      ;;
    49)
      test-tcas  "3184 1 1 6257 336 -1824 2 -48 24 0 2 1"
      ;;
    50)
      test-tcas  "7280 1 1 -10000 528 208 2 -8192 0 0 2 0"
      ;;
    51)
      test-tcas  "8304 1 1 2160 16 2160 2 -100 -9128 0 2 1"
      ;;
    52)
      test-tcas  "912 1 1 6332 336 6332 2 -552 -552 0 2 0"
      ;;
    53)
      test-tcas  "3184 1 1 -1824 336 6257 2 24 24 0 2 1"
      ;;
    54)
      test-tcas  "7280 1 1 -4896 528 -4896 2 -8192 0 0 2 0"
      ;;
    55)
      test-tcas  "3696 1 1 6256 528 6256 0 -8292 -64 0 2 1"
      ;;
    56)
      test-tcas  "8304 1 1 2160 16 2161 0 -100 -9128 0 2 1"
      ;;
    57)
      test-tcas  "6256 1 1 2311 112 2311 0 6368 6352 0 2 1"
      ;;
    58)
      test-tcas  "912 1 1 6332 336 6332 0 -2 -552 0 2 0"
      ;;
    59)
      test-tcas  "6320 1 1 -8463 -5104 -8576 0 8092 396 0 2 1"
      ;;
    60)
      test-tcas  "6368 1 1 -10000 80 6320 0 -8192 0 0 2 0"
      ;;
    61)
      test-tcas  "8304 1 1 2160 16 2160 0 -100 -9128 0 2 1"
      ;;
    62)
      test-tcas  "912 1 1 6332 336 6332 0 -552 -552 0 2 0"
      ;;
    63)
      test-tcas  "6320 1 1 -8576 -5104 -8463 0 396 396 0 2 1"
      ;;
    64)
      test-tcas  "6368 1 1 -1840 80 -1840 0 -8192 0 0 2 0"
      ;;
esac
